x1,x2,x3,x4,x5,x6,x7,x8,x9,x10,x11,x12,x13,x14,x15,x16,x17,x18,x19,x20,slug,ex1,ex1Link,ex2,ex2Link,ex3,ex3Link
1,2,3,4,5,6,7,8,9,10,11,12,13,14,15,16,17,18,19,20,table-of-1,2,/table-of-2,3,/table-of-3,4,/table-of-4
2,4,6,8,10,12,14,16,18,20,22,24,26,28,30,32,34,36,38,40,table-of-2,3,/table-of-3,4,/table-of-4,5,/table-of-5
3,6,9,12,15,18,21,24,27,30,33,36,39,42,45,48,51,54,57,60,table-of-3,2,/table-of-2,4,/table-of-4,5,/table-of-5
4,8,12,16,20,24,28,32,36,40,44,48,52,56,60,64,68,72,76,80,table-of-4,3,/table-of-3,2,/table-of-2,1,/table-of-1
5,10,15,20,25,30,35,40,45,50,55,60,65,70,75,80,85,90,95,100,table-of-5,4,/table-of-4,3,/table-of-3,2,/table-of-2
6,12,18,24,30,36,42,48,54,60,66,72,78,84,90,96,102,108,114,120,table-of-6,5,/table-of-5,4,/table-of-4,3,/table-of-3
7,14,21,28,35,42,49,56,63,70,77,84,91,98,105,112,119,126,133,140,table-of-7,6,/table-of-6,5,/table-of-5,4,/table-of-4
8,16,24,32,40,48,56,64,72,80,88,96,104,112,120,128,136,144,152,160,table-of-8,7,/table-of-7,6,/table-of-6,5,/table-of-5
9,18,27,36,45,54,63,72,81,90,99,108,117,126,135,144,153,162,171,180,table-of-9,8,/table-of-8,7,/table-of-7,6,/table-of-6
10,20,30,40,50,60,70,80,90,100,110,120,130,140,150,160,170,180,190,200,table-of-10,9,/table-of-9,8,/table-of-8,7,/table-of-7
11,22,33,44,55,66,77,88,99,110,121,132,143,154,165,176,187,198,209,220,table-of-11,10,/table-of-10,9,/table-of-9,8,/table-of-8
12,24,36,48,60,72,84,96,108,120,132,144,156,168,180,192,204,216,228,240,table-of-12,11,/table-of-11,10,/table-of-10,9,/table-of-9
13,26,39,52,65,78,91,104,117,130,143,156,169,182,195,208,221,234,247,260,table-of-13,12,/table-of-12,11,/table-of-11,10,/table-of-10
14,28,42,56,70,84,98,112,126,140,154,168,182,196,210,224,238,252,266,280,table-of-14,13,/table-of-13,12,/table-of-12,11,/table-of-11
15,30,45,60,75,90,105,120,135,150,165,180,195,210,225,240,255,270,285,300,table-of-15,14,/table-of-14,13,/table-of-13,12,/table-of-12
16,32,48,64,80,96,112,128,144,160,176,192,208,224,240,256,272,288,304,320,table-of-16,15,/table-of-15,14,/table-of-14,13,/table-of-13
17,34,51,68,85,102,119,136,153,170,187,204,221,238,255,272,289,306,323,340,table-of-17,16,/table-of-16,15,/table-of-15,14,/table-of-14
18,36,54,72,90,108,126,144,162,180,198,216,234,252,270,288,306,324,342,360,table-of-18,17,/table-of-17,16,/table-of-16,15,/table-of-15
19,38,57,76,95,114,133,152,171,190,209,228,247,266,285,304,323,342,361,380,table-of-19,18,/table-of-18,17,/table-of-17,16,/table-of-16
20,40,60,80,100,120,140,160,180,200,220,240,260,280,300,320,340,360,380,400,table-of-20,19,/table-of-19,18,/table-of-18,17,/table-of-17
21,42,63,84,105,126,147,168,189,210,231,252,273,294,315,336,357,378,399,420,table-of-21,20,/table-of-20,19,/table-of-19,18,/table-of-18
22,44,66,88,110,132,154,176,198,220,242,264,286,308,330,352,374,396,418,440,table-of-22,21,/table-of-21,20,/table-of-20,19,/table-of-19
23,46,69,92,115,138,161,184,207,230,253,276,299,322,345,368,391,414,437,460,table-of-23,22,/table-of-22,21,/table-of-21,20,/table-of-20
24,48,72,96,120,144,168,192,216,240,264,288,312,336,360,384,408,432,456,480,table-of-24,23,/table-of-23,22,/table-of-22,21,/table-of-21
25,50,75,100,125,150,175,200,225,250,275,300,325,350,375,400,425,450,475,500,table-of-25,24,/table-of-24,23,/table-of-23,22,/table-of-22
26,52,78,104,130,156,182,208,234,260,286,312,338,364,390,416,442,468,494,520,table-of-26,25,/table-of-25,24,/table-of-24,23,/table-of-23
27,54,81,108,135,162,189,216,243,270,297,324,351,378,405,432,459,486,513,540,table-of-27,26,/table-of-26,25,/table-of-25,24,/table-of-24
28,56,84,112,140,168,196,224,252,280,308,336,364,392,420,448,476,504,532,560,table-of-28,27,/table-of-27,26,/table-of-26,25,/table-of-25
29,58,87,116,145,174,203,232,261,290,319,348,377,406,435,464,493,522,551,580,table-of-29,28,/table-of-28,27,/table-of-27,26,/table-of-26
30,60,90,120,150,180,210,240,270,300,330,360,390,420,450,480,510,540,570,600,table-of-30,29,/table-of-29,28,/table-of-28,27,/table-of-27
31,62,93,124,155,186,217,248,279,310,341,372,403,434,465,496,527,558,589,620,table-of-31,30,/table-of-30,29,/table-of-29,28,/table-of-28
32,64,96,128,160,192,224,256,288,320,352,384,416,448,480,512,544,576,608,640,table-of-32,31,/table-of-31,30,/table-of-30,29,/table-of-29
33,66,99,132,165,198,231,264,297,330,363,396,429,462,495,528,561,594,627,660,table-of-33,32,/table-of-32,31,/table-of-31,30,/table-of-30
34,68,102,136,170,204,238,272,306,340,374,408,442,476,510,544,578,612,646,680,table-of-34,33,/table-of-33,32,/table-of-32,31,/table-of-31
35,70,105,140,175,210,245,280,315,350,385,420,455,490,525,560,595,630,665,700,table-of-35,34,/table-of-34,33,/table-of-33,32,/table-of-32
36,72,108,144,180,216,252,288,324,360,396,432,468,504,540,576,612,648,684,720,table-of-36,35,/table-of-35,34,/table-of-34,33,/table-of-33
37,74,111,148,185,222,259,296,333,370,407,444,481,518,555,592,629,666,703,740,table-of-37,36,/table-of-36,35,/table-of-35,34,/table-of-34
38,76,114,152,190,228,266,304,342,380,418,456,494,532,570,608,646,684,722,760,table-of-38,37,/table-of-37,36,/table-of-36,35,/table-of-35
39,78,117,156,195,234,273,312,351,390,429,468,507,546,585,624,663,702,741,780,table-of-39,38,/table-of-38,37,/table-of-37,36,/table-of-36
40,80,120,160,200,240,280,320,360,400,440,480,520,560,600,640,680,720,760,800,table-of-40,39,/table-of-39,38,/table-of-38,37,/table-of-37
41,82,123,164,205,246,287,328,369,410,451,492,533,574,615,656,697,738,779,820,table-of-41,40,/table-of-40,39,/table-of-39,38,/table-of-38
42,84,126,168,210,252,294,336,378,420,462,504,546,588,630,672,714,756,798,840,table-of-42,41,/table-of-41,40,/table-of-40,39,/table-of-39
43,86,129,172,215,258,301,344,387,430,473,516,559,602,645,688,731,774,817,860,table-of-43,42,/table-of-42,41,/table-of-41,40,/table-of-40
44,88,132,176,220,264,308,352,396,440,484,528,572,616,660,704,748,792,836,880,table-of-44,43,/table-of-43,42,/table-of-42,41,/table-of-41
45,90,135,180,225,270,315,360,405,450,495,540,585,630,675,720,765,810,855,900,table-of-45,44,/table-of-44,43,/table-of-43,42,/table-of-42
46,92,138,184,230,276,322,368,414,460,506,552,598,644,690,736,782,828,874,920,table-of-46,45,/table-of-45,44,/table-of-44,43,/table-of-43
47,94,141,188,235,282,329,376,423,470,517,564,611,658,705,752,799,846,893,940,table-of-47,46,/table-of-46,45,/table-of-45,44,/table-of-44
48,96,144,192,240,288,336,384,432,480,528,576,624,672,720,768,816,864,912,960,table-of-48,47,/table-of-47,46,/table-of-46,45,/table-of-45
49,98,147,196,245,294,343,392,441,490,539,588,637,686,735,784,833,882,931,980,table-of-49,48,/table-of-48,47,/table-of-47,46,/table-of-46
50,100,150,200,250,300,350,400,450,500,550,600,650,700,750,800,850,900,950,1000,table-of-50,49,/table-of-49,48,/table-of-48,47,/table-of-47
51,102,153,204,255,306,357,408,459,510,561,612,663,714,765,816,867,918,969,1020,table-of-51,50,/table-of-50,49,/table-of-49,48,/table-of-48
52,104,156,208,260,312,364,416,468,520,572,624,676,728,780,832,884,936,988,1040,table-of-52,51,/table-of-51,50,/table-of-50,49,/table-of-49
53,106,159,212,265,318,371,424,477,530,583,636,689,742,795,848,901,954,1007,1060,table-of-53,52,/table-of-52,51,/table-of-51,50,/table-of-50
54,108,162,216,270,324,378,432,486,540,594,648,702,756,810,864,918,972,1026,1080,table-of-54,53,/table-of-53,52,/table-of-52,51,/table-of-51
55,110,165,220,275,330,385,440,495,550,605,660,715,770,825,880,935,990,1045,1100,table-of-55,54,/table-of-54,53,/table-of-53,52,/table-of-52
56,112,168,224,280,336,392,448,504,560,616,672,728,784,840,896,952,1008,1064,1120,table-of-56,55,/table-of-55,54,/table-of-54,53,/table-of-53
57,114,171,228,285,342,399,456,513,570,627,684,741,798,855,912,969,1026,1083,1140,table-of-57,56,/table-of-56,55,/table-of-55,54,/table-of-54
58,116,174,232,290,348,406,464,522,580,638,696,754,812,870,928,986,1044,1102,1160,table-of-58,57,/table-of-57,56,/table-of-56,55,/table-of-55
59,118,177,236,295,354,413,472,531,590,649,708,767,826,885,944,1003,1062,1121,1180,table-of-59,58,/table-of-58,57,/table-of-57,56,/table-of-56
60,120,180,240,300,360,420,480,540,600,660,720,780,840,900,960,1020,1080,1140,1200,table-of-60,59,/table-of-59,58,/table-of-58,57,/table-of-57
61,122,183,244,305,366,427,488,549,610,671,732,793,854,915,976,1037,1098,1159,1220,table-of-61,60,/table-of-60,59,/table-of-59,58,/table-of-58
62,124,186,248,310,372,434,496,558,620,682,744,806,868,930,992,1054,1116,1178,1240,table-of-62,61,/table-of-61,60,/table-of-60,59,/table-of-59
63,126,189,252,315,378,441,504,567,630,693,756,819,882,945,1008,1071,1134,1197,1260,table-of-63,62,/table-of-62,61,/table-of-61,60,/table-of-60
64,128,192,256,320,384,448,512,576,640,704,768,832,896,960,1024,1088,1152,1216,1280,table-of-64,63,/table-of-63,62,/table-of-62,61,/table-of-61
65,130,195,260,325,390,455,520,585,650,715,780,845,910,975,1040,1105,1170,1235,1300,table-of-65,64,/table-of-64,63,/table-of-63,62,/table-of-62
66,132,198,264,330,396,462,528,594,660,726,792,858,924,990,1056,1122,1188,1254,1320,table-of-66,65,/table-of-65,64,/table-of-64,63,/table-of-63
67,134,201,268,335,402,469,536,603,670,737,804,871,938,1005,1072,1139,1206,1273,1340,table-of-67,66,/table-of-66,65,/table-of-65,64,/table-of-64
68,136,204,272,340,408,476,544,612,680,748,816,884,952,1020,1088,1156,1224,1292,1360,table-of-68,67,/table-of-67,66,/table-of-66,65,/table-of-65
69,138,207,276,345,414,483,552,621,690,759,828,897,966,1035,1104,1173,1242,1311,1380,table-of-69,68,/table-of-68,67,/table-of-67,66,/table-of-66
70,140,210,280,350,420,490,560,630,700,770,840,910,980,1050,1120,1190,1260,1330,1400,table-of-70,69,/table-of-69,68,/table-of-68,67,/table-of-67
71,142,213,284,355,426,497,568,639,710,781,852,923,994,1065,1136,1207,1278,1349,1420,table-of-71,70,/table-of-70,69,/table-of-69,68,/table-of-68
72,144,216,288,360,432,504,576,648,720,792,864,936,1008,1080,1152,1224,1296,1368,1440,table-of-72,71,/table-of-71,70,/table-of-70,69,/table-of-69
73,146,219,292,365,438,511,584,657,730,803,876,949,1022,1095,1168,1241,1314,1387,1460,table-of-73,72,/table-of-72,71,/table-of-71,70,/table-of-70
74,148,222,296,370,444,518,592,666,740,814,888,962,1036,1110,1184,1258,1332,1406,1480,table-of-74,73,/table-of-73,72,/table-of-72,71,/table-of-71
75,150,225,300,375,450,525,600,675,750,825,900,975,1050,1125,1200,1275,1350,1425,1500,table-of-75,74,/table-of-74,73,/table-of-73,72,/table-of-72
76,152,228,304,380,456,532,608,684,760,836,912,988,1064,1140,1216,1292,1368,1444,1520,table-of-76,75,/table-of-75,74,/table-of-74,73,/table-of-73
77,154,231,308,385,462,539,616,693,770,847,924,1001,1078,1155,1232,1309,1386,1463,1540,table-of-77,76,/table-of-76,75,/table-of-75,74,/table-of-74
78,156,234,312,390,468,546,624,702,780,858,936,1014,1092,1170,1248,1326,1404,1482,1560,table-of-78,77,/table-of-77,76,/table-of-76,75,/table-of-75
79,158,237,316,395,474,553,632,711,790,869,948,1027,1106,1185,1264,1343,1422,1501,1580,table-of-79,78,/table-of-78,77,/table-of-77,76,/table-of-76
80,160,240,320,400,480,560,640,720,800,880,960,1040,1120,1200,1280,1360,1440,1520,1600,table-of-80,79,/table-of-79,78,/table-of-78,77,/table-of-77
81,162,243,324,405,486,567,648,729,810,891,972,1053,1134,1215,1296,1377,1458,1539,1620,table-of-81,80,/table-of-80,79,/table-of-79,78,/table-of-78
82,164,246,328,410,492,574,656,738,820,902,984,1066,1148,1230,1312,1394,1476,1558,1640,table-of-82,81,/table-of-81,80,/table-of-80,79,/table-of-79
83,166,249,332,415,498,581,664,747,830,913,996,1079,1162,1245,1328,1411,1494,1577,1660,table-of-83,82,/table-of-82,81,/table-of-81,80,/table-of-80
84,168,252,336,420,504,588,672,756,840,924,1008,1092,1176,1260,1344,1428,1512,1596,1680,table-of-84,83,/table-of-83,82,/table-of-82,81,/table-of-81
85,170,255,340,425,510,595,680,765,850,935,1020,1105,1190,1275,1360,1445,1530,1615,1700,table-of-85,84,/table-of-84,83,/table-of-83,82,/table-of-82
86,172,258,344,430,516,602,688,774,860,946,1032,1118,1204,1290,1376,1462,1548,1634,1720,table-of-86,85,/table-of-85,84,/table-of-84,83,/table-of-83
87,174,261,348,435,522,609,696,783,870,957,1044,1131,1218,1305,1392,1479,1566,1653,1740,table-of-87,86,/table-of-86,85,/table-of-85,84,/table-of-84
88,176,264,352,440,528,616,704,792,880,968,1056,1144,1232,1320,1408,1496,1584,1672,1760,table-of-88,87,/table-of-87,86,/table-of-86,85,/table-of-85
89,178,267,356,445,534,623,712,801,890,979,1068,1157,1246,1335,1424,1513,1602,1691,1780,table-of-89,88,/table-of-88,87,/table-of-87,86,/table-of-86
90,180,270,360,450,540,630,720,810,900,990,1080,1170,1260,1350,1440,1530,1620,1710,1800,table-of-90,89,/table-of-89,88,/table-of-88,87,/table-of-87
91,182,273,364,455,546,637,728,819,910,1001,1092,1183,1274,1365,1456,1547,1638,1729,1820,table-of-91,90,/table-of-90,89,/table-of-89,88,/table-of-88
92,184,276,368,460,552,644,736,828,920,1012,1104,1196,1288,1380,1472,1564,1656,1748,1840,table-of-92,91,/table-of-91,90,/table-of-90,89,/table-of-89
93,186,279,372,465,558,651,744,837,930,1023,1116,1209,1302,1395,1488,1581,1674,1767,1860,table-of-93,92,/table-of-92,91,/table-of-91,90,/table-of-90
94,188,282,376,470,564,658,752,846,940,1034,1128,1222,1316,1410,1504,1598,1692,1786,1880,table-of-94,93,/table-of-93,92,/table-of-92,91,/table-of-91
95,190,285,380,475,570,665,760,855,950,1045,1140,1235,1330,1425,1520,1615,1710,1805,1900,table-of-95,94,/table-of-94,93,/table-of-93,92,/table-of-92
96,192,288,384,480,576,672,768,864,960,1056,1152,1248,1344,1440,1536,1632,1728,1824,1920,table-of-96,95,/table-of-95,94,/table-of-94,93,/table-of-93
97,194,291,388,485,582,679,776,873,970,1067,1164,1261,1358,1455,1552,1649,1746,1843,1940,table-of-97,96,/table-of-96,95,/table-of-95,94,/table-of-94
98,196,294,392,490,588,686,784,882,980,1078,1176,1274,1372,1470,1568,1666,1764,1862,1960,table-of-98,97,/table-of-97,96,/table-of-96,95,/table-of-95
99,198,297,396,495,594,693,792,891,990,1089,1188,1287,1386,1485,1584,1683,1782,1881,1980,table-of-99,98,/table-of-98,97,/table-of-97,96,/table-of-96
100,200,300,400,500,600,700,800,900,1000,1100,1200,1300,1400,1500,1600,1700,1800,1900,2000,table-of-100,99,/table-of-99,98,/table-of-98,97,/table-of-97
101,202,303,404,505,606,707,808,909,1010,1111,1212,1313,1414,1515,1616,1717,1818,1919,2020,table-of-101,100,/table-of-100,99,/table-of-99,98,/table-of-98
102,204,306,408,510,612,714,816,918,1020,1122,1224,1326,1428,1530,1632,1734,1836,1938,2040,table-of-102,101,/table-of-101,100,/table-of-100,99,/table-of-99
103,206,309,412,515,618,721,824,927,1030,1133,1236,1339,1442,1545,1648,1751,1854,1957,2060,table-of-103,102,/table-of-102,101,/table-of-101,100,/table-of-100
104,208,312,416,520,624,728,832,936,1040,1144,1248,1352,1456,1560,1664,1768,1872,1976,2080,table-of-104,103,/table-of-103,102,/table-of-102,101,/table-of-101
105,210,315,420,525,630,735,840,945,1050,1155,1260,1365,1470,1575,1680,1785,1890,1995,2100,table-of-105,104,/table-of-104,103,/table-of-103,102,/table-of-102
106,212,318,424,530,636,742,848,954,1060,1166,1272,1378,1484,1590,1696,1802,1908,2014,2120,table-of-106,105,/table-of-105,104,/table-of-104,103,/table-of-103
107,214,321,428,535,642,749,856,963,1070,1177,1284,1391,1498,1605,1712,1819,1926,2033,2140,table-of-107,106,/table-of-106,105,/table-of-105,104,/table-of-104
108,216,324,432,540,648,756,864,972,1080,1188,1296,1404,1512,1620,1728,1836,1944,2052,2160,table-of-108,107,/table-of-107,106,/table-of-106,105,/table-of-105
109,218,327,436,545,654,763,872,981,1090,1199,1308,1417,1526,1635,1744,1853,1962,2071,2180,table-of-109,108,/table-of-108,107,/table-of-107,106,/table-of-106
110,220,330,440,550,660,770,880,990,1100,1210,1320,1430,1540,1650,1760,1870,1980,2090,2200,table-of-110,109,/table-of-109,108,/table-of-108,107,/table-of-107
111,222,333,444,555,666,777,888,999,1110,1221,1332,1443,1554,1665,1776,1887,1998,2109,2220,table-of-111,110,/table-of-110,109,/table-of-109,108,/table-of-108
112,224,336,448,560,672,784,896,1008,1120,1232,1344,1456,1568,1680,1792,1904,2016,2128,2240,table-of-112,111,/table-of-111,110,/table-of-110,109,/table-of-109
113,226,339,452,565,678,791,904,1017,1130,1243,1356,1469,1582,1695,1808,1921,2034,2147,2260,table-of-113,112,/table-of-112,111,/table-of-111,110,/table-of-110
114,228,342,456,570,684,798,912,1026,1140,1254,1368,1482,1596,1710,1824,1938,2052,2166,2280,table-of-114,113,/table-of-113,112,/table-of-112,111,/table-of-111
115,230,345,460,575,690,805,920,1035,1150,1265,1380,1495,1610,1725,1840,1955,2070,2185,2300,table-of-115,114,/table-of-114,113,/table-of-113,112,/table-of-112
116,232,348,464,580,696,812,928,1044,1160,1276,1392,1508,1624,1740,1856,1972,2088,2204,2320,table-of-116,115,/table-of-115,114,/table-of-114,113,/table-of-113
117,234,351,468,585,702,819,936,1053,1170,1287,1404,1521,1638,1755,1872,1989,2106,2223,2340,table-of-117,116,/table-of-116,115,/table-of-115,114,/table-of-114
118,236,354,472,590,708,826,944,1062,1180,1298,1416,1534,1652,1770,1888,2006,2124,2242,2360,table-of-118,117,/table-of-117,116,/table-of-116,115,/table-of-115
119,238,357,476,595,714,833,952,1071,1190,1309,1428,1547,1666,1785,1904,2023,2142,2261,2380,table-of-119,118,/table-of-118,117,/table-of-117,116,/table-of-116
120,240,360,480,600,720,840,960,1080,1200,1320,1440,1560,1680,1800,1920,2040,2160,2280,2400,table-of-120,119,/table-of-119,118,/table-of-118,117,/table-of-117
121,242,363,484,605,726,847,968,1089,1210,1331,1452,1573,1694,1815,1936,2057,2178,2299,2420,table-of-121,120,/table-of-120,119,/table-of-119,118,/table-of-118
122,244,366,488,610,732,854,976,1098,1220,1342,1464,1586,1708,1830,1952,2074,2196,2318,2440,table-of-122,121,/table-of-121,120,/table-of-120,119,/table-of-119
123,246,369,492,615,738,861,984,1107,1230,1353,1476,1599,1722,1845,1968,2091,2214,2337,2460,table-of-123,122,/table-of-122,121,/table-of-121,120,/table-of-120
124,248,372,496,620,744,868,992,1116,1240,1364,1488,1612,1736,1860,1984,2108,2232,2356,2480,table-of-124,123,/table-of-123,122,/table-of-122,121,/table-of-121
125,250,375,500,625,750,875,1000,1125,1250,1375,1500,1625,1750,1875,2000,2125,2250,2375,2500,table-of-125,124,/table-of-124,123,/table-of-123,122,/table-of-122
126,252,378,504,630,756,882,1008,1134,1260,1386,1512,1638,1764,1890,2016,2142,2268,2394,2520,table-of-126,125,/table-of-125,124,/table-of-124,123,/table-of-123
127,254,381,508,635,762,889,1016,1143,1270,1397,1524,1651,1778,1905,2032,2159,2286,2413,2540,table-of-127,126,/table-of-126,125,/table-of-125,124,/table-of-124
128,256,384,512,640,768,896,1024,1152,1280,1408,1536,1664,1792,1920,2048,2176,2304,2432,2560,table-of-128,127,/table-of-127,126,/table-of-126,125,/table-of-125
129,258,387,516,645,774,903,1032,1161,1290,1419,1548,1677,1806,1935,2064,2193,2322,2451,2580,table-of-129,128,/table-of-128,127,/table-of-127,126,/table-of-126
130,260,390,520,650,780,910,1040,1170,1300,1430,1560,1690,1820,1950,2080,2210,2340,2470,2600,table-of-130,129,/table-of-129,128,/table-of-128,127,/table-of-127
131,262,393,524,655,786,917,1048,1179,1310,1441,1572,1703,1834,1965,2096,2227,2358,2489,2620,table-of-131,130,/table-of-130,129,/table-of-129,128,/table-of-128
132,264,396,528,660,792,924,1056,1188,1320,1452,1584,1716,1848,1980,2112,2244,2376,2508,2640,table-of-132,131,/table-of-131,130,/table-of-130,129,/table-of-129
133,266,399,532,665,798,931,1064,1197,1330,1463,1596,1729,1862,1995,2128,2261,2394,2527,2660,table-of-133,132,/table-of-132,131,/table-of-131,130,/table-of-130
134,268,402,536,670,804,938,1072,1206,1340,1474,1608,1742,1876,2010,2144,2278,2412,2546,2680,table-of-134,133,/table-of-133,132,/table-of-132,131,/table-of-131
135,270,405,540,675,810,945,1080,1215,1350,1485,1620,1755,1890,2025,2160,2295,2430,2565,2700,table-of-135,134,/table-of-134,133,/table-of-133,132,/table-of-132
136,272,408,544,680,816,952,1088,1224,1360,1496,1632,1768,1904,2040,2176,2312,2448,2584,2720,table-of-136,135,/table-of-135,134,/table-of-134,133,/table-of-133
137,274,411,548,685,822,959,1096,1233,1370,1507,1644,1781,1918,2055,2192,2329,2466,2603,2740,table-of-137,136,/table-of-136,135,/table-of-135,134,/table-of-134
138,276,414,552,690,828,966,1104,1242,1380,1518,1656,1794,1932,2070,2208,2346,2484,2622,2760,table-of-138,137,/table-of-137,136,/table-of-136,135,/table-of-135
139,278,417,556,695,834,973,1112,1251,1390,1529,1668,1807,1946,2085,2224,2363,2502,2641,2780,table-of-139,138,/table-of-138,137,/table-of-137,136,/table-of-136
140,280,420,560,700,840,980,1120,1260,1400,1540,1680,1820,1960,2100,2240,2380,2520,2660,2800,table-of-140,139,/table-of-139,138,/table-of-138,137,/table-of-137
141,282,423,564,705,846,987,1128,1269,1410,1551,1692,1833,1974,2115,2256,2397,2538,2679,2820,table-of-141,140,/table-of-140,139,/table-of-139,138,/table-of-138
142,284,426,568,710,852,994,1136,1278,1420,1562,1704,1846,1988,2130,2272,2414,2556,2698,2840,table-of-142,141,/table-of-141,140,/table-of-140,139,/table-of-139
143,286,429,572,715,858,1001,1144,1287,1430,1573,1716,1859,2002,2145,2288,2431,2574,2717,2860,table-of-143,142,/table-of-142,141,/table-of-141,140,/table-of-140
144,288,432,576,720,864,1008,1152,1296,1440,1584,1728,1872,2016,2160,2304,2448,2592,2736,2880,table-of-144,143,/table-of-143,142,/table-of-142,141,/table-of-141
145,290,435,580,725,870,1015,1160,1305,1450,1595,1740,1885,2030,2175,2320,2465,2610,2755,2900,table-of-145,144,/table-of-144,143,/table-of-143,142,/table-of-142
146,292,438,584,730,876,1022,1168,1314,1460,1606,1752,1898,2044,2190,2336,2482,2628,2774,2920,table-of-146,145,/table-of-145,144,/table-of-144,143,/table-of-143
147,294,441,588,735,882,1029,1176,1323,1470,1617,1764,1911,2058,2205,2352,2499,2646,2793,2940,table-of-147,146,/table-of-146,145,/table-of-145,144,/table-of-144
148,296,444,592,740,888,1036,1184,1332,1480,1628,1776,1924,2072,2220,2368,2516,2664,2812,2960,table-of-148,147,/table-of-147,146,/table-of-146,145,/table-of-145
149,298,447,596,745,894,1043,1192,1341,1490,1639,1788,1937,2086,2235,2384,2533,2682,2831,2980,table-of-149,148,/table-of-148,147,/table-of-147,146,/table-of-146
150,300,450,600,750,900,1050,1200,1350,1500,1650,1800,1950,2100,2250,2400,2550,2700,2850,3000,table-of-150,149,/table-of-149,148,/table-of-148,147,/table-of-147
151,302,453,604,755,906,1057,1208,1359,1510,1661,1812,1963,2114,2265,2416,2567,2718,2869,3020,table-of-151,150,/table-of-150,149,/table-of-149,148,/table-of-148
152,304,456,608,760,912,1064,1216,1368,1520,1672,1824,1976,2128,2280,2432,2584,2736,2888,3040,table-of-152,151,/table-of-151,150,/table-of-150,149,/table-of-149
153,306,459,612,765,918,1071,1224,1377,1530,1683,1836,1989,2142,2295,2448,2601,2754,2907,3060,table-of-153,152,/table-of-152,151,/table-of-151,150,/table-of-150
154,308,462,616,770,924,1078,1232,1386,1540,1694,1848,2002,2156,2310,2464,2618,2772,2926,3080,table-of-154,153,/table-of-153,152,/table-of-152,151,/table-of-151
155,310,465,620,775,930,1085,1240,1395,1550,1705,1860,2015,2170,2325,2480,2635,2790,2945,3100,table-of-155,154,/table-of-154,153,/table-of-153,152,/table-of-152
156,312,468,624,780,936,1092,1248,1404,1560,1716,1872,2028,2184,2340,2496,2652,2808,2964,3120,table-of-156,155,/table-of-155,154,/table-of-154,153,/table-of-153
157,314,471,628,785,942,1099,1256,1413,1570,1727,1884,2041,2198,2355,2512,2669,2826,2983,3140,table-of-157,156,/table-of-156,155,/table-of-155,154,/table-of-154
158,316,474,632,790,948,1106,1264,1422,1580,1738,1896,2054,2212,2370,2528,2686,2844,3002,3160,table-of-158,157,/table-of-157,156,/table-of-156,155,/table-of-155
159,318,477,636,795,954,1113,1272,1431,1590,1749,1908,2067,2226,2385,2544,2703,2862,3021,3180,table-of-159,158,/table-of-158,157,/table-of-157,156,/table-of-156
160,320,480,640,800,960,1120,1280,1440,1600,1760,1920,2080,2240,2400,2560,2720,2880,3040,3200,table-of-160,159,/table-of-159,158,/table-of-158,157,/table-of-157
161,322,483,644,805,966,1127,1288,1449,1610,1771,1932,2093,2254,2415,2576,2737,2898,3059,3220,table-of-161,160,/table-of-160,159,/table-of-159,158,/table-of-158
162,324,486,648,810,972,1134,1296,1458,1620,1782,1944,2106,2268,2430,2592,2754,2916,3078,3240,table-of-162,161,/table-of-161,160,/table-of-160,159,/table-of-159
163,326,489,652,815,978,1141,1304,1467,1630,1793,1956,2119,2282,2445,2608,2771,2934,3097,3260,table-of-163,162,/table-of-162,161,/table-of-161,160,/table-of-160
164,328,492,656,820,984,1148,1312,1476,1640,1804,1968,2132,2296,2460,2624,2788,2952,3116,3280,table-of-164,163,/table-of-163,162,/table-of-162,161,/table-of-161
165,330,495,660,825,990,1155,1320,1485,1650,1815,1980,2145,2310,2475,2640,2805,2970,3135,3300,table-of-165,164,/table-of-164,163,/table-of-163,162,/table-of-162
166,332,498,664,830,996,1162,1328,1494,1660,1826,1992,2158,2324,2490,2656,2822,2988,3154,3320,table-of-166,165,/table-of-165,164,/table-of-164,163,/table-of-163
167,334,501,668,835,1002,1169,1336,1503,1670,1837,2004,2171,2338,2505,2672,2839,3006,3173,3340,table-of-167,166,/table-of-166,165,/table-of-165,164,/table-of-164
168,336,504,672,840,1008,1176,1344,1512,1680,1848,2016,2184,2352,2520,2688,2856,3024,3192,3360,table-of-168,167,/table-of-167,166,/table-of-166,165,/table-of-165
169,338,507,676,845,1014,1183,1352,1521,1690,1859,2028,2197,2366,2535,2704,2873,3042,3211,3380,table-of-169,168,/table-of-168,167,/table-of-167,166,/table-of-166
170,340,510,680,850,1020,1190,1360,1530,1700,1870,2040,2210,2380,2550,2720,2890,3060,3230,3400,table-of-170,169,/table-of-169,168,/table-of-168,167,/table-of-167
171,342,513,684,855,1026,1197,1368,1539,1710,1881,2052,2223,2394,2565,2736,2907,3078,3249,3420,table-of-171,170,/table-of-170,169,/table-of-169,168,/table-of-168
172,344,516,688,860,1032,1204,1376,1548,1720,1892,2064,2236,2408,2580,2752,2924,3096,3268,3440,table-of-172,171,/table-of-171,170,/table-of-170,169,/table-of-169
173,346,519,692,865,1038,1211,1384,1557,1730,1903,2076,2249,2422,2595,2768,2941,3114,3287,3460,table-of-173,172,/table-of-172,171,/table-of-171,170,/table-of-170
174,348,522,696,870,1044,1218,1392,1566,1740,1914,2088,2262,2436,2610,2784,2958,3132,3306,3480,table-of-174,173,/table-of-173,172,/table-of-172,171,/table-of-171
175,350,525,700,875,1050,1225,1400,1575,1750,1925,2100,2275,2450,2625,2800,2975,3150,3325,3500,table-of-175,174,/table-of-174,173,/table-of-173,172,/table-of-172
176,352,528,704,880,1056,1232,1408,1584,1760,1936,2112,2288,2464,2640,2816,2992,3168,3344,3520,table-of-176,175,/table-of-175,174,/table-of-174,173,/table-of-173
177,354,531,708,885,1062,1239,1416,1593,1770,1947,2124,2301,2478,2655,2832,3009,3186,3363,3540,table-of-177,176,/table-of-176,175,/table-of-175,174,/table-of-174
178,356,534,712,890,1068,1246,1424,1602,1780,1958,2136,2314,2492,2670,2848,3026,3204,3382,3560,table-of-178,177,/table-of-177,176,/table-of-176,175,/table-of-175
179,358,537,716,895,1074,1253,1432,1611,1790,1969,2148,2327,2506,2685,2864,3043,3222,3401,3580,table-of-179,178,/table-of-178,177,/table-of-177,176,/table-of-176
180,360,540,720,900,1080,1260,1440,1620,1800,1980,2160,2340,2520,2700,2880,3060,3240,3420,3600,table-of-180,179,/table-of-179,178,/table-of-178,177,/table-of-177
181,362,543,724,905,1086,1267,1448,1629,1810,1991,2172,2353,2534,2715,2896,3077,3258,3439,3620,table-of-181,180,/table-of-180,179,/table-of-179,178,/table-of-178
182,364,546,728,910,1092,1274,1456,1638,1820,2002,2184,2366,2548,2730,2912,3094,3276,3458,3640,table-of-182,181,/table-of-181,180,/table-of-180,179,/table-of-179
183,366,549,732,915,1098,1281,1464,1647,1830,2013,2196,2379,2562,2745,2928,3111,3294,3477,3660,table-of-183,182,/table-of-182,181,/table-of-181,180,/table-of-180
184,368,552,736,920,1104,1288,1472,1656,1840,2024,2208,2392,2576,2760,2944,3128,3312,3496,3680,table-of-184,183,/table-of-183,182,/table-of-182,181,/table-of-181
185,370,555,740,925,1110,1295,1480,1665,1850,2035,2220,2405,2590,2775,2960,3145,3330,3515,3700,table-of-185,184,/table-of-184,183,/table-of-183,182,/table-of-182
186,372,558,744,930,1116,1302,1488,1674,1860,2046,2232,2418,2604,2790,2976,3162,3348,3534,3720,table-of-186,185,/table-of-185,184,/table-of-184,183,/table-of-183
187,374,561,748,935,1122,1309,1496,1683,1870,2057,2244,2431,2618,2805,2992,3179,3366,3553,3740,table-of-187,186,/table-of-186,185,/table-of-185,184,/table-of-184
188,376,564,752,940,1128,1316,1504,1692,1880,2068,2256,2444,2632,2820,3008,3196,3384,3572,3760,table-of-188,187,/table-of-187,186,/table-of-186,185,/table-of-185
189,378,567,756,945,1134,1323,1512,1701,1890,2079,2268,2457,2646,2835,3024,3213,3402,3591,3780,table-of-189,188,/table-of-188,187,/table-of-187,186,/table-of-186
190,380,570,760,950,1140,1330,1520,1710,1900,2090,2280,2470,2660,2850,3040,3230,3420,3610,3800,table-of-190,189,/table-of-189,188,/table-of-188,187,/table-of-187
191,382,573,764,955,1146,1337,1528,1719,1910,2101,2292,2483,2674,2865,3056,3247,3438,3629,3820,table-of-191,190,/table-of-190,189,/table-of-189,188,/table-of-188
192,384,576,768,960,1152,1344,1536,1728,1920,2112,2304,2496,2688,2880,3072,3264,3456,3648,3840,table-of-192,191,/table-of-191,190,/table-of-190,189,/table-of-189
193,386,579,772,965,1158,1351,1544,1737,1930,2123,2316,2509,2702,2895,3088,3281,3474,3667,3860,table-of-193,192,/table-of-192,191,/table-of-191,190,/table-of-190
194,388,582,776,970,1164,1358,1552,1746,1940,2134,2328,2522,2716,2910,3104,3298,3492,3686,3880,table-of-194,193,/table-of-193,192,/table-of-192,191,/table-of-191
195,390,585,780,975,1170,1365,1560,1755,1950,2145,2340,2535,2730,2925,3120,3315,3510,3705,3900,table-of-195,194,/table-of-194,193,/table-of-193,192,/table-of-192
196,392,588,784,980,1176,1372,1568,1764,1960,2156,2352,2548,2744,2940,3136,3332,3528,3724,3920,table-of-196,195,/table-of-195,194,/table-of-194,193,/table-of-193
197,394,591,788,985,1182,1379,1576,1773,1970,2167,2364,2561,2758,2955,3152,3349,3546,3743,3940,table-of-197,196,/table-of-196,195,/table-of-195,194,/table-of-194
198,396,594,792,990,1188,1386,1584,1782,1980,2178,2376,2574,2772,2970,3168,3366,3564,3762,3960,table-of-198,197,/table-of-197,196,/table-of-196,195,/table-of-195
199,398,597,796,995,1194,1393,1592,1791,1990,2189,2388,2587,2786,2985,3184,3383,3582,3781,3980,table-of-199,198,/table-of-198,197,/table-of-197,196,/table-of-196
200,400,600,800,1000,1200,1400,1600,1800,2000,2200,2400,2600,2800,3000,3200,3400,3600,3800,4000,table-of-200,199,/table-of-199,198,/table-of-198,197,/table-of-197
201,402,603,804,1005,1206,1407,1608,1809,2010,2211,2412,2613,2814,3015,3216,3417,3618,3819,4020,table-of-201,200,/table-of-200,199,/table-of-199,198,/table-of-198
202,404,606,808,1010,1212,1414,1616,1818,2020,2222,2424,2626,2828,3030,3232,3434,3636,3838,4040,table-of-202,201,/table-of-201,200,/table-of-200,199,/table-of-199
203,406,609,812,1015,1218,1421,1624,1827,2030,2233,2436,2639,2842,3045,3248,3451,3654,3857,4060,table-of-203,202,/table-of-202,201,/table-of-201,200,/table-of-200
204,408,612,816,1020,1224,1428,1632,1836,2040,2244,2448,2652,2856,3060,3264,3468,3672,3876,4080,table-of-204,203,/table-of-203,202,/table-of-202,201,/table-of-201
205,410,615,820,1025,1230,1435,1640,1845,2050,2255,2460,2665,2870,3075,3280,3485,3690,3895,4100,table-of-205,204,/table-of-204,203,/table-of-203,202,/table-of-202
206,412,618,824,1030,1236,1442,1648,1854,2060,2266,2472,2678,2884,3090,3296,3502,3708,3914,4120,table-of-206,205,/table-of-205,204,/table-of-204,203,/table-of-203
207,414,621,828,1035,1242,1449,1656,1863,2070,2277,2484,2691,2898,3105,3312,3519,3726,3933,4140,table-of-207,206,/table-of-206,205,/table-of-205,204,/table-of-204
208,416,624,832,1040,1248,1456,1664,1872,2080,2288,2496,2704,2912,3120,3328,3536,3744,3952,4160,table-of-208,207,/table-of-207,206,/table-of-206,205,/table-of-205
209,418,627,836,1045,1254,1463,1672,1881,2090,2299,2508,2717,2926,3135,3344,3553,3762,3971,4180,table-of-209,208,/table-of-208,207,/table-of-207,206,/table-of-206
210,420,630,840,1050,1260,1470,1680,1890,2100,2310,2520,2730,2940,3150,3360,3570,3780,3990,4200,table-of-210,209,/table-of-209,208,/table-of-208,207,/table-of-207
211,422,633,844,1055,1266,1477,1688,1899,2110,2321,2532,2743,2954,3165,3376,3587,3798,4009,4220,table-of-211,210,/table-of-210,209,/table-of-209,208,/table-of-208
212,424,636,848,1060,1272,1484,1696,1908,2120,2332,2544,2756,2968,3180,3392,3604,3816,4028,4240,table-of-212,211,/table-of-211,210,/table-of-210,209,/table-of-209
213,426,639,852,1065,1278,1491,1704,1917,2130,2343,2556,2769,2982,3195,3408,3621,3834,4047,4260,table-of-213,212,/table-of-212,211,/table-of-211,210,/table-of-210
214,428,642,856,1070,1284,1498,1712,1926,2140,2354,2568,2782,2996,3210,3424,3638,3852,4066,4280,table-of-214,213,/table-of-213,212,/table-of-212,211,/table-of-211
215,430,645,860,1075,1290,1505,1720,1935,2150,2365,2580,2795,3010,3225,3440,3655,3870,4085,4300,table-of-215,214,/table-of-214,213,/table-of-213,212,/table-of-212
216,432,648,864,1080,1296,1512,1728,1944,2160,2376,2592,2808,3024,3240,3456,3672,3888,4104,4320,table-of-216,215,/table-of-215,214,/table-of-214,213,/table-of-213
217,434,651,868,1085,1302,1519,1736,1953,2170,2387,2604,2821,3038,3255,3472,3689,3906,4123,4340,table-of-217,216,/table-of-216,215,/table-of-215,214,/table-of-214
218,436,654,872,1090,1308,1526,1744,1962,2180,2398,2616,2834,3052,3270,3488,3706,3924,4142,4360,table-of-218,217,/table-of-217,216,/table-of-216,215,/table-of-215
219,438,657,876,1095,1314,1533,1752,1971,2190,2409,2628,2847,3066,3285,3504,3723,3942,4161,4380,table-of-219,218,/table-of-218,217,/table-of-217,216,/table-of-216
220,440,660,880,1100,1320,1540,1760,1980,2200,2420,2640,2860,3080,3300,3520,3740,3960,4180,4400,table-of-220,219,/table-of-219,218,/table-of-218,217,/table-of-217
221,442,663,884,1105,1326,1547,1768,1989,2210,2431,2652,2873,3094,3315,3536,3757,3978,4199,4420,table-of-221,220,/table-of-220,219,/table-of-219,218,/table-of-218
222,444,666,888,1110,1332,1554,1776,1998,2220,2442,2664,2886,3108,3330,3552,3774,3996,4218,4440,table-of-222,221,/table-of-221,220,/table-of-220,219,/table-of-219
223,446,669,892,1115,1338,1561,1784,2007,2230,2453,2676,2899,3122,3345,3568,3791,4014,4237,4460,table-of-223,222,/table-of-222,221,/table-of-221,220,/table-of-220
224,448,672,896,1120,1344,1568,1792,2016,2240,2464,2688,2912,3136,3360,3584,3808,4032,4256,4480,table-of-224,223,/table-of-223,222,/table-of-222,221,/table-of-221
225,450,675,900,1125,1350,1575,1800,2025,2250,2475,2700,2925,3150,3375,3600,3825,4050,4275,4500,table-of-225,224,/table-of-224,223,/table-of-223,222,/table-of-222
226,452,678,904,1130,1356,1582,1808,2034,2260,2486,2712,2938,3164,3390,3616,3842,4068,4294,4520,table-of-226,225,/table-of-225,224,/table-of-224,223,/table-of-223
227,454,681,908,1135,1362,1589,1816,2043,2270,2497,2724,2951,3178,3405,3632,3859,4086,4313,4540,table-of-227,226,/table-of-226,225,/table-of-225,224,/table-of-224
228,456,684,912,1140,1368,1596,1824,2052,2280,2508,2736,2964,3192,3420,3648,3876,4104,4332,4560,table-of-228,227,/table-of-227,226,/table-of-226,225,/table-of-225
229,458,687,916,1145,1374,1603,1832,2061,2290,2519,2748,2977,3206,3435,3664,3893,4122,4351,4580,table-of-229,228,/table-of-228,227,/table-of-227,226,/table-of-226
230,460,690,920,1150,1380,1610,1840,2070,2300,2530,2760,2990,3220,3450,3680,3910,4140,4370,4600,table-of-230,229,/table-of-229,228,/table-of-228,227,/table-of-227
231,462,693,924,1155,1386,1617,1848,2079,2310,2541,2772,3003,3234,3465,3696,3927,4158,4389,4620,table-of-231,230,/table-of-230,229,/table-of-229,228,/table-of-228
232,464,696,928,1160,1392,1624,1856,2088,2320,2552,2784,3016,3248,3480,3712,3944,4176,4408,4640,table-of-232,231,/table-of-231,230,/table-of-230,229,/table-of-229
233,466,699,932,1165,1398,1631,1864,2097,2330,2563,2796,3029,3262,3495,3728,3961,4194,4427,4660,table-of-233,232,/table-of-232,231,/table-of-231,230,/table-of-230
234,468,702,936,1170,1404,1638,1872,2106,2340,2574,2808,3042,3276,3510,3744,3978,4212,4446,4680,table-of-234,233,/table-of-233,232,/table-of-232,231,/table-of-231
235,470,705,940,1175,1410,1645,1880,2115,2350,2585,2820,3055,3290,3525,3760,3995,4230,4465,4700,table-of-235,234,/table-of-234,233,/table-of-233,232,/table-of-232
236,472,708,944,1180,1416,1652,1888,2124,2360,2596,2832,3068,3304,3540,3776,4012,4248,4484,4720,table-of-236,235,/table-of-235,234,/table-of-234,233,/table-of-233
237,474,711,948,1185,1422,1659,1896,2133,2370,2607,2844,3081,3318,3555,3792,4029,4266,4503,4740,table-of-237,236,/table-of-236,235,/table-of-235,234,/table-of-234
238,476,714,952,1190,1428,1666,1904,2142,2380,2618,2856,3094,3332,3570,3808,4046,4284,4522,4760,table-of-238,237,/table-of-237,236,/table-of-236,235,/table-of-235
239,478,717,956,1195,1434,1673,1912,2151,2390,2629,2868,3107,3346,3585,3824,4063,4302,4541,4780,table-of-239,238,/table-of-238,237,/table-of-237,236,/table-of-236
240,480,720,960,1200,1440,1680,1920,2160,2400,2640,2880,3120,3360,3600,3840,4080,4320,4560,4800,table-of-240,239,/table-of-239,238,/table-of-238,237,/table-of-237
241,482,723,964,1205,1446,1687,1928,2169,2410,2651,2892,3133,3374,3615,3856,4097,4338,4579,4820,table-of-241,240,/table-of-240,239,/table-of-239,238,/table-of-238
242,484,726,968,1210,1452,1694,1936,2178,2420,2662,2904,3146,3388,3630,3872,4114,4356,4598,4840,table-of-242,241,/table-of-241,240,/table-of-240,239,/table-of-239
243,486,729,972,1215,1458,1701,1944,2187,2430,2673,2916,3159,3402,3645,3888,4131,4374,4617,4860,table-of-243,242,/table-of-242,241,/table-of-241,240,/table-of-240
244,488,732,976,1220,1464,1708,1952,2196,2440,2684,2928,3172,3416,3660,3904,4148,4392,4636,4880,table-of-244,243,/table-of-243,242,/table-of-242,241,/table-of-241
245,490,735,980,1225,1470,1715,1960,2205,2450,2695,2940,3185,3430,3675,3920,4165,4410,4655,4900,table-of-245,244,/table-of-244,243,/table-of-243,242,/table-of-242
246,492,738,984,1230,1476,1722,1968,2214,2460,2706,2952,3198,3444,3690,3936,4182,4428,4674,4920,table-of-246,245,/table-of-245,244,/table-of-244,243,/table-of-243
247,494,741,988,1235,1482,1729,1976,2223,2470,2717,2964,3211,3458,3705,3952,4199,4446,4693,4940,table-of-247,246,/table-of-246,245,/table-of-245,244,/table-of-244
248,496,744,992,1240,1488,1736,1984,2232,2480,2728,2976,3224,3472,3720,3968,4216,4464,4712,4960,table-of-248,247,/table-of-247,246,/table-of-246,245,/table-of-245
249,498,747,996,1245,1494,1743,1992,2241,2490,2739,2988,3237,3486,3735,3984,4233,4482,4731,4980,table-of-249,248,/table-of-248,247,/table-of-247,246,/table-of-246
250,500,750,1000,1250,1500,1750,2000,2250,2500,2750,3000,3250,3500,3750,4000,4250,4500,4750,5000,table-of-250,249,/table-of-249,248,/table-of-248,247,/table-of-247
251,502,753,1004,1255,1506,1757,2008,2259,2510,2761,3012,3263,3514,3765,4016,4267,4518,4769,5020,table-of-251,250,/table-of-250,249,/table-of-249,248,/table-of-248
252,504,756,1008,1260,1512,1764,2016,2268,2520,2772,3024,3276,3528,3780,4032,4284,4536,4788,5040,table-of-252,251,/table-of-251,250,/table-of-250,249,/table-of-249
253,506,759,1012,1265,1518,1771,2024,2277,2530,2783,3036,3289,3542,3795,4048,4301,4554,4807,5060,table-of-253,252,/table-of-252,251,/table-of-251,250,/table-of-250
254,508,762,1016,1270,1524,1778,2032,2286,2540,2794,3048,3302,3556,3810,4064,4318,4572,4826,5080,table-of-254,253,/table-of-253,252,/table-of-252,251,/table-of-251
255,510,765,1020,1275,1530,1785,2040,2295,2550,2805,3060,3315,3570,3825,4080,4335,4590,4845,5100,table-of-255,254,/table-of-254,253,/table-of-253,252,/table-of-252
256,512,768,1024,1280,1536,1792,2048,2304,2560,2816,3072,3328,3584,3840,4096,4352,4608,4864,5120,table-of-256,255,/table-of-255,254,/table-of-254,253,/table-of-253
257,514,771,1028,1285,1542,1799,2056,2313,2570,2827,3084,3341,3598,3855,4112,4369,4626,4883,5140,table-of-257,256,/table-of-256,255,/table-of-255,254,/table-of-254
258,516,774,1032,1290,1548,1806,2064,2322,2580,2838,3096,3354,3612,3870,4128,4386,4644,4902,5160,table-of-258,257,/table-of-257,256,/table-of-256,255,/table-of-255
259,518,777,1036,1295,1554,1813,2072,2331,2590,2849,3108,3367,3626,3885,4144,4403,4662,4921,5180,table-of-259,258,/table-of-258,257,/table-of-257,256,/table-of-256
260,520,780,1040,1300,1560,1820,2080,2340,2600,2860,3120,3380,3640,3900,4160,4420,4680,4940,5200,table-of-260,259,/table-of-259,258,/table-of-258,257,/table-of-257
261,522,783,1044,1305,1566,1827,2088,2349,2610,2871,3132,3393,3654,3915,4176,4437,4698,4959,5220,table-of-261,260,/table-of-260,259,/table-of-259,258,/table-of-258
262,524,786,1048,1310,1572,1834,2096,2358,2620,2882,3144,3406,3668,3930,4192,4454,4716,4978,5240,table-of-262,261,/table-of-261,260,/table-of-260,259,/table-of-259
263,526,789,1052,1315,1578,1841,2104,2367,2630,2893,3156,3419,3682,3945,4208,4471,4734,4997,5260,table-of-263,262,/table-of-262,261,/table-of-261,260,/table-of-260
264,528,792,1056,1320,1584,1848,2112,2376,2640,2904,3168,3432,3696,3960,4224,4488,4752,5016,5280,table-of-264,263,/table-of-263,262,/table-of-262,261,/table-of-261
265,530,795,1060,1325,1590,1855,2120,2385,2650,2915,3180,3445,3710,3975,4240,4505,4770,5035,5300,table-of-265,264,/table-of-264,263,/table-of-263,262,/table-of-262
266,532,798,1064,1330,1596,1862,2128,2394,2660,2926,3192,3458,3724,3990,4256,4522,4788,5054,5320,table-of-266,265,/table-of-265,264,/table-of-264,263,/table-of-263
267,534,801,1068,1335,1602,1869,2136,2403,2670,2937,3204,3471,3738,4005,4272,4539,4806,5073,5340,table-of-267,266,/table-of-266,265,/table-of-265,264,/table-of-264
268,536,804,1072,1340,1608,1876,2144,2412,2680,2948,3216,3484,3752,4020,4288,4556,4824,5092,5360,table-of-268,267,/table-of-267,266,/table-of-266,265,/table-of-265
269,538,807,1076,1345,1614,1883,2152,2421,2690,2959,3228,3497,3766,4035,4304,4573,4842,5111,5380,table-of-269,268,/table-of-268,267,/table-of-267,266,/table-of-266
270,540,810,1080,1350,1620,1890,2160,2430,2700,2970,3240,3510,3780,4050,4320,4590,4860,5130,5400,table-of-270,269,/table-of-269,268,/table-of-268,267,/table-of-267
271,542,813,1084,1355,1626,1897,2168,2439,2710,2981,3252,3523,3794,4065,4336,4607,4878,5149,5420,table-of-271,270,/table-of-270,269,/table-of-269,268,/table-of-268
272,544,816,1088,1360,1632,1904,2176,2448,2720,2992,3264,3536,3808,4080,4352,4624,4896,5168,5440,table-of-272,271,/table-of-271,270,/table-of-270,269,/table-of-269
273,546,819,1092,1365,1638,1911,2184,2457,2730,3003,3276,3549,3822,4095,4368,4641,4914,5187,5460,table-of-273,272,/table-of-272,271,/table-of-271,270,/table-of-270
274,548,822,1096,1370,1644,1918,2192,2466,2740,3014,3288,3562,3836,4110,4384,4658,4932,5206,5480,table-of-274,273,/table-of-273,272,/table-of-272,271,/table-of-271
275,550,825,1100,1375,1650,1925,2200,2475,2750,3025,3300,3575,3850,4125,4400,4675,4950,5225,5500,table-of-275,274,/table-of-274,273,/table-of-273,272,/table-of-272
276,552,828,1104,1380,1656,1932,2208,2484,2760,3036,3312,3588,3864,4140,4416,4692,4968,5244,5520,table-of-276,275,/table-of-275,274,/table-of-274,273,/table-of-273
277,554,831,1108,1385,1662,1939,2216,2493,2770,3047,3324,3601,3878,4155,4432,4709,4986,5263,5540,table-of-277,276,/table-of-276,275,/table-of-275,274,/table-of-274
278,556,834,1112,1390,1668,1946,2224,2502,2780,3058,3336,3614,3892,4170,4448,4726,5004,5282,5560,table-of-278,277,/table-of-277,276,/table-of-276,275,/table-of-275
279,558,837,1116,1395,1674,1953,2232,2511,2790,3069,3348,3627,3906,4185,4464,4743,5022,5301,5580,table-of-279,278,/table-of-278,277,/table-of-277,276,/table-of-276
280,560,840,1120,1400,1680,1960,2240,2520,2800,3080,3360,3640,3920,4200,4480,4760,5040,5320,5600,table-of-280,279,/table-of-279,278,/table-of-278,277,/table-of-277
281,562,843,1124,1405,1686,1967,2248,2529,2810,3091,3372,3653,3934,4215,4496,4777,5058,5339,5620,table-of-281,280,/table-of-280,279,/table-of-279,278,/table-of-278
282,564,846,1128,1410,1692,1974,2256,2538,2820,3102,3384,3666,3948,4230,4512,4794,5076,5358,5640,table-of-282,281,/table-of-281,280,/table-of-280,279,/table-of-279
283,566,849,1132,1415,1698,1981,2264,2547,2830,3113,3396,3679,3962,4245,4528,4811,5094,5377,5660,table-of-283,282,/table-of-282,281,/table-of-281,280,/table-of-280
284,568,852,1136,1420,1704,1988,2272,2556,2840,3124,3408,3692,3976,4260,4544,4828,5112,5396,5680,table-of-284,283,/table-of-283,282,/table-of-282,281,/table-of-281
285,570,855,1140,1425,1710,1995,2280,2565,2850,3135,3420,3705,3990,4275,4560,4845,5130,5415,5700,table-of-285,284,/table-of-284,283,/table-of-283,282,/table-of-282
286,572,858,1144,1430,1716,2002,2288,2574,2860,3146,3432,3718,4004,4290,4576,4862,5148,5434,5720,table-of-286,285,/table-of-285,284,/table-of-284,283,/table-of-283
287,574,861,1148,1435,1722,2009,2296,2583,2870,3157,3444,3731,4018,4305,4592,4879,5166,5453,5740,table-of-287,286,/table-of-286,285,/table-of-285,284,/table-of-284
288,576,864,1152,1440,1728,2016,2304,2592,2880,3168,3456,3744,4032,4320,4608,4896,5184,5472,5760,table-of-288,287,/table-of-287,286,/table-of-286,285,/table-of-285
289,578,867,1156,1445,1734,2023,2312,2601,2890,3179,3468,3757,4046,4335,4624,4913,5202,5491,5780,table-of-289,288,/table-of-288,287,/table-of-287,286,/table-of-286
290,580,870,1160,1450,1740,2030,2320,2610,2900,3190,3480,3770,4060,4350,4640,4930,5220,5510,5800,table-of-290,289,/table-of-289,288,/table-of-288,287,/table-of-287
291,582,873,1164,1455,1746,2037,2328,2619,2910,3201,3492,3783,4074,4365,4656,4947,5238,5529,5820,table-of-291,290,/table-of-290,289,/table-of-289,288,/table-of-288
292,584,876,1168,1460,1752,2044,2336,2628,2920,3212,3504,3796,4088,4380,4672,4964,5256,5548,5840,table-of-292,291,/table-of-291,290,/table-of-290,289,/table-of-289
293,586,879,1172,1465,1758,2051,2344,2637,2930,3223,3516,3809,4102,4395,4688,4981,5274,5567,5860,table-of-293,292,/table-of-292,291,/table-of-291,290,/table-of-290
294,588,882,1176,1470,1764,2058,2352,2646,2940,3234,3528,3822,4116,4410,4704,4998,5292,5586,5880,table-of-294,293,/table-of-293,292,/table-of-292,291,/table-of-291
295,590,885,1180,1475,1770,2065,2360,2655,2950,3245,3540,3835,4130,4425,4720,5015,5310,5605,5900,table-of-295,294,/table-of-294,293,/table-of-293,292,/table-of-292
296,592,888,1184,1480,1776,2072,2368,2664,2960,3256,3552,3848,4144,4440,4736,5032,5328,5624,5920,table-of-296,295,/table-of-295,294,/table-of-294,293,/table-of-293
297,594,891,1188,1485,1782,2079,2376,2673,2970,3267,3564,3861,4158,4455,4752,5049,5346,5643,5940,table-of-297,296,/table-of-296,295,/table-of-295,294,/table-of-294
298,596,894,1192,1490,1788,2086,2384,2682,2980,3278,3576,3874,4172,4470,4768,5066,5364,5662,5960,table-of-298,297,/table-of-297,296,/table-of-296,295,/table-of-295
299,598,897,1196,1495,1794,2093,2392,2691,2990,3289,3588,3887,4186,4485,4784,5083,5382,5681,5980,table-of-299,298,/table-of-298,297,/table-of-297,296,/table-of-296
300,600,900,1200,1500,1800,2100,2400,2700,3000,3300,3600,3900,4200,4500,4800,5100,5400,5700,6000,table-of-300,299,/table-of-299,298,/table-of-298,297,/table-of-297
301,602,903,1204,1505,1806,2107,2408,2709,3010,3311,3612,3913,4214,4515,4816,5117,5418,5719,6020,table-of-301,300,/table-of-300,299,/table-of-299,298,/table-of-298
302,604,906,1208,1510,1812,2114,2416,2718,3020,3322,3624,3926,4228,4530,4832,5134,5436,5738,6040,table-of-302,301,/table-of-301,300,/table-of-300,299,/table-of-299
303,606,909,1212,1515,1818,2121,2424,2727,3030,3333,3636,3939,4242,4545,4848,5151,5454,5757,6060,table-of-303,302,/table-of-302,301,/table-of-301,300,/table-of-300
304,608,912,1216,1520,1824,2128,2432,2736,3040,3344,3648,3952,4256,4560,4864,5168,5472,5776,6080,table-of-304,303,/table-of-303,302,/table-of-302,301,/table-of-301
305,610,915,1220,1525,1830,2135,2440,2745,3050,3355,3660,3965,4270,4575,4880,5185,5490,5795,6100,table-of-305,304,/table-of-304,303,/table-of-303,302,/table-of-302
306,612,918,1224,1530,1836,2142,2448,2754,3060,3366,3672,3978,4284,4590,4896,5202,5508,5814,6120,table-of-306,305,/table-of-305,304,/table-of-304,303,/table-of-303
307,614,921,1228,1535,1842,2149,2456,2763,3070,3377,3684,3991,4298,4605,4912,5219,5526,5833,6140,table-of-307,306,/table-of-306,305,/table-of-305,304,/table-of-304
308,616,924,1232,1540,1848,2156,2464,2772,3080,3388,3696,4004,4312,4620,4928,5236,5544,5852,6160,table-of-308,307,/table-of-307,306,/table-of-306,305,/table-of-305
309,618,927,1236,1545,1854,2163,2472,2781,3090,3399,3708,4017,4326,4635,4944,5253,5562,5871,6180,table-of-309,308,/table-of-308,307,/table-of-307,306,/table-of-306
310,620,930,1240,1550,1860,2170,2480,2790,3100,3410,3720,4030,4340,4650,4960,5270,5580,5890,6200,table-of-310,309,/table-of-309,308,/table-of-308,307,/table-of-307
311,622,933,1244,1555,1866,2177,2488,2799,3110,3421,3732,4043,4354,4665,4976,5287,5598,5909,6220,table-of-311,310,/table-of-310,309,/table-of-309,308,/table-of-308
312,624,936,1248,1560,1872,2184,2496,2808,3120,3432,3744,4056,4368,4680,4992,5304,5616,5928,6240,table-of-312,311,/table-of-311,310,/table-of-310,309,/table-of-309
313,626,939,1252,1565,1878,2191,2504,2817,3130,3443,3756,4069,4382,4695,5008,5321,5634,5947,6260,table-of-313,312,/table-of-312,311,/table-of-311,310,/table-of-310
314,628,942,1256,1570,1884,2198,2512,2826,3140,3454,3768,4082,4396,4710,5024,5338,5652,5966,6280,table-of-314,313,/table-of-313,312,/table-of-312,311,/table-of-311
315,630,945,1260,1575,1890,2205,2520,2835,3150,3465,3780,4095,4410,4725,5040,5355,5670,5985,6300,table-of-315,314,/table-of-314,313,/table-of-313,312,/table-of-312
316,632,948,1264,1580,1896,2212,2528,2844,3160,3476,3792,4108,4424,4740,5056,5372,5688,6004,6320,table-of-316,315,/table-of-315,314,/table-of-314,313,/table-of-313
317,634,951,1268,1585,1902,2219,2536,2853,3170,3487,3804,4121,4438,4755,5072,5389,5706,6023,6340,table-of-317,316,/table-of-316,315,/table-of-315,314,/table-of-314
318,636,954,1272,1590,1908,2226,2544,2862,3180,3498,3816,4134,4452,4770,5088,5406,5724,6042,6360,table-of-318,317,/table-of-317,316,/table-of-316,315,/table-of-315
319,638,957,1276,1595,1914,2233,2552,2871,3190,3509,3828,4147,4466,4785,5104,5423,5742,6061,6380,table-of-319,318,/table-of-318,317,/table-of-317,316,/table-of-316
320,640,960,1280,1600,1920,2240,2560,2880,3200,3520,3840,4160,4480,4800,5120,5440,5760,6080,6400,table-of-320,319,/table-of-319,318,/table-of-318,317,/table-of-317
321,642,963,1284,1605,1926,2247,2568,2889,3210,3531,3852,4173,4494,4815,5136,5457,5778,6099,6420,table-of-321,320,/table-of-320,319,/table-of-319,318,/table-of-318
322,644,966,1288,1610,1932,2254,2576,2898,3220,3542,3864,4186,4508,4830,5152,5474,5796,6118,6440,table-of-322,321,/table-of-321,320,/table-of-320,319,/table-of-319
323,646,969,1292,1615,1938,2261,2584,2907,3230,3553,3876,4199,4522,4845,5168,5491,5814,6137,6460,table-of-323,322,/table-of-322,321,/table-of-321,320,/table-of-320
324,648,972,1296,1620,1944,2268,2592,2916,3240,3564,3888,4212,4536,4860,5184,5508,5832,6156,6480,table-of-324,323,/table-of-323,322,/table-of-322,321,/table-of-321
325,650,975,1300,1625,1950,2275,2600,2925,3250,3575,3900,4225,4550,4875,5200,5525,5850,6175,6500,table-of-325,324,/table-of-324,323,/table-of-323,322,/table-of-322
326,652,978,1304,1630,1956,2282,2608,2934,3260,3586,3912,4238,4564,4890,5216,5542,5868,6194,6520,table-of-326,325,/table-of-325,324,/table-of-324,323,/table-of-323
327,654,981,1308,1635,1962,2289,2616,2943,3270,3597,3924,4251,4578,4905,5232,5559,5886,6213,6540,table-of-327,326,/table-of-326,325,/table-of-325,324,/table-of-324
328,656,984,1312,1640,1968,2296,2624,2952,3280,3608,3936,4264,4592,4920,5248,5576,5904,6232,6560,table-of-328,327,/table-of-327,326,/table-of-326,325,/table-of-325
329,658,987,1316,1645,1974,2303,2632,2961,3290,3619,3948,4277,4606,4935,5264,5593,5922,6251,6580,table-of-329,328,/table-of-328,327,/table-of-327,326,/table-of-326
330,660,990,1320,1650,1980,2310,2640,2970,3300,3630,3960,4290,4620,4950,5280,5610,5940,6270,6600,table-of-330,329,/table-of-329,328,/table-of-328,327,/table-of-327
331,662,993,1324,1655,1986,2317,2648,2979,3310,3641,3972,4303,4634,4965,5296,5627,5958,6289,6620,table-of-331,330,/table-of-330,329,/table-of-329,328,/table-of-328
332,664,996,1328,1660,1992,2324,2656,2988,3320,3652,3984,4316,4648,4980,5312,5644,5976,6308,6640,table-of-332,331,/table-of-331,330,/table-of-330,329,/table-of-329
333,666,999,1332,1665,1998,2331,2664,2997,3330,3663,3996,4329,4662,4995,5328,5661,5994,6327,6660,table-of-333,332,/table-of-332,331,/table-of-331,330,/table-of-330
334,668,1002,1336,1670,2004,2338,2672,3006,3340,3674,4008,4342,4676,5010,5344,5678,6012,6346,6680,table-of-334,333,/table-of-333,332,/table-of-332,331,/table-of-331
335,670,1005,1340,1675,2010,2345,2680,3015,3350,3685,4020,4355,4690,5025,5360,5695,6030,6365,6700,table-of-335,334,/table-of-334,333,/table-of-333,332,/table-of-332
336,672,1008,1344,1680,2016,2352,2688,3024,3360,3696,4032,4368,4704,5040,5376,5712,6048,6384,6720,table-of-336,335,/table-of-335,334,/table-of-334,333,/table-of-333
337,674,1011,1348,1685,2022,2359,2696,3033,3370,3707,4044,4381,4718,5055,5392,5729,6066,6403,6740,table-of-337,336,/table-of-336,335,/table-of-335,334,/table-of-334
338,676,1014,1352,1690,2028,2366,2704,3042,3380,3718,4056,4394,4732,5070,5408,5746,6084,6422,6760,table-of-338,337,/table-of-337,336,/table-of-336,335,/table-of-335
339,678,1017,1356,1695,2034,2373,2712,3051,3390,3729,4068,4407,4746,5085,5424,5763,6102,6441,6780,table-of-339,338,/table-of-338,337,/table-of-337,336,/table-of-336
340,680,1020,1360,1700,2040,2380,2720,3060,3400,3740,4080,4420,4760,5100,5440,5780,6120,6460,6800,table-of-340,339,/table-of-339,338,/table-of-338,337,/table-of-337
341,682,1023,1364,1705,2046,2387,2728,3069,3410,3751,4092,4433,4774,5115,5456,5797,6138,6479,6820,table-of-341,340,/table-of-340,339,/table-of-339,338,/table-of-338
342,684,1026,1368,1710,2052,2394,2736,3078,3420,3762,4104,4446,4788,5130,5472,5814,6156,6498,6840,table-of-342,341,/table-of-341,340,/table-of-340,339,/table-of-339
343,686,1029,1372,1715,2058,2401,2744,3087,3430,3773,4116,4459,4802,5145,5488,5831,6174,6517,6860,table-of-343,342,/table-of-342,341,/table-of-341,340,/table-of-340
344,688,1032,1376,1720,2064,2408,2752,3096,3440,3784,4128,4472,4816,5160,5504,5848,6192,6536,6880,table-of-344,343,/table-of-343,342,/table-of-342,341,/table-of-341
345,690,1035,1380,1725,2070,2415,2760,3105,3450,3795,4140,4485,4830,5175,5520,5865,6210,6555,6900,table-of-345,344,/table-of-344,343,/table-of-343,342,/table-of-342
346,692,1038,1384,1730,2076,2422,2768,3114,3460,3806,4152,4498,4844,5190,5536,5882,6228,6574,6920,table-of-346,345,/table-of-345,344,/table-of-344,343,/table-of-343
347,694,1041,1388,1735,2082,2429,2776,3123,3470,3817,4164,4511,4858,5205,5552,5899,6246,6593,6940,table-of-347,346,/table-of-346,345,/table-of-345,344,/table-of-344
348,696,1044,1392,1740,2088,2436,2784,3132,3480,3828,4176,4524,4872,5220,5568,5916,6264,6612,6960,table-of-348,347,/table-of-347,346,/table-of-346,345,/table-of-345
349,698,1047,1396,1745,2094,2443,2792,3141,3490,3839,4188,4537,4886,5235,5584,5933,6282,6631,6980,table-of-349,348,/table-of-348,347,/table-of-347,346,/table-of-346
350,700,1050,1400,1750,2100,2450,2800,3150,3500,3850,4200,4550,4900,5250,5600,5950,6300,6650,7000,table-of-350,349,/table-of-349,348,/table-of-348,347,/table-of-347
351,702,1053,1404,1755,2106,2457,2808,3159,3510,3861,4212,4563,4914,5265,5616,5967,6318,6669,7020,table-of-351,350,/table-of-350,349,/table-of-349,348,/table-of-348
352,704,1056,1408,1760,2112,2464,2816,3168,3520,3872,4224,4576,4928,5280,5632,5984,6336,6688,7040,table-of-352,351,/table-of-351,350,/table-of-350,349,/table-of-349
353,706,1059,1412,1765,2118,2471,2824,3177,3530,3883,4236,4589,4942,5295,5648,6001,6354,6707,7060,table-of-353,352,/table-of-352,351,/table-of-351,350,/table-of-350
354,708,1062,1416,1770,2124,2478,2832,3186,3540,3894,4248,4602,4956,5310,5664,6018,6372,6726,7080,table-of-354,353,/table-of-353,352,/table-of-352,351,/table-of-351
355,710,1065,1420,1775,2130,2485,2840,3195,3550,3905,4260,4615,4970,5325,5680,6035,6390,6745,7100,table-of-355,354,/table-of-354,353,/table-of-353,352,/table-of-352
356,712,1068,1424,1780,2136,2492,2848,3204,3560,3916,4272,4628,4984,5340,5696,6052,6408,6764,7120,table-of-356,355,/table-of-355,354,/table-of-354,353,/table-of-353
357,714,1071,1428,1785,2142,2499,2856,3213,3570,3927,4284,4641,4998,5355,5712,6069,6426,6783,7140,table-of-357,356,/table-of-356,355,/table-of-355,354,/table-of-354
358,716,1074,1432,1790,2148,2506,2864,3222,3580,3938,4296,4654,5012,5370,5728,6086,6444,6802,7160,table-of-358,357,/table-of-357,356,/table-of-356,355,/table-of-355
359,718,1077,1436,1795,2154,2513,2872,3231,3590,3949,4308,4667,5026,5385,5744,6103,6462,6821,7180,table-of-359,358,/table-of-358,357,/table-of-357,356,/table-of-356
360,720,1080,1440,1800,2160,2520,2880,3240,3600,3960,4320,4680,5040,5400,5760,6120,6480,6840,7200,table-of-360,359,/table-of-359,358,/table-of-358,357,/table-of-357
361,722,1083,1444,1805,2166,2527,2888,3249,3610,3971,4332,4693,5054,5415,5776,6137,6498,6859,7220,table-of-361,360,/table-of-360,359,/table-of-359,358,/table-of-358
362,724,1086,1448,1810,2172,2534,2896,3258,3620,3982,4344,4706,5068,5430,5792,6154,6516,6878,7240,table-of-362,361,/table-of-361,360,/table-of-360,359,/table-of-359
363,726,1089,1452,1815,2178,2541,2904,3267,3630,3993,4356,4719,5082,5445,5808,6171,6534,6897,7260,table-of-363,362,/table-of-362,361,/table-of-361,360,/table-of-360
364,728,1092,1456,1820,2184,2548,2912,3276,3640,4004,4368,4732,5096,5460,5824,6188,6552,6916,7280,table-of-364,363,/table-of-363,362,/table-of-362,361,/table-of-361
365,730,1095,1460,1825,2190,2555,2920,3285,3650,4015,4380,4745,5110,5475,5840,6205,6570,6935,7300,table-of-365,364,/table-of-364,363,/table-of-363,362,/table-of-362
366,732,1098,1464,1830,2196,2562,2928,3294,3660,4026,4392,4758,5124,5490,5856,6222,6588,6954,7320,table-of-366,365,/table-of-365,364,/table-of-364,363,/table-of-363
367,734,1101,1468,1835,2202,2569,2936,3303,3670,4037,4404,4771,5138,5505,5872,6239,6606,6973,7340,table-of-367,366,/table-of-366,365,/table-of-365,364,/table-of-364
368,736,1104,1472,1840,2208,2576,2944,3312,3680,4048,4416,4784,5152,5520,5888,6256,6624,6992,7360,table-of-368,367,/table-of-367,366,/table-of-366,365,/table-of-365
369,738,1107,1476,1845,2214,2583,2952,3321,3690,4059,4428,4797,5166,5535,5904,6273,6642,7011,7380,table-of-369,368,/table-of-368,367,/table-of-367,366,/table-of-366
370,740,1110,1480,1850,2220,2590,2960,3330,3700,4070,4440,4810,5180,5550,5920,6290,6660,7030,7400,table-of-370,369,/table-of-369,368,/table-of-368,367,/table-of-367
371,742,1113,1484,1855,2226,2597,2968,3339,3710,4081,4452,4823,5194,5565,5936,6307,6678,7049,7420,table-of-371,370,/table-of-370,369,/table-of-369,368,/table-of-368
372,744,1116,1488,1860,2232,2604,2976,3348,3720,4092,4464,4836,5208,5580,5952,6324,6696,7068,7440,table-of-372,371,/table-of-371,370,/table-of-370,369,/table-of-369
373,746,1119,1492,1865,2238,2611,2984,3357,3730,4103,4476,4849,5222,5595,5968,6341,6714,7087,7460,table-of-373,372,/table-of-372,371,/table-of-371,370,/table-of-370
374,748,1122,1496,1870,2244,2618,2992,3366,3740,4114,4488,4862,5236,5610,5984,6358,6732,7106,7480,table-of-374,373,/table-of-373,372,/table-of-372,371,/table-of-371
375,750,1125,1500,1875,2250,2625,3000,3375,3750,4125,4500,4875,5250,5625,6000,6375,6750,7125,7500,table-of-375,374,/table-of-374,373,/table-of-373,372,/table-of-372
376,752,1128,1504,1880,2256,2632,3008,3384,3760,4136,4512,4888,5264,5640,6016,6392,6768,7144,7520,table-of-376,375,/table-of-375,374,/table-of-374,373,/table-of-373
377,754,1131,1508,1885,2262,2639,3016,3393,3770,4147,4524,4901,5278,5655,6032,6409,6786,7163,7540,table-of-377,376,/table-of-376,375,/table-of-375,374,/table-of-374
378,756,1134,1512,1890,2268,2646,3024,3402,3780,4158,4536,4914,5292,5670,6048,6426,6804,7182,7560,table-of-378,377,/table-of-377,376,/table-of-376,375,/table-of-375
379,758,1137,1516,1895,2274,2653,3032,3411,3790,4169,4548,4927,5306,5685,6064,6443,6822,7201,7580,table-of-379,378,/table-of-378,377,/table-of-377,376,/table-of-376
380,760,1140,1520,1900,2280,2660,3040,3420,3800,4180,4560,4940,5320,5700,6080,6460,6840,7220,7600,table-of-380,379,/table-of-379,378,/table-of-378,377,/table-of-377
381,762,1143,1524,1905,2286,2667,3048,3429,3810,4191,4572,4953,5334,5715,6096,6477,6858,7239,7620,table-of-381,380,/table-of-380,379,/table-of-379,378,/table-of-378
382,764,1146,1528,1910,2292,2674,3056,3438,3820,4202,4584,4966,5348,5730,6112,6494,6876,7258,7640,table-of-382,381,/table-of-381,380,/table-of-380,379,/table-of-379
383,766,1149,1532,1915,2298,2681,3064,3447,3830,4213,4596,4979,5362,5745,6128,6511,6894,7277,7660,table-of-383,382,/table-of-382,381,/table-of-381,380,/table-of-380
384,768,1152,1536,1920,2304,2688,3072,3456,3840,4224,4608,4992,5376,5760,6144,6528,6912,7296,7680,table-of-384,383,/table-of-383,382,/table-of-382,381,/table-of-381
385,770,1155,1540,1925,2310,2695,3080,3465,3850,4235,4620,5005,5390,5775,6160,6545,6930,7315,7700,table-of-385,384,/table-of-384,383,/table-of-383,382,/table-of-382
386,772,1158,1544,1930,2316,2702,3088,3474,3860,4246,4632,5018,5404,5790,6176,6562,6948,7334,7720,table-of-386,385,/table-of-385,384,/table-of-384,383,/table-of-383
387,774,1161,1548,1935,2322,2709,3096,3483,3870,4257,4644,5031,5418,5805,6192,6579,6966,7353,7740,table-of-387,386,/table-of-386,385,/table-of-385,384,/table-of-384
388,776,1164,1552,1940,2328,2716,3104,3492,3880,4268,4656,5044,5432,5820,6208,6596,6984,7372,7760,table-of-388,387,/table-of-387,386,/table-of-386,385,/table-of-385
389,778,1167,1556,1945,2334,2723,3112,3501,3890,4279,4668,5057,5446,5835,6224,6613,7002,7391,7780,table-of-389,388,/table-of-388,387,/table-of-387,386,/table-of-386
390,780,1170,1560,1950,2340,2730,3120,3510,3900,4290,4680,5070,5460,5850,6240,6630,7020,7410,7800,table-of-390,389,/table-of-389,388,/table-of-388,387,/table-of-387
391,782,1173,1564,1955,2346,2737,3128,3519,3910,4301,4692,5083,5474,5865,6256,6647,7038,7429,7820,table-of-391,390,/table-of-390,389,/table-of-389,388,/table-of-388
392,784,1176,1568,1960,2352,2744,3136,3528,3920,4312,4704,5096,5488,5880,6272,6664,7056,7448,7840,table-of-392,391,/table-of-391,390,/table-of-390,389,/table-of-389
393,786,1179,1572,1965,2358,2751,3144,3537,3930,4323,4716,5109,5502,5895,6288,6681,7074,7467,7860,table-of-393,392,/table-of-392,391,/table-of-391,390,/table-of-390
394,788,1182,1576,1970,2364,2758,3152,3546,3940,4334,4728,5122,5516,5910,6304,6698,7092,7486,7880,table-of-394,393,/table-of-393,392,/table-of-392,391,/table-of-391
395,790,1185,1580,1975,2370,2765,3160,3555,3950,4345,4740,5135,5530,5925,6320,6715,7110,7505,7900,table-of-395,394,/table-of-394,393,/table-of-393,392,/table-of-392
396,792,1188,1584,1980,2376,2772,3168,3564,3960,4356,4752,5148,5544,5940,6336,6732,7128,7524,7920,table-of-396,395,/table-of-395,394,/table-of-394,393,/table-of-393
397,794,1191,1588,1985,2382,2779,3176,3573,3970,4367,4764,5161,5558,5955,6352,6749,7146,7543,7940,table-of-397,396,/table-of-396,395,/table-of-395,394,/table-of-394
398,796,1194,1592,1990,2388,2786,3184,3582,3980,4378,4776,5174,5572,5970,6368,6766,7164,7562,7960,table-of-398,397,/table-of-397,396,/table-of-396,395,/table-of-395
399,798,1197,1596,1995,2394,2793,3192,3591,3990,4389,4788,5187,5586,5985,6384,6783,7182,7581,7980,table-of-399,398,/table-of-398,397,/table-of-397,396,/table-of-396
400,800,1200,1600,2000,2400,2800,3200,3600,4000,4400,4800,5200,5600,6000,6400,6800,7200,7600,8000,table-of-400,399,/table-of-399,398,/table-of-398,397,/table-of-397
401,802,1203,1604,2005,2406,2807,3208,3609,4010,4411,4812,5213,5614,6015,6416,6817,7218,7619,8020,table-of-401,400,/table-of-400,399,/table-of-399,398,/table-of-398
402,804,1206,1608,2010,2412,2814,3216,3618,4020,4422,4824,5226,5628,6030,6432,6834,7236,7638,8040,table-of-402,401,/table-of-401,400,/table-of-400,399,/table-of-399
403,806,1209,1612,2015,2418,2821,3224,3627,4030,4433,4836,5239,5642,6045,6448,6851,7254,7657,8060,table-of-403,402,/table-of-402,401,/table-of-401,400,/table-of-400
404,808,1212,1616,2020,2424,2828,3232,3636,4040,4444,4848,5252,5656,6060,6464,6868,7272,7676,8080,table-of-404,403,/table-of-403,402,/table-of-402,401,/table-of-401
405,810,1215,1620,2025,2430,2835,3240,3645,4050,4455,4860,5265,5670,6075,6480,6885,7290,7695,8100,table-of-405,404,/table-of-404,403,/table-of-403,402,/table-of-402
406,812,1218,1624,2030,2436,2842,3248,3654,4060,4466,4872,5278,5684,6090,6496,6902,7308,7714,8120,table-of-406,405,/table-of-405,404,/table-of-404,403,/table-of-403
407,814,1221,1628,2035,2442,2849,3256,3663,4070,4477,4884,5291,5698,6105,6512,6919,7326,7733,8140,table-of-407,406,/table-of-406,405,/table-of-405,404,/table-of-404
408,816,1224,1632,2040,2448,2856,3264,3672,4080,4488,4896,5304,5712,6120,6528,6936,7344,7752,8160,table-of-408,407,/table-of-407,406,/table-of-406,405,/table-of-405
409,818,1227,1636,2045,2454,2863,3272,3681,4090,4499,4908,5317,5726,6135,6544,6953,7362,7771,8180,table-of-409,408,/table-of-408,407,/table-of-407,406,/table-of-406
410,820,1230,1640,2050,2460,2870,3280,3690,4100,4510,4920,5330,5740,6150,6560,6970,7380,7790,8200,table-of-410,409,/table-of-409,408,/table-of-408,407,/table-of-407
411,822,1233,1644,2055,2466,2877,3288,3699,4110,4521,4932,5343,5754,6165,6576,6987,7398,7809,8220,table-of-411,410,/table-of-410,409,/table-of-409,408,/table-of-408
412,824,1236,1648,2060,2472,2884,3296,3708,4120,4532,4944,5356,5768,6180,6592,7004,7416,7828,8240,table-of-412,411,/table-of-411,410,/table-of-410,409,/table-of-409
413,826,1239,1652,2065,2478,2891,3304,3717,4130,4543,4956,5369,5782,6195,6608,7021,7434,7847,8260,table-of-413,412,/table-of-412,411,/table-of-411,410,/table-of-410
414,828,1242,1656,2070,2484,2898,3312,3726,4140,4554,4968,5382,5796,6210,6624,7038,7452,7866,8280,table-of-414,413,/table-of-413,412,/table-of-412,411,/table-of-411
415,830,1245,1660,2075,2490,2905,3320,3735,4150,4565,4980,5395,5810,6225,6640,7055,7470,7885,8300,table-of-415,414,/table-of-414,413,/table-of-413,412,/table-of-412
416,832,1248,1664,2080,2496,2912,3328,3744,4160,4576,4992,5408,5824,6240,6656,7072,7488,7904,8320,table-of-416,415,/table-of-415,414,/table-of-414,413,/table-of-413
417,834,1251,1668,2085,2502,2919,3336,3753,4170,4587,5004,5421,5838,6255,6672,7089,7506,7923,8340,table-of-417,416,/table-of-416,415,/table-of-415,414,/table-of-414
418,836,1254,1672,2090,2508,2926,3344,3762,4180,4598,5016,5434,5852,6270,6688,7106,7524,7942,8360,table-of-418,417,/table-of-417,416,/table-of-416,415,/table-of-415
419,838,1257,1676,2095,2514,2933,3352,3771,4190,4609,5028,5447,5866,6285,6704,7123,7542,7961,8380,table-of-419,418,/table-of-418,417,/table-of-417,416,/table-of-416
420,840,1260,1680,2100,2520,2940,3360,3780,4200,4620,5040,5460,5880,6300,6720,7140,7560,7980,8400,table-of-420,419,/table-of-419,418,/table-of-418,417,/table-of-417
421,842,1263,1684,2105,2526,2947,3368,3789,4210,4631,5052,5473,5894,6315,6736,7157,7578,7999,8420,table-of-421,420,/table-of-420,419,/table-of-419,418,/table-of-418
422,844,1266,1688,2110,2532,2954,3376,3798,4220,4642,5064,5486,5908,6330,6752,7174,7596,8018,8440,table-of-422,421,/table-of-421,420,/table-of-420,419,/table-of-419
423,846,1269,1692,2115,2538,2961,3384,3807,4230,4653,5076,5499,5922,6345,6768,7191,7614,8037,8460,table-of-423,422,/table-of-422,421,/table-of-421,420,/table-of-420
424,848,1272,1696,2120,2544,2968,3392,3816,4240,4664,5088,5512,5936,6360,6784,7208,7632,8056,8480,table-of-424,423,/table-of-423,422,/table-of-422,421,/table-of-421
425,850,1275,1700,2125,2550,2975,3400,3825,4250,4675,5100,5525,5950,6375,6800,7225,7650,8075,8500,table-of-425,424,/table-of-424,423,/table-of-423,422,/table-of-422
426,852,1278,1704,2130,2556,2982,3408,3834,4260,4686,5112,5538,5964,6390,6816,7242,7668,8094,8520,table-of-426,425,/table-of-425,424,/table-of-424,423,/table-of-423
427,854,1281,1708,2135,2562,2989,3416,3843,4270,4697,5124,5551,5978,6405,6832,7259,7686,8113,8540,table-of-427,426,/table-of-426,425,/table-of-425,424,/table-of-424
428,856,1284,1712,2140,2568,2996,3424,3852,4280,4708,5136,5564,5992,6420,6848,7276,7704,8132,8560,table-of-428,427,/table-of-427,426,/table-of-426,425,/table-of-425
429,858,1287,1716,2145,2574,3003,3432,3861,4290,4719,5148,5577,6006,6435,6864,7293,7722,8151,8580,table-of-429,428,/table-of-428,427,/table-of-427,426,/table-of-426
430,860,1290,1720,2150,2580,3010,3440,3870,4300,4730,5160,5590,6020,6450,6880,7310,7740,8170,8600,table-of-430,429,/table-of-429,428,/table-of-428,427,/table-of-427
431,862,1293,1724,2155,2586,3017,3448,3879,4310,4741,5172,5603,6034,6465,6896,7327,7758,8189,8620,table-of-431,430,/table-of-430,429,/table-of-429,428,/table-of-428
432,864,1296,1728,2160,2592,3024,3456,3888,4320,4752,5184,5616,6048,6480,6912,7344,7776,8208,8640,table-of-432,431,/table-of-431,430,/table-of-430,429,/table-of-429
433,866,1299,1732,2165,2598,3031,3464,3897,4330,4763,5196,5629,6062,6495,6928,7361,7794,8227,8660,table-of-433,432,/table-of-432,431,/table-of-431,430,/table-of-430
434,868,1302,1736,2170,2604,3038,3472,3906,4340,4774,5208,5642,6076,6510,6944,7378,7812,8246,8680,table-of-434,433,/table-of-433,432,/table-of-432,431,/table-of-431
435,870,1305,1740,2175,2610,3045,3480,3915,4350,4785,5220,5655,6090,6525,6960,7395,7830,8265,8700,table-of-435,434,/table-of-434,433,/table-of-433,432,/table-of-432
436,872,1308,1744,2180,2616,3052,3488,3924,4360,4796,5232,5668,6104,6540,6976,7412,7848,8284,8720,table-of-436,435,/table-of-435,434,/table-of-434,433,/table-of-433
437,874,1311,1748,2185,2622,3059,3496,3933,4370,4807,5244,5681,6118,6555,6992,7429,7866,8303,8740,table-of-437,436,/table-of-436,435,/table-of-435,434,/table-of-434
438,876,1314,1752,2190,2628,3066,3504,3942,4380,4818,5256,5694,6132,6570,7008,7446,7884,8322,8760,table-of-438,437,/table-of-437,436,/table-of-436,435,/table-of-435
439,878,1317,1756,2195,2634,3073,3512,3951,4390,4829,5268,5707,6146,6585,7024,7463,7902,8341,8780,table-of-439,438,/table-of-438,437,/table-of-437,436,/table-of-436
440,880,1320,1760,2200,2640,3080,3520,3960,4400,4840,5280,5720,6160,6600,7040,7480,7920,8360,8800,table-of-440,439,/table-of-439,438,/table-of-438,437,/table-of-437
441,882,1323,1764,2205,2646,3087,3528,3969,4410,4851,5292,5733,6174,6615,7056,7497,7938,8379,8820,table-of-441,440,/table-of-440,439,/table-of-439,438,/table-of-438
442,884,1326,1768,2210,2652,3094,3536,3978,4420,4862,5304,5746,6188,6630,7072,7514,7956,8398,8840,table-of-442,441,/table-of-441,440,/table-of-440,439,/table-of-439
443,886,1329,1772,2215,2658,3101,3544,3987,4430,4873,5316,5759,6202,6645,7088,7531,7974,8417,8860,table-of-443,442,/table-of-442,441,/table-of-441,440,/table-of-440
444,888,1332,1776,2220,2664,3108,3552,3996,4440,4884,5328,5772,6216,6660,7104,7548,7992,8436,8880,table-of-444,443,/table-of-443,442,/table-of-442,441,/table-of-441
445,890,1335,1780,2225,2670,3115,3560,4005,4450,4895,5340,5785,6230,6675,7120,7565,8010,8455,8900,table-of-445,444,/table-of-444,443,/table-of-443,442,/table-of-442
446,892,1338,1784,2230,2676,3122,3568,4014,4460,4906,5352,5798,6244,6690,7136,7582,8028,8474,8920,table-of-446,445,/table-of-445,444,/table-of-444,443,/table-of-443
447,894,1341,1788,2235,2682,3129,3576,4023,4470,4917,5364,5811,6258,6705,7152,7599,8046,8493,8940,table-of-447,446,/table-of-446,445,/table-of-445,444,/table-of-444
448,896,1344,1792,2240,2688,3136,3584,4032,4480,4928,5376,5824,6272,6720,7168,7616,8064,8512,8960,table-of-448,447,/table-of-447,446,/table-of-446,445,/table-of-445
449,898,1347,1796,2245,2694,3143,3592,4041,4490,4939,5388,5837,6286,6735,7184,7633,8082,8531,8980,table-of-449,448,/table-of-448,447,/table-of-447,446,/table-of-446
450,900,1350,1800,2250,2700,3150,3600,4050,4500,4950,5400,5850,6300,6750,7200,7650,8100,8550,9000,table-of-450,449,/table-of-449,448,/table-of-448,447,/table-of-447
451,902,1353,1804,2255,2706,3157,3608,4059,4510,4961,5412,5863,6314,6765,7216,7667,8118,8569,9020,table-of-451,450,/table-of-450,449,/table-of-449,448,/table-of-448
452,904,1356,1808,2260,2712,3164,3616,4068,4520,4972,5424,5876,6328,6780,7232,7684,8136,8588,9040,table-of-452,451,/table-of-451,450,/table-of-450,449,/table-of-449
453,906,1359,1812,2265,2718,3171,3624,4077,4530,4983,5436,5889,6342,6795,7248,7701,8154,8607,9060,table-of-453,452,/table-of-452,451,/table-of-451,450,/table-of-450
454,908,1362,1816,2270,2724,3178,3632,4086,4540,4994,5448,5902,6356,6810,7264,7718,8172,8626,9080,table-of-454,453,/table-of-453,452,/table-of-452,451,/table-of-451
455,910,1365,1820,2275,2730,3185,3640,4095,4550,5005,5460,5915,6370,6825,7280,7735,8190,8645,9100,table-of-455,454,/table-of-454,453,/table-of-453,452,/table-of-452
456,912,1368,1824,2280,2736,3192,3648,4104,4560,5016,5472,5928,6384,6840,7296,7752,8208,8664,9120,table-of-456,455,/table-of-455,454,/table-of-454,453,/table-of-453
457,914,1371,1828,2285,2742,3199,3656,4113,4570,5027,5484,5941,6398,6855,7312,7769,8226,8683,9140,table-of-457,456,/table-of-456,455,/table-of-455,454,/table-of-454
458,916,1374,1832,2290,2748,3206,3664,4122,4580,5038,5496,5954,6412,6870,7328,7786,8244,8702,9160,table-of-458,457,/table-of-457,456,/table-of-456,455,/table-of-455
459,918,1377,1836,2295,2754,3213,3672,4131,4590,5049,5508,5967,6426,6885,7344,7803,8262,8721,9180,table-of-459,458,/table-of-458,457,/table-of-457,456,/table-of-456
460,920,1380,1840,2300,2760,3220,3680,4140,4600,5060,5520,5980,6440,6900,7360,7820,8280,8740,9200,table-of-460,459,/table-of-459,458,/table-of-458,457,/table-of-457
461,922,1383,1844,2305,2766,3227,3688,4149,4610,5071,5532,5993,6454,6915,7376,7837,8298,8759,9220,table-of-461,460,/table-of-460,459,/table-of-459,458,/table-of-458
462,924,1386,1848,2310,2772,3234,3696,4158,4620,5082,5544,6006,6468,6930,7392,7854,8316,8778,9240,table-of-462,461,/table-of-461,460,/table-of-460,459,/table-of-459
463,926,1389,1852,2315,2778,3241,3704,4167,4630,5093,5556,6019,6482,6945,7408,7871,8334,8797,9260,table-of-463,462,/table-of-462,461,/table-of-461,460,/table-of-460
464,928,1392,1856,2320,2784,3248,3712,4176,4640,5104,5568,6032,6496,6960,7424,7888,8352,8816,9280,table-of-464,463,/table-of-463,462,/table-of-462,461,/table-of-461
465,930,1395,1860,2325,2790,3255,3720,4185,4650,5115,5580,6045,6510,6975,7440,7905,8370,8835,9300,table-of-465,464,/table-of-464,463,/table-of-463,462,/table-of-462
466,932,1398,1864,2330,2796,3262,3728,4194,4660,5126,5592,6058,6524,6990,7456,7922,8388,8854,9320,table-of-466,465,/table-of-465,464,/table-of-464,463,/table-of-463
467,934,1401,1868,2335,2802,3269,3736,4203,4670,5137,5604,6071,6538,7005,7472,7939,8406,8873,9340,table-of-467,466,/table-of-466,465,/table-of-465,464,/table-of-464
468,936,1404,1872,2340,2808,3276,3744,4212,4680,5148,5616,6084,6552,7020,7488,7956,8424,8892,9360,table-of-468,467,/table-of-467,466,/table-of-466,465,/table-of-465
469,938,1407,1876,2345,2814,3283,3752,4221,4690,5159,5628,6097,6566,7035,7504,7973,8442,8911,9380,table-of-469,468,/table-of-468,467,/table-of-467,466,/table-of-466
470,940,1410,1880,2350,2820,3290,3760,4230,4700,5170,5640,6110,6580,7050,7520,7990,8460,8930,9400,table-of-470,469,/table-of-469,468,/table-of-468,467,/table-of-467
471,942,1413,1884,2355,2826,3297,3768,4239,4710,5181,5652,6123,6594,7065,7536,8007,8478,8949,9420,table-of-471,470,/table-of-470,469,/table-of-469,468,/table-of-468
472,944,1416,1888,2360,2832,3304,3776,4248,4720,5192,5664,6136,6608,7080,7552,8024,8496,8968,9440,table-of-472,471,/table-of-471,470,/table-of-470,469,/table-of-469
473,946,1419,1892,2365,2838,3311,3784,4257,4730,5203,5676,6149,6622,7095,7568,8041,8514,8987,9460,table-of-473,472,/table-of-472,471,/table-of-471,470,/table-of-470
474,948,1422,1896,2370,2844,3318,3792,4266,4740,5214,5688,6162,6636,7110,7584,8058,8532,9006,9480,table-of-474,473,/table-of-473,472,/table-of-472,471,/table-of-471
475,950,1425,1900,2375,2850,3325,3800,4275,4750,5225,5700,6175,6650,7125,7600,8075,8550,9025,9500,table-of-475,474,/table-of-474,473,/table-of-473,472,/table-of-472
476,952,1428,1904,2380,2856,3332,3808,4284,4760,5236,5712,6188,6664,7140,7616,8092,8568,9044,9520,table-of-476,475,/table-of-475,474,/table-of-474,473,/table-of-473
477,954,1431,1908,2385,2862,3339,3816,4293,4770,5247,5724,6201,6678,7155,7632,8109,8586,9063,9540,table-of-477,476,/table-of-476,475,/table-of-475,474,/table-of-474
478,956,1434,1912,2390,2868,3346,3824,4302,4780,5258,5736,6214,6692,7170,7648,8126,8604,9082,9560,table-of-478,477,/table-of-477,476,/table-of-476,475,/table-of-475
479,958,1437,1916,2395,2874,3353,3832,4311,4790,5269,5748,6227,6706,7185,7664,8143,8622,9101,9580,table-of-479,478,/table-of-478,477,/table-of-477,476,/table-of-476
480,960,1440,1920,2400,2880,3360,3840,4320,4800,5280,5760,6240,6720,7200,7680,8160,8640,9120,9600,table-of-480,479,/table-of-479,478,/table-of-478,477,/table-of-477
481,962,1443,1924,2405,2886,3367,3848,4329,4810,5291,5772,6253,6734,7215,7696,8177,8658,9139,9620,table-of-481,480,/table-of-480,479,/table-of-479,478,/table-of-478
482,964,1446,1928,2410,2892,3374,3856,4338,4820,5302,5784,6266,6748,7230,7712,8194,8676,9158,9640,table-of-482,481,/table-of-481,480,/table-of-480,479,/table-of-479
483,966,1449,1932,2415,2898,3381,3864,4347,4830,5313,5796,6279,6762,7245,7728,8211,8694,9177,9660,table-of-483,482,/table-of-482,481,/table-of-481,480,/table-of-480
484,968,1452,1936,2420,2904,3388,3872,4356,4840,5324,5808,6292,6776,7260,7744,8228,8712,9196,9680,table-of-484,483,/table-of-483,482,/table-of-482,481,/table-of-481
485,970,1455,1940,2425,2910,3395,3880,4365,4850,5335,5820,6305,6790,7275,7760,8245,8730,9215,9700,table-of-485,484,/table-of-484,483,/table-of-483,482,/table-of-482
486,972,1458,1944,2430,2916,3402,3888,4374,4860,5346,5832,6318,6804,7290,7776,8262,8748,9234,9720,table-of-486,485,/table-of-485,484,/table-of-484,483,/table-of-483
487,974,1461,1948,2435,2922,3409,3896,4383,4870,5357,5844,6331,6818,7305,7792,8279,8766,9253,9740,table-of-487,486,/table-of-486,485,/table-of-485,484,/table-of-484
488,976,1464,1952,2440,2928,3416,3904,4392,4880,5368,5856,6344,6832,7320,7808,8296,8784,9272,9760,table-of-488,487,/table-of-487,486,/table-of-486,485,/table-of-485
489,978,1467,1956,2445,2934,3423,3912,4401,4890,5379,5868,6357,6846,7335,7824,8313,8802,9291,9780,table-of-489,488,/table-of-488,487,/table-of-487,486,/table-of-486
490,980,1470,1960,2450,2940,3430,3920,4410,4900,5390,5880,6370,6860,7350,7840,8330,8820,9310,9800,table-of-490,489,/table-of-489,488,/table-of-488,487,/table-of-487
491,982,1473,1964,2455,2946,3437,3928,4419,4910,5401,5892,6383,6874,7365,7856,8347,8838,9329,9820,table-of-491,490,/table-of-490,489,/table-of-489,488,/table-of-488
492,984,1476,1968,2460,2952,3444,3936,4428,4920,5412,5904,6396,6888,7380,7872,8364,8856,9348,9840,table-of-492,491,/table-of-491,490,/table-of-490,489,/table-of-489
493,986,1479,1972,2465,2958,3451,3944,4437,4930,5423,5916,6409,6902,7395,7888,8381,8874,9367,9860,table-of-493,492,/table-of-492,491,/table-of-491,490,/table-of-490
494,988,1482,1976,2470,2964,3458,3952,4446,4940,5434,5928,6422,6916,7410,7904,8398,8892,9386,9880,table-of-494,493,/table-of-493,492,/table-of-492,491,/table-of-491
495,990,1485,1980,2475,2970,3465,3960,4455,4950,5445,5940,6435,6930,7425,7920,8415,8910,9405,9900,table-of-495,494,/table-of-494,493,/table-of-493,492,/table-of-492
496,992,1488,1984,2480,2976,3472,3968,4464,4960,5456,5952,6448,6944,7440,7936,8432,8928,9424,9920,table-of-496,495,/table-of-495,494,/table-of-494,493,/table-of-493
497,994,1491,1988,2485,2982,3479,3976,4473,4970,5467,5964,6461,6958,7455,7952,8449,8946,9443,9940,table-of-497,496,/table-of-496,495,/table-of-495,494,/table-of-494
498,996,1494,1992,2490,2988,3486,3984,4482,4980,5478,5976,6474,6972,7470,7968,8466,8964,9462,9960,table-of-498,497,/table-of-497,496,/table-of-496,495,/table-of-495
499,998,1497,1996,2495,2994,3493,3992,4491,4990,5489,5988,6487,6986,7485,7984,8483,8982,9481,9980,table-of-499,498,/table-of-498,497,/table-of-497,496,/table-of-496
500,1000,1500,2000,2500,3000,3500,4000,4500,5000,5500,6000,6500,7000,7500,8000,8500,9000,9500,10000,table-of-500,499,/table-of-499,498,/table-of-498,497,/table-of-497
501,1002,1503,2004,2505,3006,3507,4008,4509,5010,5511,6012,6513,7014,7515,8016,8517,9018,9519,10020,table-of-501,500,/table-of-500,499,/table-of-499,498,/table-of-498
502,1004,1506,2008,2510,3012,3514,4016,4518,5020,5522,6024,6526,7028,7530,8032,8534,9036,9538,10040,table-of-502,501,/table-of-501,500,/table-of-500,499,/table-of-499
503,1006,1509,2012,2515,3018,3521,4024,4527,5030,5533,6036,6539,7042,7545,8048,8551,9054,9557,10060,table-of-503,502,/table-of-502,501,/table-of-501,500,/table-of-500
504,1008,1512,2016,2520,3024,3528,4032,4536,5040,5544,6048,6552,7056,7560,8064,8568,9072,9576,10080,table-of-504,503,/table-of-503,502,/table-of-502,501,/table-of-501
505,1010,1515,2020,2525,3030,3535,4040,4545,5050,5555,6060,6565,7070,7575,8080,8585,9090,9595,10100,table-of-505,504,/table-of-504,503,/table-of-503,502,/table-of-502
506,1012,1518,2024,2530,3036,3542,4048,4554,5060,5566,6072,6578,7084,7590,8096,8602,9108,9614,10120,table-of-506,505,/table-of-505,504,/table-of-504,503,/table-of-503
507,1014,1521,2028,2535,3042,3549,4056,4563,5070,5577,6084,6591,7098,7605,8112,8619,9126,9633,10140,table-of-507,506,/table-of-506,505,/table-of-505,504,/table-of-504
508,1016,1524,2032,2540,3048,3556,4064,4572,5080,5588,6096,6604,7112,7620,8128,8636,9144,9652,10160,table-of-508,507,/table-of-507,506,/table-of-506,505,/table-of-505
509,1018,1527,2036,2545,3054,3563,4072,4581,5090,5599,6108,6617,7126,7635,8144,8653,9162,9671,10180,table-of-509,508,/table-of-508,507,/table-of-507,506,/table-of-506
510,1020,1530,2040,2550,3060,3570,4080,4590,5100,5610,6120,6630,7140,7650,8160,8670,9180,9690,10200,table-of-510,509,/table-of-509,508,/table-of-508,507,/table-of-507
511,1022,1533,2044,2555,3066,3577,4088,4599,5110,5621,6132,6643,7154,7665,8176,8687,9198,9709,10220,table-of-511,510,/table-of-510,509,/table-of-509,508,/table-of-508
512,1024,1536,2048,2560,3072,3584,4096,4608,5120,5632,6144,6656,7168,7680,8192,8704,9216,9728,10240,table-of-512,511,/table-of-511,510,/table-of-510,509,/table-of-509
513,1026,1539,2052,2565,3078,3591,4104,4617,5130,5643,6156,6669,7182,7695,8208,8721,9234,9747,10260,table-of-513,512,/table-of-512,511,/table-of-511,510,/table-of-510
514,1028,1542,2056,2570,3084,3598,4112,4626,5140,5654,6168,6682,7196,7710,8224,8738,9252,9766,10280,table-of-514,513,/table-of-513,512,/table-of-512,511,/table-of-511
515,1030,1545,2060,2575,3090,3605,4120,4635,5150,5665,6180,6695,7210,7725,8240,8755,9270,9785,10300,table-of-515,514,/table-of-514,513,/table-of-513,512,/table-of-512
516,1032,1548,2064,2580,3096,3612,4128,4644,5160,5676,6192,6708,7224,7740,8256,8772,9288,9804,10320,table-of-516,515,/table-of-515,514,/table-of-514,513,/table-of-513
517,1034,1551,2068,2585,3102,3619,4136,4653,5170,5687,6204,6721,7238,7755,8272,8789,9306,9823,10340,table-of-517,516,/table-of-516,515,/table-of-515,514,/table-of-514
518,1036,1554,2072,2590,3108,3626,4144,4662,5180,5698,6216,6734,7252,7770,8288,8806,9324,9842,10360,table-of-518,517,/table-of-517,516,/table-of-516,515,/table-of-515
519,1038,1557,2076,2595,3114,3633,4152,4671,5190,5709,6228,6747,7266,7785,8304,8823,9342,9861,10380,table-of-519,518,/table-of-518,517,/table-of-517,516,/table-of-516
520,1040,1560,2080,2600,3120,3640,4160,4680,5200,5720,6240,6760,7280,7800,8320,8840,9360,9880,10400,table-of-520,519,/table-of-519,518,/table-of-518,517,/table-of-517
521,1042,1563,2084,2605,3126,3647,4168,4689,5210,5731,6252,6773,7294,7815,8336,8857,9378,9899,10420,table-of-521,520,/table-of-520,519,/table-of-519,518,/table-of-518
522,1044,1566,2088,2610,3132,3654,4176,4698,5220,5742,6264,6786,7308,7830,8352,8874,9396,9918,10440,table-of-522,521,/table-of-521,520,/table-of-520,519,/table-of-519
523,1046,1569,2092,2615,3138,3661,4184,4707,5230,5753,6276,6799,7322,7845,8368,8891,9414,9937,10460,table-of-523,522,/table-of-522,521,/table-of-521,520,/table-of-520
524,1048,1572,2096,2620,3144,3668,4192,4716,5240,5764,6288,6812,7336,7860,8384,8908,9432,9956,10480,table-of-524,523,/table-of-523,522,/table-of-522,521,/table-of-521
525,1050,1575,2100,2625,3150,3675,4200,4725,5250,5775,6300,6825,7350,7875,8400,8925,9450,9975,10500,table-of-525,524,/table-of-524,523,/table-of-523,522,/table-of-522
526,1052,1578,2104,2630,3156,3682,4208,4734,5260,5786,6312,6838,7364,7890,8416,8942,9468,9994,10520,table-of-526,525,/table-of-525,524,/table-of-524,523,/table-of-523
527,1054,1581,2108,2635,3162,3689,4216,4743,5270,5797,6324,6851,7378,7905,8432,8959,9486,10013,10540,table-of-527,526,/table-of-526,525,/table-of-525,524,/table-of-524
528,1056,1584,2112,2640,3168,3696,4224,4752,5280,5808,6336,6864,7392,7920,8448,8976,9504,10032,10560,table-of-528,527,/table-of-527,526,/table-of-526,525,/table-of-525
529,1058,1587,2116,2645,3174,3703,4232,4761,5290,5819,6348,6877,7406,7935,8464,8993,9522,10051,10580,table-of-529,528,/table-of-528,527,/table-of-527,526,/table-of-526
530,1060,1590,2120,2650,3180,3710,4240,4770,5300,5830,6360,6890,7420,7950,8480,9010,9540,10070,10600,table-of-530,529,/table-of-529,528,/table-of-528,527,/table-of-527
531,1062,1593,2124,2655,3186,3717,4248,4779,5310,5841,6372,6903,7434,7965,8496,9027,9558,10089,10620,table-of-531,530,/table-of-530,529,/table-of-529,528,/table-of-528
532,1064,1596,2128,2660,3192,3724,4256,4788,5320,5852,6384,6916,7448,7980,8512,9044,9576,10108,10640,table-of-532,531,/table-of-531,530,/table-of-530,529,/table-of-529
533,1066,1599,2132,2665,3198,3731,4264,4797,5330,5863,6396,6929,7462,7995,8528,9061,9594,10127,10660,table-of-533,532,/table-of-532,531,/table-of-531,530,/table-of-530
534,1068,1602,2136,2670,3204,3738,4272,4806,5340,5874,6408,6942,7476,8010,8544,9078,9612,10146,10680,table-of-534,533,/table-of-533,532,/table-of-532,531,/table-of-531
535,1070,1605,2140,2675,3210,3745,4280,4815,5350,5885,6420,6955,7490,8025,8560,9095,9630,10165,10700,table-of-535,534,/table-of-534,533,/table-of-533,532,/table-of-532
536,1072,1608,2144,2680,3216,3752,4288,4824,5360,5896,6432,6968,7504,8040,8576,9112,9648,10184,10720,table-of-536,535,/table-of-535,534,/table-of-534,533,/table-of-533
537,1074,1611,2148,2685,3222,3759,4296,4833,5370,5907,6444,6981,7518,8055,8592,9129,9666,10203,10740,table-of-537,536,/table-of-536,535,/table-of-535,534,/table-of-534
538,1076,1614,2152,2690,3228,3766,4304,4842,5380,5918,6456,6994,7532,8070,8608,9146,9684,10222,10760,table-of-538,537,/table-of-537,536,/table-of-536,535,/table-of-535
539,1078,1617,2156,2695,3234,3773,4312,4851,5390,5929,6468,7007,7546,8085,8624,9163,9702,10241,10780,table-of-539,538,/table-of-538,537,/table-of-537,536,/table-of-536
540,1080,1620,2160,2700,3240,3780,4320,4860,5400,5940,6480,7020,7560,8100,8640,9180,9720,10260,10800,table-of-540,539,/table-of-539,538,/table-of-538,537,/table-of-537
541,1082,1623,2164,2705,3246,3787,4328,4869,5410,5951,6492,7033,7574,8115,8656,9197,9738,10279,10820,table-of-541,540,/table-of-540,539,/table-of-539,538,/table-of-538
542,1084,1626,2168,2710,3252,3794,4336,4878,5420,5962,6504,7046,7588,8130,8672,9214,9756,10298,10840,table-of-542,541,/table-of-541,540,/table-of-540,539,/table-of-539
543,1086,1629,2172,2715,3258,3801,4344,4887,5430,5973,6516,7059,7602,8145,8688,9231,9774,10317,10860,table-of-543,542,/table-of-542,541,/table-of-541,540,/table-of-540
544,1088,1632,2176,2720,3264,3808,4352,4896,5440,5984,6528,7072,7616,8160,8704,9248,9792,10336,10880,table-of-544,543,/table-of-543,542,/table-of-542,541,/table-of-541
545,1090,1635,2180,2725,3270,3815,4360,4905,5450,5995,6540,7085,7630,8175,8720,9265,9810,10355,10900,table-of-545,544,/table-of-544,543,/table-of-543,542,/table-of-542
546,1092,1638,2184,2730,3276,3822,4368,4914,5460,6006,6552,7098,7644,8190,8736,9282,9828,10374,10920,table-of-546,545,/table-of-545,544,/table-of-544,543,/table-of-543
547,1094,1641,2188,2735,3282,3829,4376,4923,5470,6017,6564,7111,7658,8205,8752,9299,9846,10393,10940,table-of-547,546,/table-of-546,545,/table-of-545,544,/table-of-544
548,1096,1644,2192,2740,3288,3836,4384,4932,5480,6028,6576,7124,7672,8220,8768,9316,9864,10412,10960,table-of-548,547,/table-of-547,546,/table-of-546,545,/table-of-545
549,1098,1647,2196,2745,3294,3843,4392,4941,5490,6039,6588,7137,7686,8235,8784,9333,9882,10431,10980,table-of-549,548,/table-of-548,547,/table-of-547,546,/table-of-546
550,1100,1650,2200,2750,3300,3850,4400,4950,5500,6050,6600,7150,7700,8250,8800,9350,9900,10450,11000,table-of-550,549,/table-of-549,548,/table-of-548,547,/table-of-547
551,1102,1653,2204,2755,3306,3857,4408,4959,5510,6061,6612,7163,7714,8265,8816,9367,9918,10469,11020,table-of-551,550,/table-of-550,549,/table-of-549,548,/table-of-548
552,1104,1656,2208,2760,3312,3864,4416,4968,5520,6072,6624,7176,7728,8280,8832,9384,9936,10488,11040,table-of-552,551,/table-of-551,550,/table-of-550,549,/table-of-549
553,1106,1659,2212,2765,3318,3871,4424,4977,5530,6083,6636,7189,7742,8295,8848,9401,9954,10507,11060,table-of-553,552,/table-of-552,551,/table-of-551,550,/table-of-550
554,1108,1662,2216,2770,3324,3878,4432,4986,5540,6094,6648,7202,7756,8310,8864,9418,9972,10526,11080,table-of-554,553,/table-of-553,552,/table-of-552,551,/table-of-551
555,1110,1665,2220,2775,3330,3885,4440,4995,5550,6105,6660,7215,7770,8325,8880,9435,9990,10545,11100,table-of-555,554,/table-of-554,553,/table-of-553,552,/table-of-552
556,1112,1668,2224,2780,3336,3892,4448,5004,5560,6116,6672,7228,7784,8340,8896,9452,10008,10564,11120,table-of-556,555,/table-of-555,554,/table-of-554,553,/table-of-553
557,1114,1671,2228,2785,3342,3899,4456,5013,5570,6127,6684,7241,7798,8355,8912,9469,10026,10583,11140,table-of-557,556,/table-of-556,555,/table-of-555,554,/table-of-554
558,1116,1674,2232,2790,3348,3906,4464,5022,5580,6138,6696,7254,7812,8370,8928,9486,10044,10602,11160,table-of-558,557,/table-of-557,556,/table-of-556,555,/table-of-555
559,1118,1677,2236,2795,3354,3913,4472,5031,5590,6149,6708,7267,7826,8385,8944,9503,10062,10621,11180,table-of-559,558,/table-of-558,557,/table-of-557,556,/table-of-556
560,1120,1680,2240,2800,3360,3920,4480,5040,5600,6160,6720,7280,7840,8400,8960,9520,10080,10640,11200,table-of-560,559,/table-of-559,558,/table-of-558,557,/table-of-557
561,1122,1683,2244,2805,3366,3927,4488,5049,5610,6171,6732,7293,7854,8415,8976,9537,10098,10659,11220,table-of-561,560,/table-of-560,559,/table-of-559,558,/table-of-558
562,1124,1686,2248,2810,3372,3934,4496,5058,5620,6182,6744,7306,7868,8430,8992,9554,10116,10678,11240,table-of-562,561,/table-of-561,560,/table-of-560,559,/table-of-559
563,1126,1689,2252,2815,3378,3941,4504,5067,5630,6193,6756,7319,7882,8445,9008,9571,10134,10697,11260,table-of-563,562,/table-of-562,561,/table-of-561,560,/table-of-560
564,1128,1692,2256,2820,3384,3948,4512,5076,5640,6204,6768,7332,7896,8460,9024,9588,10152,10716,11280,table-of-564,563,/table-of-563,562,/table-of-562,561,/table-of-561
565,1130,1695,2260,2825,3390,3955,4520,5085,5650,6215,6780,7345,7910,8475,9040,9605,10170,10735,11300,table-of-565,564,/table-of-564,563,/table-of-563,562,/table-of-562
566,1132,1698,2264,2830,3396,3962,4528,5094,5660,6226,6792,7358,7924,8490,9056,9622,10188,10754,11320,table-of-566,565,/table-of-565,564,/table-of-564,563,/table-of-563
567,1134,1701,2268,2835,3402,3969,4536,5103,5670,6237,6804,7371,7938,8505,9072,9639,10206,10773,11340,table-of-567,566,/table-of-566,565,/table-of-565,564,/table-of-564
568,1136,1704,2272,2840,3408,3976,4544,5112,5680,6248,6816,7384,7952,8520,9088,9656,10224,10792,11360,table-of-568,567,/table-of-567,566,/table-of-566,565,/table-of-565
569,1138,1707,2276,2845,3414,3983,4552,5121,5690,6259,6828,7397,7966,8535,9104,9673,10242,10811,11380,table-of-569,568,/table-of-568,567,/table-of-567,566,/table-of-566
570,1140,1710,2280,2850,3420,3990,4560,5130,5700,6270,6840,7410,7980,8550,9120,9690,10260,10830,11400,table-of-570,569,/table-of-569,568,/table-of-568,567,/table-of-567
571,1142,1713,2284,2855,3426,3997,4568,5139,5710,6281,6852,7423,7994,8565,9136,9707,10278,10849,11420,table-of-571,570,/table-of-570,569,/table-of-569,568,/table-of-568
572,1144,1716,2288,2860,3432,4004,4576,5148,5720,6292,6864,7436,8008,8580,9152,9724,10296,10868,11440,table-of-572,571,/table-of-571,570,/table-of-570,569,/table-of-569
573,1146,1719,2292,2865,3438,4011,4584,5157,5730,6303,6876,7449,8022,8595,9168,9741,10314,10887,11460,table-of-573,572,/table-of-572,571,/table-of-571,570,/table-of-570
574,1148,1722,2296,2870,3444,4018,4592,5166,5740,6314,6888,7462,8036,8610,9184,9758,10332,10906,11480,table-of-574,573,/table-of-573,572,/table-of-572,571,/table-of-571
575,1150,1725,2300,2875,3450,4025,4600,5175,5750,6325,6900,7475,8050,8625,9200,9775,10350,10925,11500,table-of-575,574,/table-of-574,573,/table-of-573,572,/table-of-572
576,1152,1728,2304,2880,3456,4032,4608,5184,5760,6336,6912,7488,8064,8640,9216,9792,10368,10944,11520,table-of-576,575,/table-of-575,574,/table-of-574,573,/table-of-573
577,1154,1731,2308,2885,3462,4039,4616,5193,5770,6347,6924,7501,8078,8655,9232,9809,10386,10963,11540,table-of-577,576,/table-of-576,575,/table-of-575,574,/table-of-574
578,1156,1734,2312,2890,3468,4046,4624,5202,5780,6358,6936,7514,8092,8670,9248,9826,10404,10982,11560,table-of-578,577,/table-of-577,576,/table-of-576,575,/table-of-575
579,1158,1737,2316,2895,3474,4053,4632,5211,5790,6369,6948,7527,8106,8685,9264,9843,10422,11001,11580,table-of-579,578,/table-of-578,577,/table-of-577,576,/table-of-576
580,1160,1740,2320,2900,3480,4060,4640,5220,5800,6380,6960,7540,8120,8700,9280,9860,10440,11020,11600,table-of-580,579,/table-of-579,578,/table-of-578,577,/table-of-577
581,1162,1743,2324,2905,3486,4067,4648,5229,5810,6391,6972,7553,8134,8715,9296,9877,10458,11039,11620,table-of-581,580,/table-of-580,579,/table-of-579,578,/table-of-578
582,1164,1746,2328,2910,3492,4074,4656,5238,5820,6402,6984,7566,8148,8730,9312,9894,10476,11058,11640,table-of-582,581,/table-of-581,580,/table-of-580,579,/table-of-579
583,1166,1749,2332,2915,3498,4081,4664,5247,5830,6413,6996,7579,8162,8745,9328,9911,10494,11077,11660,table-of-583,582,/table-of-582,581,/table-of-581,580,/table-of-580
584,1168,1752,2336,2920,3504,4088,4672,5256,5840,6424,7008,7592,8176,8760,9344,9928,10512,11096,11680,table-of-584,583,/table-of-583,582,/table-of-582,581,/table-of-581
585,1170,1755,2340,2925,3510,4095,4680,5265,5850,6435,7020,7605,8190,8775,9360,9945,10530,11115,11700,table-of-585,584,/table-of-584,583,/table-of-583,582,/table-of-582
586,1172,1758,2344,2930,3516,4102,4688,5274,5860,6446,7032,7618,8204,8790,9376,9962,10548,11134,11720,table-of-586,585,/table-of-585,584,/table-of-584,583,/table-of-583
587,1174,1761,2348,2935,3522,4109,4696,5283,5870,6457,7044,7631,8218,8805,9392,9979,10566,11153,11740,table-of-587,586,/table-of-586,585,/table-of-585,584,/table-of-584
588,1176,1764,2352,2940,3528,4116,4704,5292,5880,6468,7056,7644,8232,8820,9408,9996,10584,11172,11760,table-of-588,587,/table-of-587,586,/table-of-586,585,/table-of-585
589,1178,1767,2356,2945,3534,4123,4712,5301,5890,6479,7068,7657,8246,8835,9424,10013,10602,11191,11780,table-of-589,588,/table-of-588,587,/table-of-587,586,/table-of-586
590,1180,1770,2360,2950,3540,4130,4720,5310,5900,6490,7080,7670,8260,8850,9440,10030,10620,11210,11800,table-of-590,589,/table-of-589,588,/table-of-588,587,/table-of-587
591,1182,1773,2364,2955,3546,4137,4728,5319,5910,6501,7092,7683,8274,8865,9456,10047,10638,11229,11820,table-of-591,590,/table-of-590,589,/table-of-589,588,/table-of-588
592,1184,1776,2368,2960,3552,4144,4736,5328,5920,6512,7104,7696,8288,8880,9472,10064,10656,11248,11840,table-of-592,591,/table-of-591,590,/table-of-590,589,/table-of-589
593,1186,1779,2372,2965,3558,4151,4744,5337,5930,6523,7116,7709,8302,8895,9488,10081,10674,11267,11860,table-of-593,592,/table-of-592,591,/table-of-591,590,/table-of-590
594,1188,1782,2376,2970,3564,4158,4752,5346,5940,6534,7128,7722,8316,8910,9504,10098,10692,11286,11880,table-of-594,593,/table-of-593,592,/table-of-592,591,/table-of-591
595,1190,1785,2380,2975,3570,4165,4760,5355,5950,6545,7140,7735,8330,8925,9520,10115,10710,11305,11900,table-of-595,594,/table-of-594,593,/table-of-593,592,/table-of-592
596,1192,1788,2384,2980,3576,4172,4768,5364,5960,6556,7152,7748,8344,8940,9536,10132,10728,11324,11920,table-of-596,595,/table-of-595,594,/table-of-594,593,/table-of-593
597,1194,1791,2388,2985,3582,4179,4776,5373,5970,6567,7164,7761,8358,8955,9552,10149,10746,11343,11940,table-of-597,596,/table-of-596,595,/table-of-595,594,/table-of-594
598,1196,1794,2392,2990,3588,4186,4784,5382,5980,6578,7176,7774,8372,8970,9568,10166,10764,11362,11960,table-of-598,597,/table-of-597,596,/table-of-596,595,/table-of-595
599,1198,1797,2396,2995,3594,4193,4792,5391,5990,6589,7188,7787,8386,8985,9584,10183,10782,11381,11980,table-of-599,598,/table-of-598,597,/table-of-597,596,/table-of-596
600,1200,1800,2400,3000,3600,4200,4800,5400,6000,6600,7200,7800,8400,9000,9600,10200,10800,11400,12000,table-of-600,599,/table-of-599,598,/table-of-598,597,/table-of-597
601,1202,1803,2404,3005,3606,4207,4808,5409,6010,6611,7212,7813,8414,9015,9616,10217,10818,11419,12020,table-of-601,600,/table-of-600,599,/table-of-599,598,/table-of-598
602,1204,1806,2408,3010,3612,4214,4816,5418,6020,6622,7224,7826,8428,9030,9632,10234,10836,11438,12040,table-of-602,601,/table-of-601,600,/table-of-600,599,/table-of-599
603,1206,1809,2412,3015,3618,4221,4824,5427,6030,6633,7236,7839,8442,9045,9648,10251,10854,11457,12060,table-of-603,602,/table-of-602,601,/table-of-601,600,/table-of-600
604,1208,1812,2416,3020,3624,4228,4832,5436,6040,6644,7248,7852,8456,9060,9664,10268,10872,11476,12080,table-of-604,603,/table-of-603,602,/table-of-602,601,/table-of-601
605,1210,1815,2420,3025,3630,4235,4840,5445,6050,6655,7260,7865,8470,9075,9680,10285,10890,11495,12100,table-of-605,604,/table-of-604,603,/table-of-603,602,/table-of-602
606,1212,1818,2424,3030,3636,4242,4848,5454,6060,6666,7272,7878,8484,9090,9696,10302,10908,11514,12120,table-of-606,605,/table-of-605,604,/table-of-604,603,/table-of-603
607,1214,1821,2428,3035,3642,4249,4856,5463,6070,6677,7284,7891,8498,9105,9712,10319,10926,11533,12140,table-of-607,606,/table-of-606,605,/table-of-605,604,/table-of-604
608,1216,1824,2432,3040,3648,4256,4864,5472,6080,6688,7296,7904,8512,9120,9728,10336,10944,11552,12160,table-of-608,607,/table-of-607,606,/table-of-606,605,/table-of-605
609,1218,1827,2436,3045,3654,4263,4872,5481,6090,6699,7308,7917,8526,9135,9744,10353,10962,11571,12180,table-of-609,608,/table-of-608,607,/table-of-607,606,/table-of-606
610,1220,1830,2440,3050,3660,4270,4880,5490,6100,6710,7320,7930,8540,9150,9760,10370,10980,11590,12200,table-of-610,609,/table-of-609,608,/table-of-608,607,/table-of-607
611,1222,1833,2444,3055,3666,4277,4888,5499,6110,6721,7332,7943,8554,9165,9776,10387,10998,11609,12220,table-of-611,610,/table-of-610,609,/table-of-609,608,/table-of-608
612,1224,1836,2448,3060,3672,4284,4896,5508,6120,6732,7344,7956,8568,9180,9792,10404,11016,11628,12240,table-of-612,611,/table-of-611,610,/table-of-610,609,/table-of-609
613,1226,1839,2452,3065,3678,4291,4904,5517,6130,6743,7356,7969,8582,9195,9808,10421,11034,11647,12260,table-of-613,612,/table-of-612,611,/table-of-611,610,/table-of-610
614,1228,1842,2456,3070,3684,4298,4912,5526,6140,6754,7368,7982,8596,9210,9824,10438,11052,11666,12280,table-of-614,613,/table-of-613,612,/table-of-612,611,/table-of-611
615,1230,1845,2460,3075,3690,4305,4920,5535,6150,6765,7380,7995,8610,9225,9840,10455,11070,11685,12300,table-of-615,614,/table-of-614,613,/table-of-613,612,/table-of-612
616,1232,1848,2464,3080,3696,4312,4928,5544,6160,6776,7392,8008,8624,9240,9856,10472,11088,11704,12320,table-of-616,615,/table-of-615,614,/table-of-614,613,/table-of-613
617,1234,1851,2468,3085,3702,4319,4936,5553,6170,6787,7404,8021,8638,9255,9872,10489,11106,11723,12340,table-of-617,616,/table-of-616,615,/table-of-615,614,/table-of-614
618,1236,1854,2472,3090,3708,4326,4944,5562,6180,6798,7416,8034,8652,9270,9888,10506,11124,11742,12360,table-of-618,617,/table-of-617,616,/table-of-616,615,/table-of-615
619,1238,1857,2476,3095,3714,4333,4952,5571,6190,6809,7428,8047,8666,9285,9904,10523,11142,11761,12380,table-of-619,618,/table-of-618,617,/table-of-617,616,/table-of-616
620,1240,1860,2480,3100,3720,4340,4960,5580,6200,6820,7440,8060,8680,9300,9920,10540,11160,11780,12400,table-of-620,619,/table-of-619,618,/table-of-618,617,/table-of-617
621,1242,1863,2484,3105,3726,4347,4968,5589,6210,6831,7452,8073,8694,9315,9936,10557,11178,11799,12420,table-of-621,620,/table-of-620,619,/table-of-619,618,/table-of-618
622,1244,1866,2488,3110,3732,4354,4976,5598,6220,6842,7464,8086,8708,9330,9952,10574,11196,11818,12440,table-of-622,621,/table-of-621,620,/table-of-620,619,/table-of-619
623,1246,1869,2492,3115,3738,4361,4984,5607,6230,6853,7476,8099,8722,9345,9968,10591,11214,11837,12460,table-of-623,622,/table-of-622,621,/table-of-621,620,/table-of-620
624,1248,1872,2496,3120,3744,4368,4992,5616,6240,6864,7488,8112,8736,9360,9984,10608,11232,11856,12480,table-of-624,623,/table-of-623,622,/table-of-622,621,/table-of-621
625,1250,1875,2500,3125,3750,4375,5000,5625,6250,6875,7500,8125,8750,9375,10000,10625,11250,11875,12500,table-of-625,624,/table-of-624,623,/table-of-623,622,/table-of-622
626,1252,1878,2504,3130,3756,4382,5008,5634,6260,6886,7512,8138,8764,9390,10016,10642,11268,11894,12520,table-of-626,625,/table-of-625,624,/table-of-624,623,/table-of-623
627,1254,1881,2508,3135,3762,4389,5016,5643,6270,6897,7524,8151,8778,9405,10032,10659,11286,11913,12540,table-of-627,626,/table-of-626,625,/table-of-625,624,/table-of-624
628,1256,1884,2512,3140,3768,4396,5024,5652,6280,6908,7536,8164,8792,9420,10048,10676,11304,11932,12560,table-of-628,627,/table-of-627,626,/table-of-626,625,/table-of-625
629,1258,1887,2516,3145,3774,4403,5032,5661,6290,6919,7548,8177,8806,9435,10064,10693,11322,11951,12580,table-of-629,628,/table-of-628,627,/table-of-627,626,/table-of-626
630,1260,1890,2520,3150,3780,4410,5040,5670,6300,6930,7560,8190,8820,9450,10080,10710,11340,11970,12600,table-of-630,629,/table-of-629,628,/table-of-628,627,/table-of-627
631,1262,1893,2524,3155,3786,4417,5048,5679,6310,6941,7572,8203,8834,9465,10096,10727,11358,11989,12620,table-of-631,630,/table-of-630,629,/table-of-629,628,/table-of-628
632,1264,1896,2528,3160,3792,4424,5056,5688,6320,6952,7584,8216,8848,9480,10112,10744,11376,12008,12640,table-of-632,631,/table-of-631,630,/table-of-630,629,/table-of-629
633,1266,1899,2532,3165,3798,4431,5064,5697,6330,6963,7596,8229,8862,9495,10128,10761,11394,12027,12660,table-of-633,632,/table-of-632,631,/table-of-631,630,/table-of-630
634,1268,1902,2536,3170,3804,4438,5072,5706,6340,6974,7608,8242,8876,9510,10144,10778,11412,12046,12680,table-of-634,633,/table-of-633,632,/table-of-632,631,/table-of-631
635,1270,1905,2540,3175,3810,4445,5080,5715,6350,6985,7620,8255,8890,9525,10160,10795,11430,12065,12700,table-of-635,634,/table-of-634,633,/table-of-633,632,/table-of-632
636,1272,1908,2544,3180,3816,4452,5088,5724,6360,6996,7632,8268,8904,9540,10176,10812,11448,12084,12720,table-of-636,635,/table-of-635,634,/table-of-634,633,/table-of-633
637,1274,1911,2548,3185,3822,4459,5096,5733,6370,7007,7644,8281,8918,9555,10192,10829,11466,12103,12740,table-of-637,636,/table-of-636,635,/table-of-635,634,/table-of-634
638,1276,1914,2552,3190,3828,4466,5104,5742,6380,7018,7656,8294,8932,9570,10208,10846,11484,12122,12760,table-of-638,637,/table-of-637,636,/table-of-636,635,/table-of-635
639,1278,1917,2556,3195,3834,4473,5112,5751,6390,7029,7668,8307,8946,9585,10224,10863,11502,12141,12780,table-of-639,638,/table-of-638,637,/table-of-637,636,/table-of-636
640,1280,1920,2560,3200,3840,4480,5120,5760,6400,7040,7680,8320,8960,9600,10240,10880,11520,12160,12800,table-of-640,639,/table-of-639,638,/table-of-638,637,/table-of-637
641,1282,1923,2564,3205,3846,4487,5128,5769,6410,7051,7692,8333,8974,9615,10256,10897,11538,12179,12820,table-of-641,640,/table-of-640,639,/table-of-639,638,/table-of-638
642,1284,1926,2568,3210,3852,4494,5136,5778,6420,7062,7704,8346,8988,9630,10272,10914,11556,12198,12840,table-of-642,641,/table-of-641,640,/table-of-640,639,/table-of-639
643,1286,1929,2572,3215,3858,4501,5144,5787,6430,7073,7716,8359,9002,9645,10288,10931,11574,12217,12860,table-of-643,642,/table-of-642,641,/table-of-641,640,/table-of-640
644,1288,1932,2576,3220,3864,4508,5152,5796,6440,7084,7728,8372,9016,9660,10304,10948,11592,12236,12880,table-of-644,643,/table-of-643,642,/table-of-642,641,/table-of-641
645,1290,1935,2580,3225,3870,4515,5160,5805,6450,7095,7740,8385,9030,9675,10320,10965,11610,12255,12900,table-of-645,644,/table-of-644,643,/table-of-643,642,/table-of-642
646,1292,1938,2584,3230,3876,4522,5168,5814,6460,7106,7752,8398,9044,9690,10336,10982,11628,12274,12920,table-of-646,645,/table-of-645,644,/table-of-644,643,/table-of-643
647,1294,1941,2588,3235,3882,4529,5176,5823,6470,7117,7764,8411,9058,9705,10352,10999,11646,12293,12940,table-of-647,646,/table-of-646,645,/table-of-645,644,/table-of-644
648,1296,1944,2592,3240,3888,4536,5184,5832,6480,7128,7776,8424,9072,9720,10368,11016,11664,12312,12960,table-of-648,647,/table-of-647,646,/table-of-646,645,/table-of-645
649,1298,1947,2596,3245,3894,4543,5192,5841,6490,7139,7788,8437,9086,9735,10384,11033,11682,12331,12980,table-of-649,648,/table-of-648,647,/table-of-647,646,/table-of-646
650,1300,1950,2600,3250,3900,4550,5200,5850,6500,7150,7800,8450,9100,9750,10400,11050,11700,12350,13000,table-of-650,649,/table-of-649,648,/table-of-648,647,/table-of-647
651,1302,1953,2604,3255,3906,4557,5208,5859,6510,7161,7812,8463,9114,9765,10416,11067,11718,12369,13020,table-of-651,650,/table-of-650,649,/table-of-649,648,/table-of-648
652,1304,1956,2608,3260,3912,4564,5216,5868,6520,7172,7824,8476,9128,9780,10432,11084,11736,12388,13040,table-of-652,651,/table-of-651,650,/table-of-650,649,/table-of-649
653,1306,1959,2612,3265,3918,4571,5224,5877,6530,7183,7836,8489,9142,9795,10448,11101,11754,12407,13060,table-of-653,652,/table-of-652,651,/table-of-651,650,/table-of-650
654,1308,1962,2616,3270,3924,4578,5232,5886,6540,7194,7848,8502,9156,9810,10464,11118,11772,12426,13080,table-of-654,653,/table-of-653,652,/table-of-652,651,/table-of-651
655,1310,1965,2620,3275,3930,4585,5240,5895,6550,7205,7860,8515,9170,9825,10480,11135,11790,12445,13100,table-of-655,654,/table-of-654,653,/table-of-653,652,/table-of-652
656,1312,1968,2624,3280,3936,4592,5248,5904,6560,7216,7872,8528,9184,9840,10496,11152,11808,12464,13120,table-of-656,655,/table-of-655,654,/table-of-654,653,/table-of-653
657,1314,1971,2628,3285,3942,4599,5256,5913,6570,7227,7884,8541,9198,9855,10512,11169,11826,12483,13140,table-of-657,656,/table-of-656,655,/table-of-655,654,/table-of-654
658,1316,1974,2632,3290,3948,4606,5264,5922,6580,7238,7896,8554,9212,9870,10528,11186,11844,12502,13160,table-of-658,657,/table-of-657,656,/table-of-656,655,/table-of-655
659,1318,1977,2636,3295,3954,4613,5272,5931,6590,7249,7908,8567,9226,9885,10544,11203,11862,12521,13180,table-of-659,658,/table-of-658,657,/table-of-657,656,/table-of-656
660,1320,1980,2640,3300,3960,4620,5280,5940,6600,7260,7920,8580,9240,9900,10560,11220,11880,12540,13200,table-of-660,659,/table-of-659,658,/table-of-658,657,/table-of-657
661,1322,1983,2644,3305,3966,4627,5288,5949,6610,7271,7932,8593,9254,9915,10576,11237,11898,12559,13220,table-of-661,660,/table-of-660,659,/table-of-659,658,/table-of-658
662,1324,1986,2648,3310,3972,4634,5296,5958,6620,7282,7944,8606,9268,9930,10592,11254,11916,12578,13240,table-of-662,661,/table-of-661,660,/table-of-660,659,/table-of-659
663,1326,1989,2652,3315,3978,4641,5304,5967,6630,7293,7956,8619,9282,9945,10608,11271,11934,12597,13260,table-of-663,662,/table-of-662,661,/table-of-661,660,/table-of-660
664,1328,1992,2656,3320,3984,4648,5312,5976,6640,7304,7968,8632,9296,9960,10624,11288,11952,12616,13280,table-of-664,663,/table-of-663,662,/table-of-662,661,/table-of-661
665,1330,1995,2660,3325,3990,4655,5320,5985,6650,7315,7980,8645,9310,9975,10640,11305,11970,12635,13300,table-of-665,664,/table-of-664,663,/table-of-663,662,/table-of-662
666,1332,1998,2664,3330,3996,4662,5328,5994,6660,7326,7992,8658,9324,9990,10656,11322,11988,12654,13320,table-of-666,665,/table-of-665,664,/table-of-664,663,/table-of-663
667,1334,2001,2668,3335,4002,4669,5336,6003,6670,7337,8004,8671,9338,10005,10672,11339,12006,12673,13340,table-of-667,666,/table-of-666,665,/table-of-665,664,/table-of-664
668,1336,2004,2672,3340,4008,4676,5344,6012,6680,7348,8016,8684,9352,10020,10688,11356,12024,12692,13360,table-of-668,667,/table-of-667,666,/table-of-666,665,/table-of-665
669,1338,2007,2676,3345,4014,4683,5352,6021,6690,7359,8028,8697,9366,10035,10704,11373,12042,12711,13380,table-of-669,668,/table-of-668,667,/table-of-667,666,/table-of-666
670,1340,2010,2680,3350,4020,4690,5360,6030,6700,7370,8040,8710,9380,10050,10720,11390,12060,12730,13400,table-of-670,669,/table-of-669,668,/table-of-668,667,/table-of-667
671,1342,2013,2684,3355,4026,4697,5368,6039,6710,7381,8052,8723,9394,10065,10736,11407,12078,12749,13420,table-of-671,670,/table-of-670,669,/table-of-669,668,/table-of-668
672,1344,2016,2688,3360,4032,4704,5376,6048,6720,7392,8064,8736,9408,10080,10752,11424,12096,12768,13440,table-of-672,671,/table-of-671,670,/table-of-670,669,/table-of-669
673,1346,2019,2692,3365,4038,4711,5384,6057,6730,7403,8076,8749,9422,10095,10768,11441,12114,12787,13460,table-of-673,672,/table-of-672,671,/table-of-671,670,/table-of-670
674,1348,2022,2696,3370,4044,4718,5392,6066,6740,7414,8088,8762,9436,10110,10784,11458,12132,12806,13480,table-of-674,673,/table-of-673,672,/table-of-672,671,/table-of-671
675,1350,2025,2700,3375,4050,4725,5400,6075,6750,7425,8100,8775,9450,10125,10800,11475,12150,12825,13500,table-of-675,674,/table-of-674,673,/table-of-673,672,/table-of-672
676,1352,2028,2704,3380,4056,4732,5408,6084,6760,7436,8112,8788,9464,10140,10816,11492,12168,12844,13520,table-of-676,675,/table-of-675,674,/table-of-674,673,/table-of-673
677,1354,2031,2708,3385,4062,4739,5416,6093,6770,7447,8124,8801,9478,10155,10832,11509,12186,12863,13540,table-of-677,676,/table-of-676,675,/table-of-675,674,/table-of-674
678,1356,2034,2712,3390,4068,4746,5424,6102,6780,7458,8136,8814,9492,10170,10848,11526,12204,12882,13560,table-of-678,677,/table-of-677,676,/table-of-676,675,/table-of-675
679,1358,2037,2716,3395,4074,4753,5432,6111,6790,7469,8148,8827,9506,10185,10864,11543,12222,12901,13580,table-of-679,678,/table-of-678,677,/table-of-677,676,/table-of-676
680,1360,2040,2720,3400,4080,4760,5440,6120,6800,7480,8160,8840,9520,10200,10880,11560,12240,12920,13600,table-of-680,679,/table-of-679,678,/table-of-678,677,/table-of-677
681,1362,2043,2724,3405,4086,4767,5448,6129,6810,7491,8172,8853,9534,10215,10896,11577,12258,12939,13620,table-of-681,680,/table-of-680,679,/table-of-679,678,/table-of-678
682,1364,2046,2728,3410,4092,4774,5456,6138,6820,7502,8184,8866,9548,10230,10912,11594,12276,12958,13640,table-of-682,681,/table-of-681,680,/table-of-680,679,/table-of-679
683,1366,2049,2732,3415,4098,4781,5464,6147,6830,7513,8196,8879,9562,10245,10928,11611,12294,12977,13660,table-of-683,682,/table-of-682,681,/table-of-681,680,/table-of-680
684,1368,2052,2736,3420,4104,4788,5472,6156,6840,7524,8208,8892,9576,10260,10944,11628,12312,12996,13680,table-of-684,683,/table-of-683,682,/table-of-682,681,/table-of-681
685,1370,2055,2740,3425,4110,4795,5480,6165,6850,7535,8220,8905,9590,10275,10960,11645,12330,13015,13700,table-of-685,684,/table-of-684,683,/table-of-683,682,/table-of-682
686,1372,2058,2744,3430,4116,4802,5488,6174,6860,7546,8232,8918,9604,10290,10976,11662,12348,13034,13720,table-of-686,685,/table-of-685,684,/table-of-684,683,/table-of-683
687,1374,2061,2748,3435,4122,4809,5496,6183,6870,7557,8244,8931,9618,10305,10992,11679,12366,13053,13740,table-of-687,686,/table-of-686,685,/table-of-685,684,/table-of-684
688,1376,2064,2752,3440,4128,4816,5504,6192,6880,7568,8256,8944,9632,10320,11008,11696,12384,13072,13760,table-of-688,687,/table-of-687,686,/table-of-686,685,/table-of-685
689,1378,2067,2756,3445,4134,4823,5512,6201,6890,7579,8268,8957,9646,10335,11024,11713,12402,13091,13780,table-of-689,688,/table-of-688,687,/table-of-687,686,/table-of-686
690,1380,2070,2760,3450,4140,4830,5520,6210,6900,7590,8280,8970,9660,10350,11040,11730,12420,13110,13800,table-of-690,689,/table-of-689,688,/table-of-688,687,/table-of-687
691,1382,2073,2764,3455,4146,4837,5528,6219,6910,7601,8292,8983,9674,10365,11056,11747,12438,13129,13820,table-of-691,690,/table-of-690,689,/table-of-689,688,/table-of-688
692,1384,2076,2768,3460,4152,4844,5536,6228,6920,7612,8304,8996,9688,10380,11072,11764,12456,13148,13840,table-of-692,691,/table-of-691,690,/table-of-690,689,/table-of-689
693,1386,2079,2772,3465,4158,4851,5544,6237,6930,7623,8316,9009,9702,10395,11088,11781,12474,13167,13860,table-of-693,692,/table-of-692,691,/table-of-691,690,/table-of-690
694,1388,2082,2776,3470,4164,4858,5552,6246,6940,7634,8328,9022,9716,10410,11104,11798,12492,13186,13880,table-of-694,693,/table-of-693,692,/table-of-692,691,/table-of-691
695,1390,2085,2780,3475,4170,4865,5560,6255,6950,7645,8340,9035,9730,10425,11120,11815,12510,13205,13900,table-of-695,694,/table-of-694,693,/table-of-693,692,/table-of-692
696,1392,2088,2784,3480,4176,4872,5568,6264,6960,7656,8352,9048,9744,10440,11136,11832,12528,13224,13920,table-of-696,695,/table-of-695,694,/table-of-694,693,/table-of-693
697,1394,2091,2788,3485,4182,4879,5576,6273,6970,7667,8364,9061,9758,10455,11152,11849,12546,13243,13940,table-of-697,696,/table-of-696,695,/table-of-695,694,/table-of-694
698,1396,2094,2792,3490,4188,4886,5584,6282,6980,7678,8376,9074,9772,10470,11168,11866,12564,13262,13960,table-of-698,697,/table-of-697,696,/table-of-696,695,/table-of-695
699,1398,2097,2796,3495,4194,4893,5592,6291,6990,7689,8388,9087,9786,10485,11184,11883,12582,13281,13980,table-of-699,698,/table-of-698,697,/table-of-697,696,/table-of-696
700,1400,2100,2800,3500,4200,4900,5600,6300,7000,7700,8400,9100,9800,10500,11200,11900,12600,13300,14000,table-of-700,699,/table-of-699,698,/table-of-698,697,/table-of-697
701,1402,2103,2804,3505,4206,4907,5608,6309,7010,7711,8412,9113,9814,10515,11216,11917,12618,13319,14020,table-of-701,700,/table-of-700,699,/table-of-699,698,/table-of-698
702,1404,2106,2808,3510,4212,4914,5616,6318,7020,7722,8424,9126,9828,10530,11232,11934,12636,13338,14040,table-of-702,701,/table-of-701,700,/table-of-700,699,/table-of-699
703,1406,2109,2812,3515,4218,4921,5624,6327,7030,7733,8436,9139,9842,10545,11248,11951,12654,13357,14060,table-of-703,702,/table-of-702,701,/table-of-701,700,/table-of-700
704,1408,2112,2816,3520,4224,4928,5632,6336,7040,7744,8448,9152,9856,10560,11264,11968,12672,13376,14080,table-of-704,703,/table-of-703,702,/table-of-702,701,/table-of-701
705,1410,2115,2820,3525,4230,4935,5640,6345,7050,7755,8460,9165,9870,10575,11280,11985,12690,13395,14100,table-of-705,704,/table-of-704,703,/table-of-703,702,/table-of-702
706,1412,2118,2824,3530,4236,4942,5648,6354,7060,7766,8472,9178,9884,10590,11296,12002,12708,13414,14120,table-of-706,705,/table-of-705,704,/table-of-704,703,/table-of-703
707,1414,2121,2828,3535,4242,4949,5656,6363,7070,7777,8484,9191,9898,10605,11312,12019,12726,13433,14140,table-of-707,706,/table-of-706,705,/table-of-705,704,/table-of-704
708,1416,2124,2832,3540,4248,4956,5664,6372,7080,7788,8496,9204,9912,10620,11328,12036,12744,13452,14160,table-of-708,707,/table-of-707,706,/table-of-706,705,/table-of-705
709,1418,2127,2836,3545,4254,4963,5672,6381,7090,7799,8508,9217,9926,10635,11344,12053,12762,13471,14180,table-of-709,708,/table-of-708,707,/table-of-707,706,/table-of-706
710,1420,2130,2840,3550,4260,4970,5680,6390,7100,7810,8520,9230,9940,10650,11360,12070,12780,13490,14200,table-of-710,709,/table-of-709,708,/table-of-708,707,/table-of-707
711,1422,2133,2844,3555,4266,4977,5688,6399,7110,7821,8532,9243,9954,10665,11376,12087,12798,13509,14220,table-of-711,710,/table-of-710,709,/table-of-709,708,/table-of-708
712,1424,2136,2848,3560,4272,4984,5696,6408,7120,7832,8544,9256,9968,10680,11392,12104,12816,13528,14240,table-of-712,711,/table-of-711,710,/table-of-710,709,/table-of-709
713,1426,2139,2852,3565,4278,4991,5704,6417,7130,7843,8556,9269,9982,10695,11408,12121,12834,13547,14260,table-of-713,712,/table-of-712,711,/table-of-711,710,/table-of-710
714,1428,2142,2856,3570,4284,4998,5712,6426,7140,7854,8568,9282,9996,10710,11424,12138,12852,13566,14280,table-of-714,713,/table-of-713,712,/table-of-712,711,/table-of-711
715,1430,2145,2860,3575,4290,5005,5720,6435,7150,7865,8580,9295,10010,10725,11440,12155,12870,13585,14300,table-of-715,714,/table-of-714,713,/table-of-713,712,/table-of-712
716,1432,2148,2864,3580,4296,5012,5728,6444,7160,7876,8592,9308,10024,10740,11456,12172,12888,13604,14320,table-of-716,715,/table-of-715,714,/table-of-714,713,/table-of-713
717,1434,2151,2868,3585,4302,5019,5736,6453,7170,7887,8604,9321,10038,10755,11472,12189,12906,13623,14340,table-of-717,716,/table-of-716,715,/table-of-715,714,/table-of-714
718,1436,2154,2872,3590,4308,5026,5744,6462,7180,7898,8616,9334,10052,10770,11488,12206,12924,13642,14360,table-of-718,717,/table-of-717,716,/table-of-716,715,/table-of-715
719,1438,2157,2876,3595,4314,5033,5752,6471,7190,7909,8628,9347,10066,10785,11504,12223,12942,13661,14380,table-of-719,718,/table-of-718,717,/table-of-717,716,/table-of-716
720,1440,2160,2880,3600,4320,5040,5760,6480,7200,7920,8640,9360,10080,10800,11520,12240,12960,13680,14400,table-of-720,719,/table-of-719,718,/table-of-718,717,/table-of-717
721,1442,2163,2884,3605,4326,5047,5768,6489,7210,7931,8652,9373,10094,10815,11536,12257,12978,13699,14420,table-of-721,720,/table-of-720,719,/table-of-719,718,/table-of-718
722,1444,2166,2888,3610,4332,5054,5776,6498,7220,7942,8664,9386,10108,10830,11552,12274,12996,13718,14440,table-of-722,721,/table-of-721,720,/table-of-720,719,/table-of-719
723,1446,2169,2892,3615,4338,5061,5784,6507,7230,7953,8676,9399,10122,10845,11568,12291,13014,13737,14460,table-of-723,722,/table-of-722,721,/table-of-721,720,/table-of-720
724,1448,2172,2896,3620,4344,5068,5792,6516,7240,7964,8688,9412,10136,10860,11584,12308,13032,13756,14480,table-of-724,723,/table-of-723,722,/table-of-722,721,/table-of-721
725,1450,2175,2900,3625,4350,5075,5800,6525,7250,7975,8700,9425,10150,10875,11600,12325,13050,13775,14500,table-of-725,724,/table-of-724,723,/table-of-723,722,/table-of-722
726,1452,2178,2904,3630,4356,5082,5808,6534,7260,7986,8712,9438,10164,10890,11616,12342,13068,13794,14520,table-of-726,725,/table-of-725,724,/table-of-724,723,/table-of-723
727,1454,2181,2908,3635,4362,5089,5816,6543,7270,7997,8724,9451,10178,10905,11632,12359,13086,13813,14540,table-of-727,726,/table-of-726,725,/table-of-725,724,/table-of-724
728,1456,2184,2912,3640,4368,5096,5824,6552,7280,8008,8736,9464,10192,10920,11648,12376,13104,13832,14560,table-of-728,727,/table-of-727,726,/table-of-726,725,/table-of-725
729,1458,2187,2916,3645,4374,5103,5832,6561,7290,8019,8748,9477,10206,10935,11664,12393,13122,13851,14580,table-of-729,728,/table-of-728,727,/table-of-727,726,/table-of-726
730,1460,2190,2920,3650,4380,5110,5840,6570,7300,8030,8760,9490,10220,10950,11680,12410,13140,13870,14600,table-of-730,729,/table-of-729,728,/table-of-728,727,/table-of-727
731,1462,2193,2924,3655,4386,5117,5848,6579,7310,8041,8772,9503,10234,10965,11696,12427,13158,13889,14620,table-of-731,730,/table-of-730,729,/table-of-729,728,/table-of-728
732,1464,2196,2928,3660,4392,5124,5856,6588,7320,8052,8784,9516,10248,10980,11712,12444,13176,13908,14640,table-of-732,731,/table-of-731,730,/table-of-730,729,/table-of-729
733,1466,2199,2932,3665,4398,5131,5864,6597,7330,8063,8796,9529,10262,10995,11728,12461,13194,13927,14660,table-of-733,732,/table-of-732,731,/table-of-731,730,/table-of-730
734,1468,2202,2936,3670,4404,5138,5872,6606,7340,8074,8808,9542,10276,11010,11744,12478,13212,13946,14680,table-of-734,733,/table-of-733,732,/table-of-732,731,/table-of-731
735,1470,2205,2940,3675,4410,5145,5880,6615,7350,8085,8820,9555,10290,11025,11760,12495,13230,13965,14700,table-of-735,734,/table-of-734,733,/table-of-733,732,/table-of-732
736,1472,2208,2944,3680,4416,5152,5888,6624,7360,8096,8832,9568,10304,11040,11776,12512,13248,13984,14720,table-of-736,735,/table-of-735,734,/table-of-734,733,/table-of-733
737,1474,2211,2948,3685,4422,5159,5896,6633,7370,8107,8844,9581,10318,11055,11792,12529,13266,14003,14740,table-of-737,736,/table-of-736,735,/table-of-735,734,/table-of-734
738,1476,2214,2952,3690,4428,5166,5904,6642,7380,8118,8856,9594,10332,11070,11808,12546,13284,14022,14760,table-of-738,737,/table-of-737,736,/table-of-736,735,/table-of-735
739,1478,2217,2956,3695,4434,5173,5912,6651,7390,8129,8868,9607,10346,11085,11824,12563,13302,14041,14780,table-of-739,738,/table-of-738,737,/table-of-737,736,/table-of-736
740,1480,2220,2960,3700,4440,5180,5920,6660,7400,8140,8880,9620,10360,11100,11840,12580,13320,14060,14800,table-of-740,739,/table-of-739,738,/table-of-738,737,/table-of-737
741,1482,2223,2964,3705,4446,5187,5928,6669,7410,8151,8892,9633,10374,11115,11856,12597,13338,14079,14820,table-of-741,740,/table-of-740,739,/table-of-739,738,/table-of-738
742,1484,2226,2968,3710,4452,5194,5936,6678,7420,8162,8904,9646,10388,11130,11872,12614,13356,14098,14840,table-of-742,741,/table-of-741,740,/table-of-740,739,/table-of-739
743,1486,2229,2972,3715,4458,5201,5944,6687,7430,8173,8916,9659,10402,11145,11888,12631,13374,14117,14860,table-of-743,742,/table-of-742,741,/table-of-741,740,/table-of-740
744,1488,2232,2976,3720,4464,5208,5952,6696,7440,8184,8928,9672,10416,11160,11904,12648,13392,14136,14880,table-of-744,743,/table-of-743,742,/table-of-742,741,/table-of-741
745,1490,2235,2980,3725,4470,5215,5960,6705,7450,8195,8940,9685,10430,11175,11920,12665,13410,14155,14900,table-of-745,744,/table-of-744,743,/table-of-743,742,/table-of-742
746,1492,2238,2984,3730,4476,5222,5968,6714,7460,8206,8952,9698,10444,11190,11936,12682,13428,14174,14920,table-of-746,745,/table-of-745,744,/table-of-744,743,/table-of-743
747,1494,2241,2988,3735,4482,5229,5976,6723,7470,8217,8964,9711,10458,11205,11952,12699,13446,14193,14940,table-of-747,746,/table-of-746,745,/table-of-745,744,/table-of-744
748,1496,2244,2992,3740,4488,5236,5984,6732,7480,8228,8976,9724,10472,11220,11968,12716,13464,14212,14960,table-of-748,747,/table-of-747,746,/table-of-746,745,/table-of-745
749,1498,2247,2996,3745,4494,5243,5992,6741,7490,8239,8988,9737,10486,11235,11984,12733,13482,14231,14980,table-of-749,748,/table-of-748,747,/table-of-747,746,/table-of-746
750,1500,2250,3000,3750,4500,5250,6000,6750,7500,8250,9000,9750,10500,11250,12000,12750,13500,14250,15000,table-of-750,749,/table-of-749,748,/table-of-748,747,/table-of-747
751,1502,2253,3004,3755,4506,5257,6008,6759,7510,8261,9012,9763,10514,11265,12016,12767,13518,14269,15020,table-of-751,750,/table-of-750,749,/table-of-749,748,/table-of-748
752,1504,2256,3008,3760,4512,5264,6016,6768,7520,8272,9024,9776,10528,11280,12032,12784,13536,14288,15040,table-of-752,751,/table-of-751,750,/table-of-750,749,/table-of-749
753,1506,2259,3012,3765,4518,5271,6024,6777,7530,8283,9036,9789,10542,11295,12048,12801,13554,14307,15060,table-of-753,752,/table-of-752,751,/table-of-751,750,/table-of-750
754,1508,2262,3016,3770,4524,5278,6032,6786,7540,8294,9048,9802,10556,11310,12064,12818,13572,14326,15080,table-of-754,753,/table-of-753,752,/table-of-752,751,/table-of-751
755,1510,2265,3020,3775,4530,5285,6040,6795,7550,8305,9060,9815,10570,11325,12080,12835,13590,14345,15100,table-of-755,754,/table-of-754,753,/table-of-753,752,/table-of-752
756,1512,2268,3024,3780,4536,5292,6048,6804,7560,8316,9072,9828,10584,11340,12096,12852,13608,14364,15120,table-of-756,755,/table-of-755,754,/table-of-754,753,/table-of-753
757,1514,2271,3028,3785,4542,5299,6056,6813,7570,8327,9084,9841,10598,11355,12112,12869,13626,14383,15140,table-of-757,756,/table-of-756,755,/table-of-755,754,/table-of-754
758,1516,2274,3032,3790,4548,5306,6064,6822,7580,8338,9096,9854,10612,11370,12128,12886,13644,14402,15160,table-of-758,757,/table-of-757,756,/table-of-756,755,/table-of-755
759,1518,2277,3036,3795,4554,5313,6072,6831,7590,8349,9108,9867,10626,11385,12144,12903,13662,14421,15180,table-of-759,758,/table-of-758,757,/table-of-757,756,/table-of-756
760,1520,2280,3040,3800,4560,5320,6080,6840,7600,8360,9120,9880,10640,11400,12160,12920,13680,14440,15200,table-of-760,759,/table-of-759,758,/table-of-758,757,/table-of-757
761,1522,2283,3044,3805,4566,5327,6088,6849,7610,8371,9132,9893,10654,11415,12176,12937,13698,14459,15220,table-of-761,760,/table-of-760,759,/table-of-759,758,/table-of-758
762,1524,2286,3048,3810,4572,5334,6096,6858,7620,8382,9144,9906,10668,11430,12192,12954,13716,14478,15240,table-of-762,761,/table-of-761,760,/table-of-760,759,/table-of-759
763,1526,2289,3052,3815,4578,5341,6104,6867,7630,8393,9156,9919,10682,11445,12208,12971,13734,14497,15260,table-of-763,762,/table-of-762,761,/table-of-761,760,/table-of-760
764,1528,2292,3056,3820,4584,5348,6112,6876,7640,8404,9168,9932,10696,11460,12224,12988,13752,14516,15280,table-of-764,763,/table-of-763,762,/table-of-762,761,/table-of-761
765,1530,2295,3060,3825,4590,5355,6120,6885,7650,8415,9180,9945,10710,11475,12240,13005,13770,14535,15300,table-of-765,764,/table-of-764,763,/table-of-763,762,/table-of-762
766,1532,2298,3064,3830,4596,5362,6128,6894,7660,8426,9192,9958,10724,11490,12256,13022,13788,14554,15320,table-of-766,765,/table-of-765,764,/table-of-764,763,/table-of-763
767,1534,2301,3068,3835,4602,5369,6136,6903,7670,8437,9204,9971,10738,11505,12272,13039,13806,14573,15340,table-of-767,766,/table-of-766,765,/table-of-765,764,/table-of-764
768,1536,2304,3072,3840,4608,5376,6144,6912,7680,8448,9216,9984,10752,11520,12288,13056,13824,14592,15360,table-of-768,767,/table-of-767,766,/table-of-766,765,/table-of-765
769,1538,2307,3076,3845,4614,5383,6152,6921,7690,8459,9228,9997,10766,11535,12304,13073,13842,14611,15380,table-of-769,768,/table-of-768,767,/table-of-767,766,/table-of-766
770,1540,2310,3080,3850,4620,5390,6160,6930,7700,8470,9240,10010,10780,11550,12320,13090,13860,14630,15400,table-of-770,769,/table-of-769,768,/table-of-768,767,/table-of-767
771,1542,2313,3084,3855,4626,5397,6168,6939,7710,8481,9252,10023,10794,11565,12336,13107,13878,14649,15420,table-of-771,770,/table-of-770,769,/table-of-769,768,/table-of-768
772,1544,2316,3088,3860,4632,5404,6176,6948,7720,8492,9264,10036,10808,11580,12352,13124,13896,14668,15440,table-of-772,771,/table-of-771,770,/table-of-770,769,/table-of-769
773,1546,2319,3092,3865,4638,5411,6184,6957,7730,8503,9276,10049,10822,11595,12368,13141,13914,14687,15460,table-of-773,772,/table-of-772,771,/table-of-771,770,/table-of-770
774,1548,2322,3096,3870,4644,5418,6192,6966,7740,8514,9288,10062,10836,11610,12384,13158,13932,14706,15480,table-of-774,773,/table-of-773,772,/table-of-772,771,/table-of-771
775,1550,2325,3100,3875,4650,5425,6200,6975,7750,8525,9300,10075,10850,11625,12400,13175,13950,14725,15500,table-of-775,774,/table-of-774,773,/table-of-773,772,/table-of-772
776,1552,2328,3104,3880,4656,5432,6208,6984,7760,8536,9312,10088,10864,11640,12416,13192,13968,14744,15520,table-of-776,775,/table-of-775,774,/table-of-774,773,/table-of-773
777,1554,2331,3108,3885,4662,5439,6216,6993,7770,8547,9324,10101,10878,11655,12432,13209,13986,14763,15540,table-of-777,776,/table-of-776,775,/table-of-775,774,/table-of-774
778,1556,2334,3112,3890,4668,5446,6224,7002,7780,8558,9336,10114,10892,11670,12448,13226,14004,14782,15560,table-of-778,777,/table-of-777,776,/table-of-776,775,/table-of-775
779,1558,2337,3116,3895,4674,5453,6232,7011,7790,8569,9348,10127,10906,11685,12464,13243,14022,14801,15580,table-of-779,778,/table-of-778,777,/table-of-777,776,/table-of-776
780,1560,2340,3120,3900,4680,5460,6240,7020,7800,8580,9360,10140,10920,11700,12480,13260,14040,14820,15600,table-of-780,779,/table-of-779,778,/table-of-778,777,/table-of-777
781,1562,2343,3124,3905,4686,5467,6248,7029,7810,8591,9372,10153,10934,11715,12496,13277,14058,14839,15620,table-of-781,780,/table-of-780,779,/table-of-779,778,/table-of-778
782,1564,2346,3128,3910,4692,5474,6256,7038,7820,8602,9384,10166,10948,11730,12512,13294,14076,14858,15640,table-of-782,781,/table-of-781,780,/table-of-780,779,/table-of-779
783,1566,2349,3132,3915,4698,5481,6264,7047,7830,8613,9396,10179,10962,11745,12528,13311,14094,14877,15660,table-of-783,782,/table-of-782,781,/table-of-781,780,/table-of-780
784,1568,2352,3136,3920,4704,5488,6272,7056,7840,8624,9408,10192,10976,11760,12544,13328,14112,14896,15680,table-of-784,783,/table-of-783,782,/table-of-782,781,/table-of-781
785,1570,2355,3140,3925,4710,5495,6280,7065,7850,8635,9420,10205,10990,11775,12560,13345,14130,14915,15700,table-of-785,784,/table-of-784,783,/table-of-783,782,/table-of-782
786,1572,2358,3144,3930,4716,5502,6288,7074,7860,8646,9432,10218,11004,11790,12576,13362,14148,14934,15720,table-of-786,785,/table-of-785,784,/table-of-784,783,/table-of-783
787,1574,2361,3148,3935,4722,5509,6296,7083,7870,8657,9444,10231,11018,11805,12592,13379,14166,14953,15740,table-of-787,786,/table-of-786,785,/table-of-785,784,/table-of-784
788,1576,2364,3152,3940,4728,5516,6304,7092,7880,8668,9456,10244,11032,11820,12608,13396,14184,14972,15760,table-of-788,787,/table-of-787,786,/table-of-786,785,/table-of-785
789,1578,2367,3156,3945,4734,5523,6312,7101,7890,8679,9468,10257,11046,11835,12624,13413,14202,14991,15780,table-of-789,788,/table-of-788,787,/table-of-787,786,/table-of-786
790,1580,2370,3160,3950,4740,5530,6320,7110,7900,8690,9480,10270,11060,11850,12640,13430,14220,15010,15800,table-of-790,789,/table-of-789,788,/table-of-788,787,/table-of-787
791,1582,2373,3164,3955,4746,5537,6328,7119,7910,8701,9492,10283,11074,11865,12656,13447,14238,15029,15820,table-of-791,790,/table-of-790,789,/table-of-789,788,/table-of-788
792,1584,2376,3168,3960,4752,5544,6336,7128,7920,8712,9504,10296,11088,11880,12672,13464,14256,15048,15840,table-of-792,791,/table-of-791,790,/table-of-790,789,/table-of-789
793,1586,2379,3172,3965,4758,5551,6344,7137,7930,8723,9516,10309,11102,11895,12688,13481,14274,15067,15860,table-of-793,792,/table-of-792,791,/table-of-791,790,/table-of-790
794,1588,2382,3176,3970,4764,5558,6352,7146,7940,8734,9528,10322,11116,11910,12704,13498,14292,15086,15880,table-of-794,793,/table-of-793,792,/table-of-792,791,/table-of-791
795,1590,2385,3180,3975,4770,5565,6360,7155,7950,8745,9540,10335,11130,11925,12720,13515,14310,15105,15900,table-of-795,794,/table-of-794,793,/table-of-793,792,/table-of-792
796,1592,2388,3184,3980,4776,5572,6368,7164,7960,8756,9552,10348,11144,11940,12736,13532,14328,15124,15920,table-of-796,795,/table-of-795,794,/table-of-794,793,/table-of-793
797,1594,2391,3188,3985,4782,5579,6376,7173,7970,8767,9564,10361,11158,11955,12752,13549,14346,15143,15940,table-of-797,796,/table-of-796,795,/table-of-795,794,/table-of-794
798,1596,2394,3192,3990,4788,5586,6384,7182,7980,8778,9576,10374,11172,11970,12768,13566,14364,15162,15960,table-of-798,797,/table-of-797,796,/table-of-796,795,/table-of-795
799,1598,2397,3196,3995,4794,5593,6392,7191,7990,8789,9588,10387,11186,11985,12784,13583,14382,15181,15980,table-of-799,798,/table-of-798,797,/table-of-797,796,/table-of-796
800,1600,2400,3200,4000,4800,5600,6400,7200,8000,8800,9600,10400,11200,12000,12800,13600,14400,15200,16000,table-of-800,799,/table-of-799,798,/table-of-798,797,/table-of-797
801,1602,2403,3204,4005,4806,5607,6408,7209,8010,8811,9612,10413,11214,12015,12816,13617,14418,15219,16020,table-of-801,800,/table-of-800,799,/table-of-799,798,/table-of-798
802,1604,2406,3208,4010,4812,5614,6416,7218,8020,8822,9624,10426,11228,12030,12832,13634,14436,15238,16040,table-of-802,801,/table-of-801,800,/table-of-800,799,/table-of-799
803,1606,2409,3212,4015,4818,5621,6424,7227,8030,8833,9636,10439,11242,12045,12848,13651,14454,15257,16060,table-of-803,802,/table-of-802,801,/table-of-801,800,/table-of-800
804,1608,2412,3216,4020,4824,5628,6432,7236,8040,8844,9648,10452,11256,12060,12864,13668,14472,15276,16080,table-of-804,803,/table-of-803,802,/table-of-802,801,/table-of-801
805,1610,2415,3220,4025,4830,5635,6440,7245,8050,8855,9660,10465,11270,12075,12880,13685,14490,15295,16100,table-of-805,804,/table-of-804,803,/table-of-803,802,/table-of-802
806,1612,2418,3224,4030,4836,5642,6448,7254,8060,8866,9672,10478,11284,12090,12896,13702,14508,15314,16120,table-of-806,805,/table-of-805,804,/table-of-804,803,/table-of-803
807,1614,2421,3228,4035,4842,5649,6456,7263,8070,8877,9684,10491,11298,12105,12912,13719,14526,15333,16140,table-of-807,806,/table-of-806,805,/table-of-805,804,/table-of-804
808,1616,2424,3232,4040,4848,5656,6464,7272,8080,8888,9696,10504,11312,12120,12928,13736,14544,15352,16160,table-of-808,807,/table-of-807,806,/table-of-806,805,/table-of-805
809,1618,2427,3236,4045,4854,5663,6472,7281,8090,8899,9708,10517,11326,12135,12944,13753,14562,15371,16180,table-of-809,808,/table-of-808,807,/table-of-807,806,/table-of-806
810,1620,2430,3240,4050,4860,5670,6480,7290,8100,8910,9720,10530,11340,12150,12960,13770,14580,15390,16200,table-of-810,809,/table-of-809,808,/table-of-808,807,/table-of-807
811,1622,2433,3244,4055,4866,5677,6488,7299,8110,8921,9732,10543,11354,12165,12976,13787,14598,15409,16220,table-of-811,810,/table-of-810,809,/table-of-809,808,/table-of-808
812,1624,2436,3248,4060,4872,5684,6496,7308,8120,8932,9744,10556,11368,12180,12992,13804,14616,15428,16240,table-of-812,811,/table-of-811,810,/table-of-810,809,/table-of-809
813,1626,2439,3252,4065,4878,5691,6504,7317,8130,8943,9756,10569,11382,12195,13008,13821,14634,15447,16260,table-of-813,812,/table-of-812,811,/table-of-811,810,/table-of-810
814,1628,2442,3256,4070,4884,5698,6512,7326,8140,8954,9768,10582,11396,12210,13024,13838,14652,15466,16280,table-of-814,813,/table-of-813,812,/table-of-812,811,/table-of-811
815,1630,2445,3260,4075,4890,5705,6520,7335,8150,8965,9780,10595,11410,12225,13040,13855,14670,15485,16300,table-of-815,814,/table-of-814,813,/table-of-813,812,/table-of-812
816,1632,2448,3264,4080,4896,5712,6528,7344,8160,8976,9792,10608,11424,12240,13056,13872,14688,15504,16320,table-of-816,815,/table-of-815,814,/table-of-814,813,/table-of-813
817,1634,2451,3268,4085,4902,5719,6536,7353,8170,8987,9804,10621,11438,12255,13072,13889,14706,15523,16340,table-of-817,816,/table-of-816,815,/table-of-815,814,/table-of-814
818,1636,2454,3272,4090,4908,5726,6544,7362,8180,8998,9816,10634,11452,12270,13088,13906,14724,15542,16360,table-of-818,817,/table-of-817,816,/table-of-816,815,/table-of-815
819,1638,2457,3276,4095,4914,5733,6552,7371,8190,9009,9828,10647,11466,12285,13104,13923,14742,15561,16380,table-of-819,818,/table-of-818,817,/table-of-817,816,/table-of-816
820,1640,2460,3280,4100,4920,5740,6560,7380,8200,9020,9840,10660,11480,12300,13120,13940,14760,15580,16400,table-of-820,819,/table-of-819,818,/table-of-818,817,/table-of-817
821,1642,2463,3284,4105,4926,5747,6568,7389,8210,9031,9852,10673,11494,12315,13136,13957,14778,15599,16420,table-of-821,820,/table-of-820,819,/table-of-819,818,/table-of-818
822,1644,2466,3288,4110,4932,5754,6576,7398,8220,9042,9864,10686,11508,12330,13152,13974,14796,15618,16440,table-of-822,821,/table-of-821,820,/table-of-820,819,/table-of-819
823,1646,2469,3292,4115,4938,5761,6584,7407,8230,9053,9876,10699,11522,12345,13168,13991,14814,15637,16460,table-of-823,822,/table-of-822,821,/table-of-821,820,/table-of-820
824,1648,2472,3296,4120,4944,5768,6592,7416,8240,9064,9888,10712,11536,12360,13184,14008,14832,15656,16480,table-of-824,823,/table-of-823,822,/table-of-822,821,/table-of-821
825,1650,2475,3300,4125,4950,5775,6600,7425,8250,9075,9900,10725,11550,12375,13200,14025,14850,15675,16500,table-of-825,824,/table-of-824,823,/table-of-823,822,/table-of-822
826,1652,2478,3304,4130,4956,5782,6608,7434,8260,9086,9912,10738,11564,12390,13216,14042,14868,15694,16520,table-of-826,825,/table-of-825,824,/table-of-824,823,/table-of-823
827,1654,2481,3308,4135,4962,5789,6616,7443,8270,9097,9924,10751,11578,12405,13232,14059,14886,15713,16540,table-of-827,826,/table-of-826,825,/table-of-825,824,/table-of-824
828,1656,2484,3312,4140,4968,5796,6624,7452,8280,9108,9936,10764,11592,12420,13248,14076,14904,15732,16560,table-of-828,827,/table-of-827,826,/table-of-826,825,/table-of-825
829,1658,2487,3316,4145,4974,5803,6632,7461,8290,9119,9948,10777,11606,12435,13264,14093,14922,15751,16580,table-of-829,828,/table-of-828,827,/table-of-827,826,/table-of-826
830,1660,2490,3320,4150,4980,5810,6640,7470,8300,9130,9960,10790,11620,12450,13280,14110,14940,15770,16600,table-of-830,829,/table-of-829,828,/table-of-828,827,/table-of-827
831,1662,2493,3324,4155,4986,5817,6648,7479,8310,9141,9972,10803,11634,12465,13296,14127,14958,15789,16620,table-of-831,830,/table-of-830,829,/table-of-829,828,/table-of-828
832,1664,2496,3328,4160,4992,5824,6656,7488,8320,9152,9984,10816,11648,12480,13312,14144,14976,15808,16640,table-of-832,831,/table-of-831,830,/table-of-830,829,/table-of-829
833,1666,2499,3332,4165,4998,5831,6664,7497,8330,9163,9996,10829,11662,12495,13328,14161,14994,15827,16660,table-of-833,832,/table-of-832,831,/table-of-831,830,/table-of-830
834,1668,2502,3336,4170,5004,5838,6672,7506,8340,9174,10008,10842,11676,12510,13344,14178,15012,15846,16680,table-of-834,833,/table-of-833,832,/table-of-832,831,/table-of-831
835,1670,2505,3340,4175,5010,5845,6680,7515,8350,9185,10020,10855,11690,12525,13360,14195,15030,15865,16700,table-of-835,834,/table-of-834,833,/table-of-833,832,/table-of-832
836,1672,2508,3344,4180,5016,5852,6688,7524,8360,9196,10032,10868,11704,12540,13376,14212,15048,15884,16720,table-of-836,835,/table-of-835,834,/table-of-834,833,/table-of-833
837,1674,2511,3348,4185,5022,5859,6696,7533,8370,9207,10044,10881,11718,12555,13392,14229,15066,15903,16740,table-of-837,836,/table-of-836,835,/table-of-835,834,/table-of-834
838,1676,2514,3352,4190,5028,5866,6704,7542,8380,9218,10056,10894,11732,12570,13408,14246,15084,15922,16760,table-of-838,837,/table-of-837,836,/table-of-836,835,/table-of-835
839,1678,2517,3356,4195,5034,5873,6712,7551,8390,9229,10068,10907,11746,12585,13424,14263,15102,15941,16780,table-of-839,838,/table-of-838,837,/table-of-837,836,/table-of-836
840,1680,2520,3360,4200,5040,5880,6720,7560,8400,9240,10080,10920,11760,12600,13440,14280,15120,15960,16800,table-of-840,839,/table-of-839,838,/table-of-838,837,/table-of-837
841,1682,2523,3364,4205,5046,5887,6728,7569,8410,9251,10092,10933,11774,12615,13456,14297,15138,15979,16820,table-of-841,840,/table-of-840,839,/table-of-839,838,/table-of-838
842,1684,2526,3368,4210,5052,5894,6736,7578,8420,9262,10104,10946,11788,12630,13472,14314,15156,15998,16840,table-of-842,841,/table-of-841,840,/table-of-840,839,/table-of-839
843,1686,2529,3372,4215,5058,5901,6744,7587,8430,9273,10116,10959,11802,12645,13488,14331,15174,16017,16860,table-of-843,842,/table-of-842,841,/table-of-841,840,/table-of-840
844,1688,2532,3376,4220,5064,5908,6752,7596,8440,9284,10128,10972,11816,12660,13504,14348,15192,16036,16880,table-of-844,843,/table-of-843,842,/table-of-842,841,/table-of-841
845,1690,2535,3380,4225,5070,5915,6760,7605,8450,9295,10140,10985,11830,12675,13520,14365,15210,16055,16900,table-of-845,844,/table-of-844,843,/table-of-843,842,/table-of-842
846,1692,2538,3384,4230,5076,5922,6768,7614,8460,9306,10152,10998,11844,12690,13536,14382,15228,16074,16920,table-of-846,845,/table-of-845,844,/table-of-844,843,/table-of-843
847,1694,2541,3388,4235,5082,5929,6776,7623,8470,9317,10164,11011,11858,12705,13552,14399,15246,16093,16940,table-of-847,846,/table-of-846,845,/table-of-845,844,/table-of-844
848,1696,2544,3392,4240,5088,5936,6784,7632,8480,9328,10176,11024,11872,12720,13568,14416,15264,16112,16960,table-of-848,847,/table-of-847,846,/table-of-846,845,/table-of-845
849,1698,2547,3396,4245,5094,5943,6792,7641,8490,9339,10188,11037,11886,12735,13584,14433,15282,16131,16980,table-of-849,848,/table-of-848,847,/table-of-847,846,/table-of-846
850,1700,2550,3400,4250,5100,5950,6800,7650,8500,9350,10200,11050,11900,12750,13600,14450,15300,16150,17000,table-of-850,849,/table-of-849,848,/table-of-848,847,/table-of-847
851,1702,2553,3404,4255,5106,5957,6808,7659,8510,9361,10212,11063,11914,12765,13616,14467,15318,16169,17020,table-of-851,850,/table-of-850,849,/table-of-849,848,/table-of-848
852,1704,2556,3408,4260,5112,5964,6816,7668,8520,9372,10224,11076,11928,12780,13632,14484,15336,16188,17040,table-of-852,851,/table-of-851,850,/table-of-850,849,/table-of-849
853,1706,2559,3412,4265,5118,5971,6824,7677,8530,9383,10236,11089,11942,12795,13648,14501,15354,16207,17060,table-of-853,852,/table-of-852,851,/table-of-851,850,/table-of-850
854,1708,2562,3416,4270,5124,5978,6832,7686,8540,9394,10248,11102,11956,12810,13664,14518,15372,16226,17080,table-of-854,853,/table-of-853,852,/table-of-852,851,/table-of-851
855,1710,2565,3420,4275,5130,5985,6840,7695,8550,9405,10260,11115,11970,12825,13680,14535,15390,16245,17100,table-of-855,854,/table-of-854,853,/table-of-853,852,/table-of-852
856,1712,2568,3424,4280,5136,5992,6848,7704,8560,9416,10272,11128,11984,12840,13696,14552,15408,16264,17120,table-of-856,855,/table-of-855,854,/table-of-854,853,/table-of-853
857,1714,2571,3428,4285,5142,5999,6856,7713,8570,9427,10284,11141,11998,12855,13712,14569,15426,16283,17140,table-of-857,856,/table-of-856,855,/table-of-855,854,/table-of-854
858,1716,2574,3432,4290,5148,6006,6864,7722,8580,9438,10296,11154,12012,12870,13728,14586,15444,16302,17160,table-of-858,857,/table-of-857,856,/table-of-856,855,/table-of-855
859,1718,2577,3436,4295,5154,6013,6872,7731,8590,9449,10308,11167,12026,12885,13744,14603,15462,16321,17180,table-of-859,858,/table-of-858,857,/table-of-857,856,/table-of-856
860,1720,2580,3440,4300,5160,6020,6880,7740,8600,9460,10320,11180,12040,12900,13760,14620,15480,16340,17200,table-of-860,859,/table-of-859,858,/table-of-858,857,/table-of-857
861,1722,2583,3444,4305,5166,6027,6888,7749,8610,9471,10332,11193,12054,12915,13776,14637,15498,16359,17220,table-of-861,860,/table-of-860,859,/table-of-859,858,/table-of-858
862,1724,2586,3448,4310,5172,6034,6896,7758,8620,9482,10344,11206,12068,12930,13792,14654,15516,16378,17240,table-of-862,861,/table-of-861,860,/table-of-860,859,/table-of-859
863,1726,2589,3452,4315,5178,6041,6904,7767,8630,9493,10356,11219,12082,12945,13808,14671,15534,16397,17260,table-of-863,862,/table-of-862,861,/table-of-861,860,/table-of-860
864,1728,2592,3456,4320,5184,6048,6912,7776,8640,9504,10368,11232,12096,12960,13824,14688,15552,16416,17280,table-of-864,863,/table-of-863,862,/table-of-862,861,/table-of-861
865,1730,2595,3460,4325,5190,6055,6920,7785,8650,9515,10380,11245,12110,12975,13840,14705,15570,16435,17300,table-of-865,864,/table-of-864,863,/table-of-863,862,/table-of-862
866,1732,2598,3464,4330,5196,6062,6928,7794,8660,9526,10392,11258,12124,12990,13856,14722,15588,16454,17320,table-of-866,865,/table-of-865,864,/table-of-864,863,/table-of-863
867,1734,2601,3468,4335,5202,6069,6936,7803,8670,9537,10404,11271,12138,13005,13872,14739,15606,16473,17340,table-of-867,866,/table-of-866,865,/table-of-865,864,/table-of-864
868,1736,2604,3472,4340,5208,6076,6944,7812,8680,9548,10416,11284,12152,13020,13888,14756,15624,16492,17360,table-of-868,867,/table-of-867,866,/table-of-866,865,/table-of-865
869,1738,2607,3476,4345,5214,6083,6952,7821,8690,9559,10428,11297,12166,13035,13904,14773,15642,16511,17380,table-of-869,868,/table-of-868,867,/table-of-867,866,/table-of-866
870,1740,2610,3480,4350,5220,6090,6960,7830,8700,9570,10440,11310,12180,13050,13920,14790,15660,16530,17400,table-of-870,869,/table-of-869,868,/table-of-868,867,/table-of-867
871,1742,2613,3484,4355,5226,6097,6968,7839,8710,9581,10452,11323,12194,13065,13936,14807,15678,16549,17420,table-of-871,870,/table-of-870,869,/table-of-869,868,/table-of-868
872,1744,2616,3488,4360,5232,6104,6976,7848,8720,9592,10464,11336,12208,13080,13952,14824,15696,16568,17440,table-of-872,871,/table-of-871,870,/table-of-870,869,/table-of-869
873,1746,2619,3492,4365,5238,6111,6984,7857,8730,9603,10476,11349,12222,13095,13968,14841,15714,16587,17460,table-of-873,872,/table-of-872,871,/table-of-871,870,/table-of-870
874,1748,2622,3496,4370,5244,6118,6992,7866,8740,9614,10488,11362,12236,13110,13984,14858,15732,16606,17480,table-of-874,873,/table-of-873,872,/table-of-872,871,/table-of-871
875,1750,2625,3500,4375,5250,6125,7000,7875,8750,9625,10500,11375,12250,13125,14000,14875,15750,16625,17500,table-of-875,874,/table-of-874,873,/table-of-873,872,/table-of-872
876,1752,2628,3504,4380,5256,6132,7008,7884,8760,9636,10512,11388,12264,13140,14016,14892,15768,16644,17520,table-of-876,875,/table-of-875,874,/table-of-874,873,/table-of-873
877,1754,2631,3508,4385,5262,6139,7016,7893,8770,9647,10524,11401,12278,13155,14032,14909,15786,16663,17540,table-of-877,876,/table-of-876,875,/table-of-875,874,/table-of-874
878,1756,2634,3512,4390,5268,6146,7024,7902,8780,9658,10536,11414,12292,13170,14048,14926,15804,16682,17560,table-of-878,877,/table-of-877,876,/table-of-876,875,/table-of-875
879,1758,2637,3516,4395,5274,6153,7032,7911,8790,9669,10548,11427,12306,13185,14064,14943,15822,16701,17580,table-of-879,878,/table-of-878,877,/table-of-877,876,/table-of-876
880,1760,2640,3520,4400,5280,6160,7040,7920,8800,9680,10560,11440,12320,13200,14080,14960,15840,16720,17600,table-of-880,879,/table-of-879,878,/table-of-878,877,/table-of-877
881,1762,2643,3524,4405,5286,6167,7048,7929,8810,9691,10572,11453,12334,13215,14096,14977,15858,16739,17620,table-of-881,880,/table-of-880,879,/table-of-879,878,/table-of-878
882,1764,2646,3528,4410,5292,6174,7056,7938,8820,9702,10584,11466,12348,13230,14112,14994,15876,16758,17640,table-of-882,881,/table-of-881,880,/table-of-880,879,/table-of-879
883,1766,2649,3532,4415,5298,6181,7064,7947,8830,9713,10596,11479,12362,13245,14128,15011,15894,16777,17660,table-of-883,882,/table-of-882,881,/table-of-881,880,/table-of-880
884,1768,2652,3536,4420,5304,6188,7072,7956,8840,9724,10608,11492,12376,13260,14144,15028,15912,16796,17680,table-of-884,883,/table-of-883,882,/table-of-882,881,/table-of-881
885,1770,2655,3540,4425,5310,6195,7080,7965,8850,9735,10620,11505,12390,13275,14160,15045,15930,16815,17700,table-of-885,884,/table-of-884,883,/table-of-883,882,/table-of-882
886,1772,2658,3544,4430,5316,6202,7088,7974,8860,9746,10632,11518,12404,13290,14176,15062,15948,16834,17720,table-of-886,885,/table-of-885,884,/table-of-884,883,/table-of-883
887,1774,2661,3548,4435,5322,6209,7096,7983,8870,9757,10644,11531,12418,13305,14192,15079,15966,16853,17740,table-of-887,886,/table-of-886,885,/table-of-885,884,/table-of-884
888,1776,2664,3552,4440,5328,6216,7104,7992,8880,9768,10656,11544,12432,13320,14208,15096,15984,16872,17760,table-of-888,887,/table-of-887,886,/table-of-886,885,/table-of-885
889,1778,2667,3556,4445,5334,6223,7112,8001,8890,9779,10668,11557,12446,13335,14224,15113,16002,16891,17780,table-of-889,888,/table-of-888,887,/table-of-887,886,/table-of-886
890,1780,2670,3560,4450,5340,6230,7120,8010,8900,9790,10680,11570,12460,13350,14240,15130,16020,16910,17800,table-of-890,889,/table-of-889,888,/table-of-888,887,/table-of-887
891,1782,2673,3564,4455,5346,6237,7128,8019,8910,9801,10692,11583,12474,13365,14256,15147,16038,16929,17820,table-of-891,890,/table-of-890,889,/table-of-889,888,/table-of-888
892,1784,2676,3568,4460,5352,6244,7136,8028,8920,9812,10704,11596,12488,13380,14272,15164,16056,16948,17840,table-of-892,891,/table-of-891,890,/table-of-890,889,/table-of-889
893,1786,2679,3572,4465,5358,6251,7144,8037,8930,9823,10716,11609,12502,13395,14288,15181,16074,16967,17860,table-of-893,892,/table-of-892,891,/table-of-891,890,/table-of-890
894,1788,2682,3576,4470,5364,6258,7152,8046,8940,9834,10728,11622,12516,13410,14304,15198,16092,16986,17880,table-of-894,893,/table-of-893,892,/table-of-892,891,/table-of-891
895,1790,2685,3580,4475,5370,6265,7160,8055,8950,9845,10740,11635,12530,13425,14320,15215,16110,17005,17900,table-of-895,894,/table-of-894,893,/table-of-893,892,/table-of-892
896,1792,2688,3584,4480,5376,6272,7168,8064,8960,9856,10752,11648,12544,13440,14336,15232,16128,17024,17920,table-of-896,895,/table-of-895,894,/table-of-894,893,/table-of-893
897,1794,2691,3588,4485,5382,6279,7176,8073,8970,9867,10764,11661,12558,13455,14352,15249,16146,17043,17940,table-of-897,896,/table-of-896,895,/table-of-895,894,/table-of-894
898,1796,2694,3592,4490,5388,6286,7184,8082,8980,9878,10776,11674,12572,13470,14368,15266,16164,17062,17960,table-of-898,897,/table-of-897,896,/table-of-896,895,/table-of-895
899,1798,2697,3596,4495,5394,6293,7192,8091,8990,9889,10788,11687,12586,13485,14384,15283,16182,17081,17980,table-of-899,898,/table-of-898,897,/table-of-897,896,/table-of-896
900,1800,2700,3600,4500,5400,6300,7200,8100,9000,9900,10800,11700,12600,13500,14400,15300,16200,17100,18000,table-of-900,899,/table-of-899,898,/table-of-898,897,/table-of-897
901,1802,2703,3604,4505,5406,6307,7208,8109,9010,9911,10812,11713,12614,13515,14416,15317,16218,17119,18020,table-of-901,900,/table-of-900,899,/table-of-899,898,/table-of-898
902,1804,2706,3608,4510,5412,6314,7216,8118,9020,9922,10824,11726,12628,13530,14432,15334,16236,17138,18040,table-of-902,901,/table-of-901,900,/table-of-900,899,/table-of-899
903,1806,2709,3612,4515,5418,6321,7224,8127,9030,9933,10836,11739,12642,13545,14448,15351,16254,17157,18060,table-of-903,902,/table-of-902,901,/table-of-901,900,/table-of-900
904,1808,2712,3616,4520,5424,6328,7232,8136,9040,9944,10848,11752,12656,13560,14464,15368,16272,17176,18080,table-of-904,903,/table-of-903,902,/table-of-902,901,/table-of-901
905,1810,2715,3620,4525,5430,6335,7240,8145,9050,9955,10860,11765,12670,13575,14480,15385,16290,17195,18100,table-of-905,904,/table-of-904,903,/table-of-903,902,/table-of-902
906,1812,2718,3624,4530,5436,6342,7248,8154,9060,9966,10872,11778,12684,13590,14496,15402,16308,17214,18120,table-of-906,905,/table-of-905,904,/table-of-904,903,/table-of-903
907,1814,2721,3628,4535,5442,6349,7256,8163,9070,9977,10884,11791,12698,13605,14512,15419,16326,17233,18140,table-of-907,906,/table-of-906,905,/table-of-905,904,/table-of-904
908,1816,2724,3632,4540,5448,6356,7264,8172,9080,9988,10896,11804,12712,13620,14528,15436,16344,17252,18160,table-of-908,907,/table-of-907,906,/table-of-906,905,/table-of-905
909,1818,2727,3636,4545,5454,6363,7272,8181,9090,9999,10908,11817,12726,13635,14544,15453,16362,17271,18180,table-of-909,908,/table-of-908,907,/table-of-907,906,/table-of-906
910,1820,2730,3640,4550,5460,6370,7280,8190,9100,10010,10920,11830,12740,13650,14560,15470,16380,17290,18200,table-of-910,909,/table-of-909,908,/table-of-908,907,/table-of-907
911,1822,2733,3644,4555,5466,6377,7288,8199,9110,10021,10932,11843,12754,13665,14576,15487,16398,17309,18220,table-of-911,910,/table-of-910,909,/table-of-909,908,/table-of-908
912,1824,2736,3648,4560,5472,6384,7296,8208,9120,10032,10944,11856,12768,13680,14592,15504,16416,17328,18240,table-of-912,911,/table-of-911,910,/table-of-910,909,/table-of-909
913,1826,2739,3652,4565,5478,6391,7304,8217,9130,10043,10956,11869,12782,13695,14608,15521,16434,17347,18260,table-of-913,912,/table-of-912,911,/table-of-911,910,/table-of-910
914,1828,2742,3656,4570,5484,6398,7312,8226,9140,10054,10968,11882,12796,13710,14624,15538,16452,17366,18280,table-of-914,913,/table-of-913,912,/table-of-912,911,/table-of-911
915,1830,2745,3660,4575,5490,6405,7320,8235,9150,10065,10980,11895,12810,13725,14640,15555,16470,17385,18300,table-of-915,914,/table-of-914,913,/table-of-913,912,/table-of-912
916,1832,2748,3664,4580,5496,6412,7328,8244,9160,10076,10992,11908,12824,13740,14656,15572,16488,17404,18320,table-of-916,915,/table-of-915,914,/table-of-914,913,/table-of-913
917,1834,2751,3668,4585,5502,6419,7336,8253,9170,10087,11004,11921,12838,13755,14672,15589,16506,17423,18340,table-of-917,916,/table-of-916,915,/table-of-915,914,/table-of-914
918,1836,2754,3672,4590,5508,6426,7344,8262,9180,10098,11016,11934,12852,13770,14688,15606,16524,17442,18360,table-of-918,917,/table-of-917,916,/table-of-916,915,/table-of-915
919,1838,2757,3676,4595,5514,6433,7352,8271,9190,10109,11028,11947,12866,13785,14704,15623,16542,17461,18380,table-of-919,918,/table-of-918,917,/table-of-917,916,/table-of-916
920,1840,2760,3680,4600,5520,6440,7360,8280,9200,10120,11040,11960,12880,13800,14720,15640,16560,17480,18400,table-of-920,919,/table-of-919,918,/table-of-918,917,/table-of-917
921,1842,2763,3684,4605,5526,6447,7368,8289,9210,10131,11052,11973,12894,13815,14736,15657,16578,17499,18420,table-of-921,920,/table-of-920,919,/table-of-919,918,/table-of-918
922,1844,2766,3688,4610,5532,6454,7376,8298,9220,10142,11064,11986,12908,13830,14752,15674,16596,17518,18440,table-of-922,921,/table-of-921,920,/table-of-920,919,/table-of-919
923,1846,2769,3692,4615,5538,6461,7384,8307,9230,10153,11076,11999,12922,13845,14768,15691,16614,17537,18460,table-of-923,922,/table-of-922,921,/table-of-921,920,/table-of-920
924,1848,2772,3696,4620,5544,6468,7392,8316,9240,10164,11088,12012,12936,13860,14784,15708,16632,17556,18480,table-of-924,923,/table-of-923,922,/table-of-922,921,/table-of-921
925,1850,2775,3700,4625,5550,6475,7400,8325,9250,10175,11100,12025,12950,13875,14800,15725,16650,17575,18500,table-of-925,924,/table-of-924,923,/table-of-923,922,/table-of-922
926,1852,2778,3704,4630,5556,6482,7408,8334,9260,10186,11112,12038,12964,13890,14816,15742,16668,17594,18520,table-of-926,925,/table-of-925,924,/table-of-924,923,/table-of-923
927,1854,2781,3708,4635,5562,6489,7416,8343,9270,10197,11124,12051,12978,13905,14832,15759,16686,17613,18540,table-of-927,926,/table-of-926,925,/table-of-925,924,/table-of-924
928,1856,2784,3712,4640,5568,6496,7424,8352,9280,10208,11136,12064,12992,13920,14848,15776,16704,17632,18560,table-of-928,927,/table-of-927,926,/table-of-926,925,/table-of-925
929,1858,2787,3716,4645,5574,6503,7432,8361,9290,10219,11148,12077,13006,13935,14864,15793,16722,17651,18580,table-of-929,928,/table-of-928,927,/table-of-927,926,/table-of-926
930,1860,2790,3720,4650,5580,6510,7440,8370,9300,10230,11160,12090,13020,13950,14880,15810,16740,17670,18600,table-of-930,929,/table-of-929,928,/table-of-928,927,/table-of-927
931,1862,2793,3724,4655,5586,6517,7448,8379,9310,10241,11172,12103,13034,13965,14896,15827,16758,17689,18620,table-of-931,930,/table-of-930,929,/table-of-929,928,/table-of-928
932,1864,2796,3728,4660,5592,6524,7456,8388,9320,10252,11184,12116,13048,13980,14912,15844,16776,17708,18640,table-of-932,931,/table-of-931,930,/table-of-930,929,/table-of-929
933,1866,2799,3732,4665,5598,6531,7464,8397,9330,10263,11196,12129,13062,13995,14928,15861,16794,17727,18660,table-of-933,932,/table-of-932,931,/table-of-931,930,/table-of-930
934,1868,2802,3736,4670,5604,6538,7472,8406,9340,10274,11208,12142,13076,14010,14944,15878,16812,17746,18680,table-of-934,933,/table-of-933,932,/table-of-932,931,/table-of-931
935,1870,2805,3740,4675,5610,6545,7480,8415,9350,10285,11220,12155,13090,14025,14960,15895,16830,17765,18700,table-of-935,934,/table-of-934,933,/table-of-933,932,/table-of-932
936,1872,2808,3744,4680,5616,6552,7488,8424,9360,10296,11232,12168,13104,14040,14976,15912,16848,17784,18720,table-of-936,935,/table-of-935,934,/table-of-934,933,/table-of-933
937,1874,2811,3748,4685,5622,6559,7496,8433,9370,10307,11244,12181,13118,14055,14992,15929,16866,17803,18740,table-of-937,936,/table-of-936,935,/table-of-935,934,/table-of-934
938,1876,2814,3752,4690,5628,6566,7504,8442,9380,10318,11256,12194,13132,14070,15008,15946,16884,17822,18760,table-of-938,937,/table-of-937,936,/table-of-936,935,/table-of-935
939,1878,2817,3756,4695,5634,6573,7512,8451,9390,10329,11268,12207,13146,14085,15024,15963,16902,17841,18780,table-of-939,938,/table-of-938,937,/table-of-937,936,/table-of-936
940,1880,2820,3760,4700,5640,6580,7520,8460,9400,10340,11280,12220,13160,14100,15040,15980,16920,17860,18800,table-of-940,939,/table-of-939,938,/table-of-938,937,/table-of-937
941,1882,2823,3764,4705,5646,6587,7528,8469,9410,10351,11292,12233,13174,14115,15056,15997,16938,17879,18820,table-of-941,940,/table-of-940,939,/table-of-939,938,/table-of-938
942,1884,2826,3768,4710,5652,6594,7536,8478,9420,10362,11304,12246,13188,14130,15072,16014,16956,17898,18840,table-of-942,941,/table-of-941,940,/table-of-940,939,/table-of-939
943,1886,2829,3772,4715,5658,6601,7544,8487,9430,10373,11316,12259,13202,14145,15088,16031,16974,17917,18860,table-of-943,942,/table-of-942,941,/table-of-941,940,/table-of-940
944,1888,2832,3776,4720,5664,6608,7552,8496,9440,10384,11328,12272,13216,14160,15104,16048,16992,17936,18880,table-of-944,943,/table-of-943,942,/table-of-942,941,/table-of-941
945,1890,2835,3780,4725,5670,6615,7560,8505,9450,10395,11340,12285,13230,14175,15120,16065,17010,17955,18900,table-of-945,944,/table-of-944,943,/table-of-943,942,/table-of-942
946,1892,2838,3784,4730,5676,6622,7568,8514,9460,10406,11352,12298,13244,14190,15136,16082,17028,17974,18920,table-of-946,945,/table-of-945,944,/table-of-944,943,/table-of-943
947,1894,2841,3788,4735,5682,6629,7576,8523,9470,10417,11364,12311,13258,14205,15152,16099,17046,17993,18940,table-of-947,946,/table-of-946,945,/table-of-945,944,/table-of-944
948,1896,2844,3792,4740,5688,6636,7584,8532,9480,10428,11376,12324,13272,14220,15168,16116,17064,18012,18960,table-of-948,947,/table-of-947,946,/table-of-946,945,/table-of-945
949,1898,2847,3796,4745,5694,6643,7592,8541,9490,10439,11388,12337,13286,14235,15184,16133,17082,18031,18980,table-of-949,948,/table-of-948,947,/table-of-947,946,/table-of-946
950,1900,2850,3800,4750,5700,6650,7600,8550,9500,10450,11400,12350,13300,14250,15200,16150,17100,18050,19000,table-of-950,949,/table-of-949,948,/table-of-948,947,/table-of-947
951,1902,2853,3804,4755,5706,6657,7608,8559,9510,10461,11412,12363,13314,14265,15216,16167,17118,18069,19020,table-of-951,950,/table-of-950,949,/table-of-949,948,/table-of-948
952,1904,2856,3808,4760,5712,6664,7616,8568,9520,10472,11424,12376,13328,14280,15232,16184,17136,18088,19040,table-of-952,951,/table-of-951,950,/table-of-950,949,/table-of-949
953,1906,2859,3812,4765,5718,6671,7624,8577,9530,10483,11436,12389,13342,14295,15248,16201,17154,18107,19060,table-of-953,952,/table-of-952,951,/table-of-951,950,/table-of-950
954,1908,2862,3816,4770,5724,6678,7632,8586,9540,10494,11448,12402,13356,14310,15264,16218,17172,18126,19080,table-of-954,953,/table-of-953,952,/table-of-952,951,/table-of-951
955,1910,2865,3820,4775,5730,6685,7640,8595,9550,10505,11460,12415,13370,14325,15280,16235,17190,18145,19100,table-of-955,954,/table-of-954,953,/table-of-953,952,/table-of-952
956,1912,2868,3824,4780,5736,6692,7648,8604,9560,10516,11472,12428,13384,14340,15296,16252,17208,18164,19120,table-of-956,955,/table-of-955,954,/table-of-954,953,/table-of-953
957,1914,2871,3828,4785,5742,6699,7656,8613,9570,10527,11484,12441,13398,14355,15312,16269,17226,18183,19140,table-of-957,956,/table-of-956,955,/table-of-955,954,/table-of-954
958,1916,2874,3832,4790,5748,6706,7664,8622,9580,10538,11496,12454,13412,14370,15328,16286,17244,18202,19160,table-of-958,957,/table-of-957,956,/table-of-956,955,/table-of-955
959,1918,2877,3836,4795,5754,6713,7672,8631,9590,10549,11508,12467,13426,14385,15344,16303,17262,18221,19180,table-of-959,958,/table-of-958,957,/table-of-957,956,/table-of-956
960,1920,2880,3840,4800,5760,6720,7680,8640,9600,10560,11520,12480,13440,14400,15360,16320,17280,18240,19200,table-of-960,959,/table-of-959,958,/table-of-958,957,/table-of-957
961,1922,2883,3844,4805,5766,6727,7688,8649,9610,10571,11532,12493,13454,14415,15376,16337,17298,18259,19220,table-of-961,960,/table-of-960,959,/table-of-959,958,/table-of-958
962,1924,2886,3848,4810,5772,6734,7696,8658,9620,10582,11544,12506,13468,14430,15392,16354,17316,18278,19240,table-of-962,961,/table-of-961,960,/table-of-960,959,/table-of-959
963,1926,2889,3852,4815,5778,6741,7704,8667,9630,10593,11556,12519,13482,14445,15408,16371,17334,18297,19260,table-of-963,962,/table-of-962,961,/table-of-961,960,/table-of-960
964,1928,2892,3856,4820,5784,6748,7712,8676,9640,10604,11568,12532,13496,14460,15424,16388,17352,18316,19280,table-of-964,963,/table-of-963,962,/table-of-962,961,/table-of-961
965,1930,2895,3860,4825,5790,6755,7720,8685,9650,10615,11580,12545,13510,14475,15440,16405,17370,18335,19300,table-of-965,964,/table-of-964,963,/table-of-963,962,/table-of-962
966,1932,2898,3864,4830,5796,6762,7728,8694,9660,10626,11592,12558,13524,14490,15456,16422,17388,18354,19320,table-of-966,965,/table-of-965,964,/table-of-964,963,/table-of-963
967,1934,2901,3868,4835,5802,6769,7736,8703,9670,10637,11604,12571,13538,14505,15472,16439,17406,18373,19340,table-of-967,966,/table-of-966,965,/table-of-965,964,/table-of-964
968,1936,2904,3872,4840,5808,6776,7744,8712,9680,10648,11616,12584,13552,14520,15488,16456,17424,18392,19360,table-of-968,967,/table-of-967,966,/table-of-966,965,/table-of-965
969,1938,2907,3876,4845,5814,6783,7752,8721,9690,10659,11628,12597,13566,14535,15504,16473,17442,18411,19380,table-of-969,968,/table-of-968,967,/table-of-967,966,/table-of-966
970,1940,2910,3880,4850,5820,6790,7760,8730,9700,10670,11640,12610,13580,14550,15520,16490,17460,18430,19400,table-of-970,969,/table-of-969,968,/table-of-968,967,/table-of-967
971,1942,2913,3884,4855,5826,6797,7768,8739,9710,10681,11652,12623,13594,14565,15536,16507,17478,18449,19420,table-of-971,970,/table-of-970,969,/table-of-969,968,/table-of-968
972,1944,2916,3888,4860,5832,6804,7776,8748,9720,10692,11664,12636,13608,14580,15552,16524,17496,18468,19440,table-of-972,971,/table-of-971,970,/table-of-970,969,/table-of-969
973,1946,2919,3892,4865,5838,6811,7784,8757,9730,10703,11676,12649,13622,14595,15568,16541,17514,18487,19460,table-of-973,972,/table-of-972,971,/table-of-971,970,/table-of-970
974,1948,2922,3896,4870,5844,6818,7792,8766,9740,10714,11688,12662,13636,14610,15584,16558,17532,18506,19480,table-of-974,973,/table-of-973,972,/table-of-972,971,/table-of-971
975,1950,2925,3900,4875,5850,6825,7800,8775,9750,10725,11700,12675,13650,14625,15600,16575,17550,18525,19500,table-of-975,974,/table-of-974,973,/table-of-973,972,/table-of-972
976,1952,2928,3904,4880,5856,6832,7808,8784,9760,10736,11712,12688,13664,14640,15616,16592,17568,18544,19520,table-of-976,975,/table-of-975,974,/table-of-974,973,/table-of-973
977,1954,2931,3908,4885,5862,6839,7816,8793,9770,10747,11724,12701,13678,14655,15632,16609,17586,18563,19540,table-of-977,976,/table-of-976,975,/table-of-975,974,/table-of-974
978,1956,2934,3912,4890,5868,6846,7824,8802,9780,10758,11736,12714,13692,14670,15648,16626,17604,18582,19560,table-of-978,977,/table-of-977,976,/table-of-976,975,/table-of-975
979,1958,2937,3916,4895,5874,6853,7832,8811,9790,10769,11748,12727,13706,14685,15664,16643,17622,18601,19580,table-of-979,978,/table-of-978,977,/table-of-977,976,/table-of-976
980,1960,2940,3920,4900,5880,6860,7840,8820,9800,10780,11760,12740,13720,14700,15680,16660,17640,18620,19600,table-of-980,979,/table-of-979,978,/table-of-978,977,/table-of-977
981,1962,2943,3924,4905,5886,6867,7848,8829,9810,10791,11772,12753,13734,14715,15696,16677,17658,18639,19620,table-of-981,980,/table-of-980,979,/table-of-979,978,/table-of-978
982,1964,2946,3928,4910,5892,6874,7856,8838,9820,10802,11784,12766,13748,14730,15712,16694,17676,18658,19640,table-of-982,981,/table-of-981,980,/table-of-980,979,/table-of-979
983,1966,2949,3932,4915,5898,6881,7864,8847,9830,10813,11796,12779,13762,14745,15728,16711,17694,18677,19660,table-of-983,982,/table-of-982,981,/table-of-981,980,/table-of-980
984,1968,2952,3936,4920,5904,6888,7872,8856,9840,10824,11808,12792,13776,14760,15744,16728,17712,18696,19680,table-of-984,983,/table-of-983,982,/table-of-982,981,/table-of-981
985,1970,2955,3940,4925,5910,6895,7880,8865,9850,10835,11820,12805,13790,14775,15760,16745,17730,18715,19700,table-of-985,984,/table-of-984,983,/table-of-983,982,/table-of-982
986,1972,2958,3944,4930,5916,6902,7888,8874,9860,10846,11832,12818,13804,14790,15776,16762,17748,18734,19720,table-of-986,985,/table-of-985,984,/table-of-984,983,/table-of-983
987,1974,2961,3948,4935,5922,6909,7896,8883,9870,10857,11844,12831,13818,14805,15792,16779,17766,18753,19740,table-of-987,986,/table-of-986,985,/table-of-985,984,/table-of-984
988,1976,2964,3952,4940,5928,6916,7904,8892,9880,10868,11856,12844,13832,14820,15808,16796,17784,18772,19760,table-of-988,987,/table-of-987,986,/table-of-986,985,/table-of-985
989,1978,2967,3956,4945,5934,6923,7912,8901,9890,10879,11868,12857,13846,14835,15824,16813,17802,18791,19780,table-of-989,988,/table-of-988,987,/table-of-987,986,/table-of-986
990,1980,2970,3960,4950,5940,6930,7920,8910,9900,10890,11880,12870,13860,14850,15840,16830,17820,18810,19800,table-of-990,989,/table-of-989,988,/table-of-988,987,/table-of-987
991,1982,2973,3964,4955,5946,6937,7928,8919,9910,10901,11892,12883,13874,14865,15856,16847,17838,18829,19820,table-of-991,990,/table-of-990,989,/table-of-989,988,/table-of-988
992,1984,2976,3968,4960,5952,6944,7936,8928,9920,10912,11904,12896,13888,14880,15872,16864,17856,18848,19840,table-of-992,991,/table-of-991,990,/table-of-990,989,/table-of-989
993,1986,2979,3972,4965,5958,6951,7944,8937,9930,10923,11916,12909,13902,14895,15888,16881,17874,18867,19860,table-of-993,992,/table-of-992,991,/table-of-991,990,/table-of-990
994,1988,2982,3976,4970,5964,6958,7952,8946,9940,10934,11928,12922,13916,14910,15904,16898,17892,18886,19880,table-of-994,993,/table-of-993,992,/table-of-992,991,/table-of-991
995,1990,2985,3980,4975,5970,6965,7960,8955,9950,10945,11940,12935,13930,14925,15920,16915,17910,18905,19900,table-of-995,994,/table-of-994,993,/table-of-993,992,/table-of-992
996,1992,2988,3984,4980,5976,6972,7968,8964,9960,10956,11952,12948,13944,14940,15936,16932,17928,18924,19920,table-of-996,995,/table-of-995,994,/table-of-994,993,/table-of-993
997,1994,2991,3988,4985,5982,6979,7976,8973,9970,10967,11964,12961,13958,14955,15952,16949,17946,18943,19940,table-of-997,996,/table-of-996,995,/table-of-995,994,/table-of-994
998,1996,2994,3992,4990,5988,6986,7984,8982,9980,10978,11976,12974,13972,14970,15968,16966,17964,18962,19960,table-of-998,997,/table-of-997,996,/table-of-996,995,/table-of-995
999,1998,2997,3996,4995,5994,6993,7992,8991,9990,10989,11988,12987,13986,14985,15984,16983,17982,18981,19980,table-of-999,998,/table-of-998,997,/table-of-997,996,/table-of-996
1000,2000,3000,4000,5000,6000,7000,8000,9000,10000,11000,12000,13000,14000,15000,16000,17000,18000,19000,20000,table-of-1000,999,/table-of-999,998,/table-of-998,997,/table-of-997
1001,2002,3003,4004,5005,6006,7007,8008,9009,10010,11011,12012,13013,14014,15015,16016,17017,18018,19019,20020,table-of-1001,1000,/table-of-1000,999,/table-of-999,998,/table-of-998
1002,2004,3006,4008,5010,6012,7014,8016,9018,10020,11022,12024,13026,14028,15030,16032,17034,18036,19038,20040,table-of-1002,1001,/table-of-1001,1000,/table-of-1000,999,/table-of-999
1003,2006,3009,4012,5015,6018,7021,8024,9027,10030,11033,12036,13039,14042,15045,16048,17051,18054,19057,20060,table-of-1003,1002,/table-of-1002,1001,/table-of-1001,1000,/table-of-1000
1004,2008,3012,4016,5020,6024,7028,8032,9036,10040,11044,12048,13052,14056,15060,16064,17068,18072,19076,20080,table-of-1004,1003,/table-of-1003,1002,/table-of-1002,1001,/table-of-1001
1005,2010,3015,4020,5025,6030,7035,8040,9045,10050,11055,12060,13065,14070,15075,16080,17085,18090,19095,20100,table-of-1005,1004,/table-of-1004,1003,/table-of-1003,1002,/table-of-1002
1006,2012,3018,4024,5030,6036,7042,8048,9054,10060,11066,12072,13078,14084,15090,16096,17102,18108,19114,20120,table-of-1006,1005,/table-of-1005,1004,/table-of-1004,1003,/table-of-1003
1007,2014,3021,4028,5035,6042,7049,8056,9063,10070,11077,12084,13091,14098,15105,16112,17119,18126,19133,20140,table-of-1007,1006,/table-of-1006,1005,/table-of-1005,1004,/table-of-1004
1008,2016,3024,4032,5040,6048,7056,8064,9072,10080,11088,12096,13104,14112,15120,16128,17136,18144,19152,20160,table-of-1008,1007,/table-of-1007,1006,/table-of-1006,1005,/table-of-1005
1009,2018,3027,4036,5045,6054,7063,8072,9081,10090,11099,12108,13117,14126,15135,16144,17153,18162,19171,20180,table-of-1009,1008,/table-of-1008,1007,/table-of-1007,1006,/table-of-1006
1010,2020,3030,4040,5050,6060,7070,8080,9090,10100,11110,12120,13130,14140,15150,16160,17170,18180,19190,20200,table-of-1010,1009,/table-of-1009,1008,/table-of-1008,1007,/table-of-1007
1011,2022,3033,4044,5055,6066,7077,8088,9099,10110,11121,12132,13143,14154,15165,16176,17187,18198,19209,20220,table-of-1011,1010,/table-of-1010,1009,/table-of-1009,1008,/table-of-1008
1012,2024,3036,4048,5060,6072,7084,8096,9108,10120,11132,12144,13156,14168,15180,16192,17204,18216,19228,20240,table-of-1012,1011,/table-of-1011,1010,/table-of-1010,1009,/table-of-1009
1013,2026,3039,4052,5065,6078,7091,8104,9117,10130,11143,12156,13169,14182,15195,16208,17221,18234,19247,20260,table-of-1013,1012,/table-of-1012,1011,/table-of-1011,1010,/table-of-1010
1014,2028,3042,4056,5070,6084,7098,8112,9126,10140,11154,12168,13182,14196,15210,16224,17238,18252,19266,20280,table-of-1014,1013,/table-of-1013,1012,/table-of-1012,1011,/table-of-1011
1015,2030,3045,4060,5075,6090,7105,8120,9135,10150,11165,12180,13195,14210,15225,16240,17255,18270,19285,20300,table-of-1015,1014,/table-of-1014,1013,/table-of-1013,1012,/table-of-1012
1016,2032,3048,4064,5080,6096,7112,8128,9144,10160,11176,12192,13208,14224,15240,16256,17272,18288,19304,20320,table-of-1016,1015,/table-of-1015,1014,/table-of-1014,1013,/table-of-1013
1017,2034,3051,4068,5085,6102,7119,8136,9153,10170,11187,12204,13221,14238,15255,16272,17289,18306,19323,20340,table-of-1017,1016,/table-of-1016,1015,/table-of-1015,1014,/table-of-1014
1018,2036,3054,4072,5090,6108,7126,8144,9162,10180,11198,12216,13234,14252,15270,16288,17306,18324,19342,20360,table-of-1018,1017,/table-of-1017,1016,/table-of-1016,1015,/table-of-1015
1019,2038,3057,4076,5095,6114,7133,8152,9171,10190,11209,12228,13247,14266,15285,16304,17323,18342,19361,20380,table-of-1019,1018,/table-of-1018,1017,/table-of-1017,1016,/table-of-1016
1020,2040,3060,4080,5100,6120,7140,8160,9180,10200,11220,12240,13260,14280,15300,16320,17340,18360,19380,20400,table-of-1020,1019,/table-of-1019,1018,/table-of-1018,1017,/table-of-1017
1021,2042,3063,4084,5105,6126,7147,8168,9189,10210,11231,12252,13273,14294,15315,16336,17357,18378,19399,20420,table-of-1021,1020,/table-of-1020,1019,/table-of-1019,1018,/table-of-1018
1022,2044,3066,4088,5110,6132,7154,8176,9198,10220,11242,12264,13286,14308,15330,16352,17374,18396,19418,20440,table-of-1022,1021,/table-of-1021,1020,/table-of-1020,1019,/table-of-1019
1023,2046,3069,4092,5115,6138,7161,8184,9207,10230,11253,12276,13299,14322,15345,16368,17391,18414,19437,20460,table-of-1023,1022,/table-of-1022,1021,/table-of-1021,1020,/table-of-1020
1024,2048,3072,4096,5120,6144,7168,8192,9216,10240,11264,12288,13312,14336,15360,16384,17408,18432,19456,20480,table-of-1024,1023,/table-of-1023,1022,/table-of-1022,1021,/table-of-1021
1025,2050,3075,4100,5125,6150,7175,8200,9225,10250,11275,12300,13325,14350,15375,16400,17425,18450,19475,20500,table-of-1025,1024,/table-of-1024,1023,/table-of-1023,1022,/table-of-1022
1026,2052,3078,4104,5130,6156,7182,8208,9234,10260,11286,12312,13338,14364,15390,16416,17442,18468,19494,20520,table-of-1026,1025,/table-of-1025,1024,/table-of-1024,1023,/table-of-1023
1027,2054,3081,4108,5135,6162,7189,8216,9243,10270,11297,12324,13351,14378,15405,16432,17459,18486,19513,20540,table-of-1027,1026,/table-of-1026,1025,/table-of-1025,1024,/table-of-1024
1028,2056,3084,4112,5140,6168,7196,8224,9252,10280,11308,12336,13364,14392,15420,16448,17476,18504,19532,20560,table-of-1028,1027,/table-of-1027,1026,/table-of-1026,1025,/table-of-1025
1029,2058,3087,4116,5145,6174,7203,8232,9261,10290,11319,12348,13377,14406,15435,16464,17493,18522,19551,20580,table-of-1029,1028,/table-of-1028,1027,/table-of-1027,1026,/table-of-1026
1030,2060,3090,4120,5150,6180,7210,8240,9270,10300,11330,12360,13390,14420,15450,16480,17510,18540,19570,20600,table-of-1030,1029,/table-of-1029,1028,/table-of-1028,1027,/table-of-1027
1031,2062,3093,4124,5155,6186,7217,8248,9279,10310,11341,12372,13403,14434,15465,16496,17527,18558,19589,20620,table-of-1031,1030,/table-of-1030,1029,/table-of-1029,1028,/table-of-1028
1032,2064,3096,4128,5160,6192,7224,8256,9288,10320,11352,12384,13416,14448,15480,16512,17544,18576,19608,20640,table-of-1032,1031,/table-of-1031,1030,/table-of-1030,1029,/table-of-1029
1033,2066,3099,4132,5165,6198,7231,8264,9297,10330,11363,12396,13429,14462,15495,16528,17561,18594,19627,20660,table-of-1033,1032,/table-of-1032,1031,/table-of-1031,1030,/table-of-1030
1034,2068,3102,4136,5170,6204,7238,8272,9306,10340,11374,12408,13442,14476,15510,16544,17578,18612,19646,20680,table-of-1034,1033,/table-of-1033,1032,/table-of-1032,1031,/table-of-1031
1035,2070,3105,4140,5175,6210,7245,8280,9315,10350,11385,12420,13455,14490,15525,16560,17595,18630,19665,20700,table-of-1035,1034,/table-of-1034,1033,/table-of-1033,1032,/table-of-1032
1036,2072,3108,4144,5180,6216,7252,8288,9324,10360,11396,12432,13468,14504,15540,16576,17612,18648,19684,20720,table-of-1036,1035,/table-of-1035,1034,/table-of-1034,1033,/table-of-1033
1037,2074,3111,4148,5185,6222,7259,8296,9333,10370,11407,12444,13481,14518,15555,16592,17629,18666,19703,20740,table-of-1037,1036,/table-of-1036,1035,/table-of-1035,1034,/table-of-1034
1038,2076,3114,4152,5190,6228,7266,8304,9342,10380,11418,12456,13494,14532,15570,16608,17646,18684,19722,20760,table-of-1038,1037,/table-of-1037,1036,/table-of-1036,1035,/table-of-1035
1039,2078,3117,4156,5195,6234,7273,8312,9351,10390,11429,12468,13507,14546,15585,16624,17663,18702,19741,20780,table-of-1039,1038,/table-of-1038,1037,/table-of-1037,1036,/table-of-1036
1040,2080,3120,4160,5200,6240,7280,8320,9360,10400,11440,12480,13520,14560,15600,16640,17680,18720,19760,20800,table-of-1040,1039,/table-of-1039,1038,/table-of-1038,1037,/table-of-1037
1041,2082,3123,4164,5205,6246,7287,8328,9369,10410,11451,12492,13533,14574,15615,16656,17697,18738,19779,20820,table-of-1041,1040,/table-of-1040,1039,/table-of-1039,1038,/table-of-1038
1042,2084,3126,4168,5210,6252,7294,8336,9378,10420,11462,12504,13546,14588,15630,16672,17714,18756,19798,20840,table-of-1042,1041,/table-of-1041,1040,/table-of-1040,1039,/table-of-1039
1043,2086,3129,4172,5215,6258,7301,8344,9387,10430,11473,12516,13559,14602,15645,16688,17731,18774,19817,20860,table-of-1043,1042,/table-of-1042,1041,/table-of-1041,1040,/table-of-1040
1044,2088,3132,4176,5220,6264,7308,8352,9396,10440,11484,12528,13572,14616,15660,16704,17748,18792,19836,20880,table-of-1044,1043,/table-of-1043,1042,/table-of-1042,1041,/table-of-1041
1045,2090,3135,4180,5225,6270,7315,8360,9405,10450,11495,12540,13585,14630,15675,16720,17765,18810,19855,20900,table-of-1045,1044,/table-of-1044,1043,/table-of-1043,1042,/table-of-1042
1046,2092,3138,4184,5230,6276,7322,8368,9414,10460,11506,12552,13598,14644,15690,16736,17782,18828,19874,20920,table-of-1046,1045,/table-of-1045,1044,/table-of-1044,1043,/table-of-1043
1047,2094,3141,4188,5235,6282,7329,8376,9423,10470,11517,12564,13611,14658,15705,16752,17799,18846,19893,20940,table-of-1047,1046,/table-of-1046,1045,/table-of-1045,1044,/table-of-1044
1048,2096,3144,4192,5240,6288,7336,8384,9432,10480,11528,12576,13624,14672,15720,16768,17816,18864,19912,20960,table-of-1048,1047,/table-of-1047,1046,/table-of-1046,1045,/table-of-1045
1049,2098,3147,4196,5245,6294,7343,8392,9441,10490,11539,12588,13637,14686,15735,16784,17833,18882,19931,20980,table-of-1049,1048,/table-of-1048,1047,/table-of-1047,1046,/table-of-1046
1050,2100,3150,4200,5250,6300,7350,8400,9450,10500,11550,12600,13650,14700,15750,16800,17850,18900,19950,21000,table-of-1050,1049,/table-of-1049,1048,/table-of-1048,1047,/table-of-1047
1051,2102,3153,4204,5255,6306,7357,8408,9459,10510,11561,12612,13663,14714,15765,16816,17867,18918,19969,21020,table-of-1051,1050,/table-of-1050,1049,/table-of-1049,1048,/table-of-1048
1052,2104,3156,4208,5260,6312,7364,8416,9468,10520,11572,12624,13676,14728,15780,16832,17884,18936,19988,21040,table-of-1052,1051,/table-of-1051,1050,/table-of-1050,1049,/table-of-1049
1053,2106,3159,4212,5265,6318,7371,8424,9477,10530,11583,12636,13689,14742,15795,16848,17901,18954,20007,21060,table-of-1053,1052,/table-of-1052,1051,/table-of-1051,1050,/table-of-1050
1054,2108,3162,4216,5270,6324,7378,8432,9486,10540,11594,12648,13702,14756,15810,16864,17918,18972,20026,21080,table-of-1054,1053,/table-of-1053,1052,/table-of-1052,1051,/table-of-1051
1055,2110,3165,4220,5275,6330,7385,8440,9495,10550,11605,12660,13715,14770,15825,16880,17935,18990,20045,21100,table-of-1055,1054,/table-of-1054,1053,/table-of-1053,1052,/table-of-1052
1056,2112,3168,4224,5280,6336,7392,8448,9504,10560,11616,12672,13728,14784,15840,16896,17952,19008,20064,21120,table-of-1056,1055,/table-of-1055,1054,/table-of-1054,1053,/table-of-1053
1057,2114,3171,4228,5285,6342,7399,8456,9513,10570,11627,12684,13741,14798,15855,16912,17969,19026,20083,21140,table-of-1057,1056,/table-of-1056,1055,/table-of-1055,1054,/table-of-1054
1058,2116,3174,4232,5290,6348,7406,8464,9522,10580,11638,12696,13754,14812,15870,16928,17986,19044,20102,21160,table-of-1058,1057,/table-of-1057,1056,/table-of-1056,1055,/table-of-1055
1059,2118,3177,4236,5295,6354,7413,8472,9531,10590,11649,12708,13767,14826,15885,16944,18003,19062,20121,21180,table-of-1059,1058,/table-of-1058,1057,/table-of-1057,1056,/table-of-1056
1060,2120,3180,4240,5300,6360,7420,8480,9540,10600,11660,12720,13780,14840,15900,16960,18020,19080,20140,21200,table-of-1060,1059,/table-of-1059,1058,/table-of-1058,1057,/table-of-1057
1061,2122,3183,4244,5305,6366,7427,8488,9549,10610,11671,12732,13793,14854,15915,16976,18037,19098,20159,21220,table-of-1061,1060,/table-of-1060,1059,/table-of-1059,1058,/table-of-1058
1062,2124,3186,4248,5310,6372,7434,8496,9558,10620,11682,12744,13806,14868,15930,16992,18054,19116,20178,21240,table-of-1062,1061,/table-of-1061,1060,/table-of-1060,1059,/table-of-1059
1063,2126,3189,4252,5315,6378,7441,8504,9567,10630,11693,12756,13819,14882,15945,17008,18071,19134,20197,21260,table-of-1063,1062,/table-of-1062,1061,/table-of-1061,1060,/table-of-1060
1064,2128,3192,4256,5320,6384,7448,8512,9576,10640,11704,12768,13832,14896,15960,17024,18088,19152,20216,21280,table-of-1064,1063,/table-of-1063,1062,/table-of-1062,1061,/table-of-1061
1065,2130,3195,4260,5325,6390,7455,8520,9585,10650,11715,12780,13845,14910,15975,17040,18105,19170,20235,21300,table-of-1065,1064,/table-of-1064,1063,/table-of-1063,1062,/table-of-1062
1066,2132,3198,4264,5330,6396,7462,8528,9594,10660,11726,12792,13858,14924,15990,17056,18122,19188,20254,21320,table-of-1066,1065,/table-of-1065,1064,/table-of-1064,1063,/table-of-1063
1067,2134,3201,4268,5335,6402,7469,8536,9603,10670,11737,12804,13871,14938,16005,17072,18139,19206,20273,21340,table-of-1067,1066,/table-of-1066,1065,/table-of-1065,1064,/table-of-1064
1068,2136,3204,4272,5340,6408,7476,8544,9612,10680,11748,12816,13884,14952,16020,17088,18156,19224,20292,21360,table-of-1068,1067,/table-of-1067,1066,/table-of-1066,1065,/table-of-1065
1069,2138,3207,4276,5345,6414,7483,8552,9621,10690,11759,12828,13897,14966,16035,17104,18173,19242,20311,21380,table-of-1069,1068,/table-of-1068,1067,/table-of-1067,1066,/table-of-1066
1070,2140,3210,4280,5350,6420,7490,8560,9630,10700,11770,12840,13910,14980,16050,17120,18190,19260,20330,21400,table-of-1070,1069,/table-of-1069,1068,/table-of-1068,1067,/table-of-1067
1071,2142,3213,4284,5355,6426,7497,8568,9639,10710,11781,12852,13923,14994,16065,17136,18207,19278,20349,21420,table-of-1071,1070,/table-of-1070,1069,/table-of-1069,1068,/table-of-1068
1072,2144,3216,4288,5360,6432,7504,8576,9648,10720,11792,12864,13936,15008,16080,17152,18224,19296,20368,21440,table-of-1072,1071,/table-of-1071,1070,/table-of-1070,1069,/table-of-1069
1073,2146,3219,4292,5365,6438,7511,8584,9657,10730,11803,12876,13949,15022,16095,17168,18241,19314,20387,21460,table-of-1073,1072,/table-of-1072,1071,/table-of-1071,1070,/table-of-1070
1074,2148,3222,4296,5370,6444,7518,8592,9666,10740,11814,12888,13962,15036,16110,17184,18258,19332,20406,21480,table-of-1074,1073,/table-of-1073,1072,/table-of-1072,1071,/table-of-1071
1075,2150,3225,4300,5375,6450,7525,8600,9675,10750,11825,12900,13975,15050,16125,17200,18275,19350,20425,21500,table-of-1075,1074,/table-of-1074,1073,/table-of-1073,1072,/table-of-1072
1076,2152,3228,4304,5380,6456,7532,8608,9684,10760,11836,12912,13988,15064,16140,17216,18292,19368,20444,21520,table-of-1076,1075,/table-of-1075,1074,/table-of-1074,1073,/table-of-1073
1077,2154,3231,4308,5385,6462,7539,8616,9693,10770,11847,12924,14001,15078,16155,17232,18309,19386,20463,21540,table-of-1077,1076,/table-of-1076,1075,/table-of-1075,1074,/table-of-1074
1078,2156,3234,4312,5390,6468,7546,8624,9702,10780,11858,12936,14014,15092,16170,17248,18326,19404,20482,21560,table-of-1078,1077,/table-of-1077,1076,/table-of-1076,1075,/table-of-1075
1079,2158,3237,4316,5395,6474,7553,8632,9711,10790,11869,12948,14027,15106,16185,17264,18343,19422,20501,21580,table-of-1079,1078,/table-of-1078,1077,/table-of-1077,1076,/table-of-1076
1080,2160,3240,4320,5400,6480,7560,8640,9720,10800,11880,12960,14040,15120,16200,17280,18360,19440,20520,21600,table-of-1080,1079,/table-of-1079,1078,/table-of-1078,1077,/table-of-1077
1081,2162,3243,4324,5405,6486,7567,8648,9729,10810,11891,12972,14053,15134,16215,17296,18377,19458,20539,21620,table-of-1081,1080,/table-of-1080,1079,/table-of-1079,1078,/table-of-1078
1082,2164,3246,4328,5410,6492,7574,8656,9738,10820,11902,12984,14066,15148,16230,17312,18394,19476,20558,21640,table-of-1082,1081,/table-of-1081,1080,/table-of-1080,1079,/table-of-1079
1083,2166,3249,4332,5415,6498,7581,8664,9747,10830,11913,12996,14079,15162,16245,17328,18411,19494,20577,21660,table-of-1083,1082,/table-of-1082,1081,/table-of-1081,1080,/table-of-1080
1084,2168,3252,4336,5420,6504,7588,8672,9756,10840,11924,13008,14092,15176,16260,17344,18428,19512,20596,21680,table-of-1084,1083,/table-of-1083,1082,/table-of-1082,1081,/table-of-1081
1085,2170,3255,4340,5425,6510,7595,8680,9765,10850,11935,13020,14105,15190,16275,17360,18445,19530,20615,21700,table-of-1085,1084,/table-of-1084,1083,/table-of-1083,1082,/table-of-1082
1086,2172,3258,4344,5430,6516,7602,8688,9774,10860,11946,13032,14118,15204,16290,17376,18462,19548,20634,21720,table-of-1086,1085,/table-of-1085,1084,/table-of-1084,1083,/table-of-1083
1087,2174,3261,4348,5435,6522,7609,8696,9783,10870,11957,13044,14131,15218,16305,17392,18479,19566,20653,21740,table-of-1087,1086,/table-of-1086,1085,/table-of-1085,1084,/table-of-1084
1088,2176,3264,4352,5440,6528,7616,8704,9792,10880,11968,13056,14144,15232,16320,17408,18496,19584,20672,21760,table-of-1088,1087,/table-of-1087,1086,/table-of-1086,1085,/table-of-1085
1089,2178,3267,4356,5445,6534,7623,8712,9801,10890,11979,13068,14157,15246,16335,17424,18513,19602,20691,21780,table-of-1089,1088,/table-of-1088,1087,/table-of-1087,1086,/table-of-1086
1090,2180,3270,4360,5450,6540,7630,8720,9810,10900,11990,13080,14170,15260,16350,17440,18530,19620,20710,21800,table-of-1090,1089,/table-of-1089,1088,/table-of-1088,1087,/table-of-1087
1091,2182,3273,4364,5455,6546,7637,8728,9819,10910,12001,13092,14183,15274,16365,17456,18547,19638,20729,21820,table-of-1091,1090,/table-of-1090,1089,/table-of-1089,1088,/table-of-1088
1092,2184,3276,4368,5460,6552,7644,8736,9828,10920,12012,13104,14196,15288,16380,17472,18564,19656,20748,21840,table-of-1092,1091,/table-of-1091,1090,/table-of-1090,1089,/table-of-1089
1093,2186,3279,4372,5465,6558,7651,8744,9837,10930,12023,13116,14209,15302,16395,17488,18581,19674,20767,21860,table-of-1093,1092,/table-of-1092,1091,/table-of-1091,1090,/table-of-1090
1094,2188,3282,4376,5470,6564,7658,8752,9846,10940,12034,13128,14222,15316,16410,17504,18598,19692,20786,21880,table-of-1094,1093,/table-of-1093,1092,/table-of-1092,1091,/table-of-1091
1095,2190,3285,4380,5475,6570,7665,8760,9855,10950,12045,13140,14235,15330,16425,17520,18615,19710,20805,21900,table-of-1095,1094,/table-of-1094,1093,/table-of-1093,1092,/table-of-1092
1096,2192,3288,4384,5480,6576,7672,8768,9864,10960,12056,13152,14248,15344,16440,17536,18632,19728,20824,21920,table-of-1096,1095,/table-of-1095,1094,/table-of-1094,1093,/table-of-1093
1097,2194,3291,4388,5485,6582,7679,8776,9873,10970,12067,13164,14261,15358,16455,17552,18649,19746,20843,21940,table-of-1097,1096,/table-of-1096,1095,/table-of-1095,1094,/table-of-1094
1098,2196,3294,4392,5490,6588,7686,8784,9882,10980,12078,13176,14274,15372,16470,17568,18666,19764,20862,21960,table-of-1098,1097,/table-of-1097,1096,/table-of-1096,1095,/table-of-1095
1099,2198,3297,4396,5495,6594,7693,8792,9891,10990,12089,13188,14287,15386,16485,17584,18683,19782,20881,21980,table-of-1099,1098,/table-of-1098,1097,/table-of-1097,1096,/table-of-1096
1100,2200,3300,4400,5500,6600,7700,8800,9900,11000,12100,13200,14300,15400,16500,17600,18700,19800,20900,22000,table-of-1100,1099,/table-of-1099,1098,/table-of-1098,1097,/table-of-1097
1101,2202,3303,4404,5505,6606,7707,8808,9909,11010,12111,13212,14313,15414,16515,17616,18717,19818,20919,22020,table-of-1101,1100,/table-of-1100,1099,/table-of-1099,1098,/table-of-1098
1102,2204,3306,4408,5510,6612,7714,8816,9918,11020,12122,13224,14326,15428,16530,17632,18734,19836,20938,22040,table-of-1102,1101,/table-of-1101,1100,/table-of-1100,1099,/table-of-1099
1103,2206,3309,4412,5515,6618,7721,8824,9927,11030,12133,13236,14339,15442,16545,17648,18751,19854,20957,22060,table-of-1103,1102,/table-of-1102,1101,/table-of-1101,1100,/table-of-1100
1104,2208,3312,4416,5520,6624,7728,8832,9936,11040,12144,13248,14352,15456,16560,17664,18768,19872,20976,22080,table-of-1104,1103,/table-of-1103,1102,/table-of-1102,1101,/table-of-1101
1105,2210,3315,4420,5525,6630,7735,8840,9945,11050,12155,13260,14365,15470,16575,17680,18785,19890,20995,22100,table-of-1105,1104,/table-of-1104,1103,/table-of-1103,1102,/table-of-1102
1106,2212,3318,4424,5530,6636,7742,8848,9954,11060,12166,13272,14378,15484,16590,17696,18802,19908,21014,22120,table-of-1106,1105,/table-of-1105,1104,/table-of-1104,1103,/table-of-1103
1107,2214,3321,4428,5535,6642,7749,8856,9963,11070,12177,13284,14391,15498,16605,17712,18819,19926,21033,22140,table-of-1107,1106,/table-of-1106,1105,/table-of-1105,1104,/table-of-1104
1108,2216,3324,4432,5540,6648,7756,8864,9972,11080,12188,13296,14404,15512,16620,17728,18836,19944,21052,22160,table-of-1108,1107,/table-of-1107,1106,/table-of-1106,1105,/table-of-1105
1109,2218,3327,4436,5545,6654,7763,8872,9981,11090,12199,13308,14417,15526,16635,17744,18853,19962,21071,22180,table-of-1109,1108,/table-of-1108,1107,/table-of-1107,1106,/table-of-1106
1110,2220,3330,4440,5550,6660,7770,8880,9990,11100,12210,13320,14430,15540,16650,17760,18870,19980,21090,22200,table-of-1110,1109,/table-of-1109,1108,/table-of-1108,1107,/table-of-1107
1111,2222,3333,4444,5555,6666,7777,8888,9999,11110,12221,13332,14443,15554,16665,17776,18887,19998,21109,22220,table-of-1111,1110,/table-of-1110,1109,/table-of-1109,1108,/table-of-1108
1112,2224,3336,4448,5560,6672,7784,8896,10008,11120,12232,13344,14456,15568,16680,17792,18904,20016,21128,22240,table-of-1112,1111,/table-of-1111,1110,/table-of-1110,1109,/table-of-1109
1113,2226,3339,4452,5565,6678,7791,8904,10017,11130,12243,13356,14469,15582,16695,17808,18921,20034,21147,22260,table-of-1113,1112,/table-of-1112,1111,/table-of-1111,1110,/table-of-1110
1114,2228,3342,4456,5570,6684,7798,8912,10026,11140,12254,13368,14482,15596,16710,17824,18938,20052,21166,22280,table-of-1114,1113,/table-of-1113,1112,/table-of-1112,1111,/table-of-1111
1115,2230,3345,4460,5575,6690,7805,8920,10035,11150,12265,13380,14495,15610,16725,17840,18955,20070,21185,22300,table-of-1115,1114,/table-of-1114,1113,/table-of-1113,1112,/table-of-1112
1116,2232,3348,4464,5580,6696,7812,8928,10044,11160,12276,13392,14508,15624,16740,17856,18972,20088,21204,22320,table-of-1116,1115,/table-of-1115,1114,/table-of-1114,1113,/table-of-1113
1117,2234,3351,4468,5585,6702,7819,8936,10053,11170,12287,13404,14521,15638,16755,17872,18989,20106,21223,22340,table-of-1117,1116,/table-of-1116,1115,/table-of-1115,1114,/table-of-1114
1118,2236,3354,4472,5590,6708,7826,8944,10062,11180,12298,13416,14534,15652,16770,17888,19006,20124,21242,22360,table-of-1118,1117,/table-of-1117,1116,/table-of-1116,1115,/table-of-1115
1119,2238,3357,4476,5595,6714,7833,8952,10071,11190,12309,13428,14547,15666,16785,17904,19023,20142,21261,22380,table-of-1119,1118,/table-of-1118,1117,/table-of-1117,1116,/table-of-1116
1120,2240,3360,4480,5600,6720,7840,8960,10080,11200,12320,13440,14560,15680,16800,17920,19040,20160,21280,22400,table-of-1120,1119,/table-of-1119,1118,/table-of-1118,1117,/table-of-1117
1121,2242,3363,4484,5605,6726,7847,8968,10089,11210,12331,13452,14573,15694,16815,17936,19057,20178,21299,22420,table-of-1121,1120,/table-of-1120,1119,/table-of-1119,1118,/table-of-1118
1122,2244,3366,4488,5610,6732,7854,8976,10098,11220,12342,13464,14586,15708,16830,17952,19074,20196,21318,22440,table-of-1122,1121,/table-of-1121,1120,/table-of-1120,1119,/table-of-1119
1123,2246,3369,4492,5615,6738,7861,8984,10107,11230,12353,13476,14599,15722,16845,17968,19091,20214,21337,22460,table-of-1123,1122,/table-of-1122,1121,/table-of-1121,1120,/table-of-1120
1124,2248,3372,4496,5620,6744,7868,8992,10116,11240,12364,13488,14612,15736,16860,17984,19108,20232,21356,22480,table-of-1124,1123,/table-of-1123,1122,/table-of-1122,1121,/table-of-1121
1125,2250,3375,4500,5625,6750,7875,9000,10125,11250,12375,13500,14625,15750,16875,18000,19125,20250,21375,22500,table-of-1125,1124,/table-of-1124,1123,/table-of-1123,1122,/table-of-1122
1126,2252,3378,4504,5630,6756,7882,9008,10134,11260,12386,13512,14638,15764,16890,18016,19142,20268,21394,22520,table-of-1126,1125,/table-of-1125,1124,/table-of-1124,1123,/table-of-1123
1127,2254,3381,4508,5635,6762,7889,9016,10143,11270,12397,13524,14651,15778,16905,18032,19159,20286,21413,22540,table-of-1127,1126,/table-of-1126,1125,/table-of-1125,1124,/table-of-1124
1128,2256,3384,4512,5640,6768,7896,9024,10152,11280,12408,13536,14664,15792,16920,18048,19176,20304,21432,22560,table-of-1128,1127,/table-of-1127,1126,/table-of-1126,1125,/table-of-1125
1129,2258,3387,4516,5645,6774,7903,9032,10161,11290,12419,13548,14677,15806,16935,18064,19193,20322,21451,22580,table-of-1129,1128,/table-of-1128,1127,/table-of-1127,1126,/table-of-1126
1130,2260,3390,4520,5650,6780,7910,9040,10170,11300,12430,13560,14690,15820,16950,18080,19210,20340,21470,22600,table-of-1130,1129,/table-of-1129,1128,/table-of-1128,1127,/table-of-1127
1131,2262,3393,4524,5655,6786,7917,9048,10179,11310,12441,13572,14703,15834,16965,18096,19227,20358,21489,22620,table-of-1131,1130,/table-of-1130,1129,/table-of-1129,1128,/table-of-1128
1132,2264,3396,4528,5660,6792,7924,9056,10188,11320,12452,13584,14716,15848,16980,18112,19244,20376,21508,22640,table-of-1132,1131,/table-of-1131,1130,/table-of-1130,1129,/table-of-1129
1133,2266,3399,4532,5665,6798,7931,9064,10197,11330,12463,13596,14729,15862,16995,18128,19261,20394,21527,22660,table-of-1133,1132,/table-of-1132,1131,/table-of-1131,1130,/table-of-1130
1134,2268,3402,4536,5670,6804,7938,9072,10206,11340,12474,13608,14742,15876,17010,18144,19278,20412,21546,22680,table-of-1134,1133,/table-of-1133,1132,/table-of-1132,1131,/table-of-1131
1135,2270,3405,4540,5675,6810,7945,9080,10215,11350,12485,13620,14755,15890,17025,18160,19295,20430,21565,22700,table-of-1135,1134,/table-of-1134,1133,/table-of-1133,1132,/table-of-1132
1136,2272,3408,4544,5680,6816,7952,9088,10224,11360,12496,13632,14768,15904,17040,18176,19312,20448,21584,22720,table-of-1136,1135,/table-of-1135,1134,/table-of-1134,1133,/table-of-1133
1137,2274,3411,4548,5685,6822,7959,9096,10233,11370,12507,13644,14781,15918,17055,18192,19329,20466,21603,22740,table-of-1137,1136,/table-of-1136,1135,/table-of-1135,1134,/table-of-1134
1138,2276,3414,4552,5690,6828,7966,9104,10242,11380,12518,13656,14794,15932,17070,18208,19346,20484,21622,22760,table-of-1138,1137,/table-of-1137,1136,/table-of-1136,1135,/table-of-1135
1139,2278,3417,4556,5695,6834,7973,9112,10251,11390,12529,13668,14807,15946,17085,18224,19363,20502,21641,22780,table-of-1139,1138,/table-of-1138,1137,/table-of-1137,1136,/table-of-1136
1140,2280,3420,4560,5700,6840,7980,9120,10260,11400,12540,13680,14820,15960,17100,18240,19380,20520,21660,22800,table-of-1140,1139,/table-of-1139,1138,/table-of-1138,1137,/table-of-1137
1141,2282,3423,4564,5705,6846,7987,9128,10269,11410,12551,13692,14833,15974,17115,18256,19397,20538,21679,22820,table-of-1141,1140,/table-of-1140,1139,/table-of-1139,1138,/table-of-1138
1142,2284,3426,4568,5710,6852,7994,9136,10278,11420,12562,13704,14846,15988,17130,18272,19414,20556,21698,22840,table-of-1142,1141,/table-of-1141,1140,/table-of-1140,1139,/table-of-1139
1143,2286,3429,4572,5715,6858,8001,9144,10287,11430,12573,13716,14859,16002,17145,18288,19431,20574,21717,22860,table-of-1143,1142,/table-of-1142,1141,/table-of-1141,1140,/table-of-1140
1144,2288,3432,4576,5720,6864,8008,9152,10296,11440,12584,13728,14872,16016,17160,18304,19448,20592,21736,22880,table-of-1144,1143,/table-of-1143,1142,/table-of-1142,1141,/table-of-1141
1145,2290,3435,4580,5725,6870,8015,9160,10305,11450,12595,13740,14885,16030,17175,18320,19465,20610,21755,22900,table-of-1145,1144,/table-of-1144,1143,/table-of-1143,1142,/table-of-1142
1146,2292,3438,4584,5730,6876,8022,9168,10314,11460,12606,13752,14898,16044,17190,18336,19482,20628,21774,22920,table-of-1146,1145,/table-of-1145,1144,/table-of-1144,1143,/table-of-1143
1147,2294,3441,4588,5735,6882,8029,9176,10323,11470,12617,13764,14911,16058,17205,18352,19499,20646,21793,22940,table-of-1147,1146,/table-of-1146,1145,/table-of-1145,1144,/table-of-1144
1148,2296,3444,4592,5740,6888,8036,9184,10332,11480,12628,13776,14924,16072,17220,18368,19516,20664,21812,22960,table-of-1148,1147,/table-of-1147,1146,/table-of-1146,1145,/table-of-1145
1149,2298,3447,4596,5745,6894,8043,9192,10341,11490,12639,13788,14937,16086,17235,18384,19533,20682,21831,22980,table-of-1149,1148,/table-of-1148,1147,/table-of-1147,1146,/table-of-1146
1150,2300,3450,4600,5750,6900,8050,9200,10350,11500,12650,13800,14950,16100,17250,18400,19550,20700,21850,23000,table-of-1150,1149,/table-of-1149,1148,/table-of-1148,1147,/table-of-1147
1151,2302,3453,4604,5755,6906,8057,9208,10359,11510,12661,13812,14963,16114,17265,18416,19567,20718,21869,23020,table-of-1151,1150,/table-of-1150,1149,/table-of-1149,1148,/table-of-1148
1152,2304,3456,4608,5760,6912,8064,9216,10368,11520,12672,13824,14976,16128,17280,18432,19584,20736,21888,23040,table-of-1152,1151,/table-of-1151,1150,/table-of-1150,1149,/table-of-1149
1153,2306,3459,4612,5765,6918,8071,9224,10377,11530,12683,13836,14989,16142,17295,18448,19601,20754,21907,23060,table-of-1153,1152,/table-of-1152,1151,/table-of-1151,1150,/table-of-1150
1154,2308,3462,4616,5770,6924,8078,9232,10386,11540,12694,13848,15002,16156,17310,18464,19618,20772,21926,23080,table-of-1154,1153,/table-of-1153,1152,/table-of-1152,1151,/table-of-1151
1155,2310,3465,4620,5775,6930,8085,9240,10395,11550,12705,13860,15015,16170,17325,18480,19635,20790,21945,23100,table-of-1155,1154,/table-of-1154,1153,/table-of-1153,1152,/table-of-1152
1156,2312,3468,4624,5780,6936,8092,9248,10404,11560,12716,13872,15028,16184,17340,18496,19652,20808,21964,23120,table-of-1156,1155,/table-of-1155,1154,/table-of-1154,1153,/table-of-1153
1157,2314,3471,4628,5785,6942,8099,9256,10413,11570,12727,13884,15041,16198,17355,18512,19669,20826,21983,23140,table-of-1157,1156,/table-of-1156,1155,/table-of-1155,1154,/table-of-1154
1158,2316,3474,4632,5790,6948,8106,9264,10422,11580,12738,13896,15054,16212,17370,18528,19686,20844,22002,23160,table-of-1158,1157,/table-of-1157,1156,/table-of-1156,1155,/table-of-1155
1159,2318,3477,4636,5795,6954,8113,9272,10431,11590,12749,13908,15067,16226,17385,18544,19703,20862,22021,23180,table-of-1159,1158,/table-of-1158,1157,/table-of-1157,1156,/table-of-1156
1160,2320,3480,4640,5800,6960,8120,9280,10440,11600,12760,13920,15080,16240,17400,18560,19720,20880,22040,23200,table-of-1160,1159,/table-of-1159,1158,/table-of-1158,1157,/table-of-1157
1161,2322,3483,4644,5805,6966,8127,9288,10449,11610,12771,13932,15093,16254,17415,18576,19737,20898,22059,23220,table-of-1161,1160,/table-of-1160,1159,/table-of-1159,1158,/table-of-1158
1162,2324,3486,4648,5810,6972,8134,9296,10458,11620,12782,13944,15106,16268,17430,18592,19754,20916,22078,23240,table-of-1162,1161,/table-of-1161,1160,/table-of-1160,1159,/table-of-1159
1163,2326,3489,4652,5815,6978,8141,9304,10467,11630,12793,13956,15119,16282,17445,18608,19771,20934,22097,23260,table-of-1163,1162,/table-of-1162,1161,/table-of-1161,1160,/table-of-1160
1164,2328,3492,4656,5820,6984,8148,9312,10476,11640,12804,13968,15132,16296,17460,18624,19788,20952,22116,23280,table-of-1164,1163,/table-of-1163,1162,/table-of-1162,1161,/table-of-1161
1165,2330,3495,4660,5825,6990,8155,9320,10485,11650,12815,13980,15145,16310,17475,18640,19805,20970,22135,23300,table-of-1165,1164,/table-of-1164,1163,/table-of-1163,1162,/table-of-1162
1166,2332,3498,4664,5830,6996,8162,9328,10494,11660,12826,13992,15158,16324,17490,18656,19822,20988,22154,23320,table-of-1166,1165,/table-of-1165,1164,/table-of-1164,1163,/table-of-1163
1167,2334,3501,4668,5835,7002,8169,9336,10503,11670,12837,14004,15171,16338,17505,18672,19839,21006,22173,23340,table-of-1167,1166,/table-of-1166,1165,/table-of-1165,1164,/table-of-1164
1168,2336,3504,4672,5840,7008,8176,9344,10512,11680,12848,14016,15184,16352,17520,18688,19856,21024,22192,23360,table-of-1168,1167,/table-of-1167,1166,/table-of-1166,1165,/table-of-1165
1169,2338,3507,4676,5845,7014,8183,9352,10521,11690,12859,14028,15197,16366,17535,18704,19873,21042,22211,23380,table-of-1169,1168,/table-of-1168,1167,/table-of-1167,1166,/table-of-1166
1170,2340,3510,4680,5850,7020,8190,9360,10530,11700,12870,14040,15210,16380,17550,18720,19890,21060,22230,23400,table-of-1170,1169,/table-of-1169,1168,/table-of-1168,1167,/table-of-1167
1171,2342,3513,4684,5855,7026,8197,9368,10539,11710,12881,14052,15223,16394,17565,18736,19907,21078,22249,23420,table-of-1171,1170,/table-of-1170,1169,/table-of-1169,1168,/table-of-1168
1172,2344,3516,4688,5860,7032,8204,9376,10548,11720,12892,14064,15236,16408,17580,18752,19924,21096,22268,23440,table-of-1172,1171,/table-of-1171,1170,/table-of-1170,1169,/table-of-1169
1173,2346,3519,4692,5865,7038,8211,9384,10557,11730,12903,14076,15249,16422,17595,18768,19941,21114,22287,23460,table-of-1173,1172,/table-of-1172,1171,/table-of-1171,1170,/table-of-1170
1174,2348,3522,4696,5870,7044,8218,9392,10566,11740,12914,14088,15262,16436,17610,18784,19958,21132,22306,23480,table-of-1174,1173,/table-of-1173,1172,/table-of-1172,1171,/table-of-1171
1175,2350,3525,4700,5875,7050,8225,9400,10575,11750,12925,14100,15275,16450,17625,18800,19975,21150,22325,23500,table-of-1175,1174,/table-of-1174,1173,/table-of-1173,1172,/table-of-1172
1176,2352,3528,4704,5880,7056,8232,9408,10584,11760,12936,14112,15288,16464,17640,18816,19992,21168,22344,23520,table-of-1176,1175,/table-of-1175,1174,/table-of-1174,1173,/table-of-1173
1177,2354,3531,4708,5885,7062,8239,9416,10593,11770,12947,14124,15301,16478,17655,18832,20009,21186,22363,23540,table-of-1177,1176,/table-of-1176,1175,/table-of-1175,1174,/table-of-1174
1178,2356,3534,4712,5890,7068,8246,9424,10602,11780,12958,14136,15314,16492,17670,18848,20026,21204,22382,23560,table-of-1178,1177,/table-of-1177,1176,/table-of-1176,1175,/table-of-1175
1179,2358,3537,4716,5895,7074,8253,9432,10611,11790,12969,14148,15327,16506,17685,18864,20043,21222,22401,23580,table-of-1179,1178,/table-of-1178,1177,/table-of-1177,1176,/table-of-1176
1180,2360,3540,4720,5900,7080,8260,9440,10620,11800,12980,14160,15340,16520,17700,18880,20060,21240,22420,23600,table-of-1180,1179,/table-of-1179,1178,/table-of-1178,1177,/table-of-1177
1181,2362,3543,4724,5905,7086,8267,9448,10629,11810,12991,14172,15353,16534,17715,18896,20077,21258,22439,23620,table-of-1181,1180,/table-of-1180,1179,/table-of-1179,1178,/table-of-1178
1182,2364,3546,4728,5910,7092,8274,9456,10638,11820,13002,14184,15366,16548,17730,18912,20094,21276,22458,23640,table-of-1182,1181,/table-of-1181,1180,/table-of-1180,1179,/table-of-1179
1183,2366,3549,4732,5915,7098,8281,9464,10647,11830,13013,14196,15379,16562,17745,18928,20111,21294,22477,23660,table-of-1183,1182,/table-of-1182,1181,/table-of-1181,1180,/table-of-1180
1184,2368,3552,4736,5920,7104,8288,9472,10656,11840,13024,14208,15392,16576,17760,18944,20128,21312,22496,23680,table-of-1184,1183,/table-of-1183,1182,/table-of-1182,1181,/table-of-1181
1185,2370,3555,4740,5925,7110,8295,9480,10665,11850,13035,14220,15405,16590,17775,18960,20145,21330,22515,23700,table-of-1185,1184,/table-of-1184,1183,/table-of-1183,1182,/table-of-1182
1186,2372,3558,4744,5930,7116,8302,9488,10674,11860,13046,14232,15418,16604,17790,18976,20162,21348,22534,23720,table-of-1186,1185,/table-of-1185,1184,/table-of-1184,1183,/table-of-1183
1187,2374,3561,4748,5935,7122,8309,9496,10683,11870,13057,14244,15431,16618,17805,18992,20179,21366,22553,23740,table-of-1187,1186,/table-of-1186,1185,/table-of-1185,1184,/table-of-1184
1188,2376,3564,4752,5940,7128,8316,9504,10692,11880,13068,14256,15444,16632,17820,19008,20196,21384,22572,23760,table-of-1188,1187,/table-of-1187,1186,/table-of-1186,1185,/table-of-1185
1189,2378,3567,4756,5945,7134,8323,9512,10701,11890,13079,14268,15457,16646,17835,19024,20213,21402,22591,23780,table-of-1189,1188,/table-of-1188,1187,/table-of-1187,1186,/table-of-1186
1190,2380,3570,4760,5950,7140,8330,9520,10710,11900,13090,14280,15470,16660,17850,19040,20230,21420,22610,23800,table-of-1190,1189,/table-of-1189,1188,/table-of-1188,1187,/table-of-1187
1191,2382,3573,4764,5955,7146,8337,9528,10719,11910,13101,14292,15483,16674,17865,19056,20247,21438,22629,23820,table-of-1191,1190,/table-of-1190,1189,/table-of-1189,1188,/table-of-1188
1192,2384,3576,4768,5960,7152,8344,9536,10728,11920,13112,14304,15496,16688,17880,19072,20264,21456,22648,23840,table-of-1192,1191,/table-of-1191,1190,/table-of-1190,1189,/table-of-1189
1193,2386,3579,4772,5965,7158,8351,9544,10737,11930,13123,14316,15509,16702,17895,19088,20281,21474,22667,23860,table-of-1193,1192,/table-of-1192,1191,/table-of-1191,1190,/table-of-1190
1194,2388,3582,4776,5970,7164,8358,9552,10746,11940,13134,14328,15522,16716,17910,19104,20298,21492,22686,23880,table-of-1194,1193,/table-of-1193,1192,/table-of-1192,1191,/table-of-1191
1195,2390,3585,4780,5975,7170,8365,9560,10755,11950,13145,14340,15535,16730,17925,19120,20315,21510,22705,23900,table-of-1195,1194,/table-of-1194,1193,/table-of-1193,1192,/table-of-1192
1196,2392,3588,4784,5980,7176,8372,9568,10764,11960,13156,14352,15548,16744,17940,19136,20332,21528,22724,23920,table-of-1196,1195,/table-of-1195,1194,/table-of-1194,1193,/table-of-1193
1197,2394,3591,4788,5985,7182,8379,9576,10773,11970,13167,14364,15561,16758,17955,19152,20349,21546,22743,23940,table-of-1197,1196,/table-of-1196,1195,/table-of-1195,1194,/table-of-1194
1198,2396,3594,4792,5990,7188,8386,9584,10782,11980,13178,14376,15574,16772,17970,19168,20366,21564,22762,23960,table-of-1198,1197,/table-of-1197,1196,/table-of-1196,1195,/table-of-1195
1199,2398,3597,4796,5995,7194,8393,9592,10791,11990,13189,14388,15587,16786,17985,19184,20383,21582,22781,23980,table-of-1199,1198,/table-of-1198,1197,/table-of-1197,1196,/table-of-1196
1200,2400,3600,4800,6000,7200,8400,9600,10800,12000,13200,14400,15600,16800,18000,19200,20400,21600,22800,24000,table-of-1200,1199,/table-of-1199,1198,/table-of-1198,1197,/table-of-1197
1201,2402,3603,4804,6005,7206,8407,9608,10809,12010,13211,14412,15613,16814,18015,19216,20417,21618,22819,24020,table-of-1201,1200,/table-of-1200,1199,/table-of-1199,1198,/table-of-1198
1202,2404,3606,4808,6010,7212,8414,9616,10818,12020,13222,14424,15626,16828,18030,19232,20434,21636,22838,24040,table-of-1202,1201,/table-of-1201,1200,/table-of-1200,1199,/table-of-1199
1203,2406,3609,4812,6015,7218,8421,9624,10827,12030,13233,14436,15639,16842,18045,19248,20451,21654,22857,24060,table-of-1203,1202,/table-of-1202,1201,/table-of-1201,1200,/table-of-1200
1204,2408,3612,4816,6020,7224,8428,9632,10836,12040,13244,14448,15652,16856,18060,19264,20468,21672,22876,24080,table-of-1204,1203,/table-of-1203,1202,/table-of-1202,1201,/table-of-1201
1205,2410,3615,4820,6025,7230,8435,9640,10845,12050,13255,14460,15665,16870,18075,19280,20485,21690,22895,24100,table-of-1205,1204,/table-of-1204,1203,/table-of-1203,1202,/table-of-1202
1206,2412,3618,4824,6030,7236,8442,9648,10854,12060,13266,14472,15678,16884,18090,19296,20502,21708,22914,24120,table-of-1206,1205,/table-of-1205,1204,/table-of-1204,1203,/table-of-1203
1207,2414,3621,4828,6035,7242,8449,9656,10863,12070,13277,14484,15691,16898,18105,19312,20519,21726,22933,24140,table-of-1207,1206,/table-of-1206,1205,/table-of-1205,1204,/table-of-1204
1208,2416,3624,4832,6040,7248,8456,9664,10872,12080,13288,14496,15704,16912,18120,19328,20536,21744,22952,24160,table-of-1208,1207,/table-of-1207,1206,/table-of-1206,1205,/table-of-1205
1209,2418,3627,4836,6045,7254,8463,9672,10881,12090,13299,14508,15717,16926,18135,19344,20553,21762,22971,24180,table-of-1209,1208,/table-of-1208,1207,/table-of-1207,1206,/table-of-1206
1210,2420,3630,4840,6050,7260,8470,9680,10890,12100,13310,14520,15730,16940,18150,19360,20570,21780,22990,24200,table-of-1210,1209,/table-of-1209,1208,/table-of-1208,1207,/table-of-1207
1211,2422,3633,4844,6055,7266,8477,9688,10899,12110,13321,14532,15743,16954,18165,19376,20587,21798,23009,24220,table-of-1211,1210,/table-of-1210,1209,/table-of-1209,1208,/table-of-1208
1212,2424,3636,4848,6060,7272,8484,9696,10908,12120,13332,14544,15756,16968,18180,19392,20604,21816,23028,24240,table-of-1212,1211,/table-of-1211,1210,/table-of-1210,1209,/table-of-1209
1213,2426,3639,4852,6065,7278,8491,9704,10917,12130,13343,14556,15769,16982,18195,19408,20621,21834,23047,24260,table-of-1213,1212,/table-of-1212,1211,/table-of-1211,1210,/table-of-1210
1214,2428,3642,4856,6070,7284,8498,9712,10926,12140,13354,14568,15782,16996,18210,19424,20638,21852,23066,24280,table-of-1214,1213,/table-of-1213,1212,/table-of-1212,1211,/table-of-1211
1215,2430,3645,4860,6075,7290,8505,9720,10935,12150,13365,14580,15795,17010,18225,19440,20655,21870,23085,24300,table-of-1215,1214,/table-of-1214,1213,/table-of-1213,1212,/table-of-1212
1216,2432,3648,4864,6080,7296,8512,9728,10944,12160,13376,14592,15808,17024,18240,19456,20672,21888,23104,24320,table-of-1216,1215,/table-of-1215,1214,/table-of-1214,1213,/table-of-1213
1217,2434,3651,4868,6085,7302,8519,9736,10953,12170,13387,14604,15821,17038,18255,19472,20689,21906,23123,24340,table-of-1217,1216,/table-of-1216,1215,/table-of-1215,1214,/table-of-1214
1218,2436,3654,4872,6090,7308,8526,9744,10962,12180,13398,14616,15834,17052,18270,19488,20706,21924,23142,24360,table-of-1218,1217,/table-of-1217,1216,/table-of-1216,1215,/table-of-1215
1219,2438,3657,4876,6095,7314,8533,9752,10971,12190,13409,14628,15847,17066,18285,19504,20723,21942,23161,24380,table-of-1219,1218,/table-of-1218,1217,/table-of-1217,1216,/table-of-1216
1220,2440,3660,4880,6100,7320,8540,9760,10980,12200,13420,14640,15860,17080,18300,19520,20740,21960,23180,24400,table-of-1220,1219,/table-of-1219,1218,/table-of-1218,1217,/table-of-1217
1221,2442,3663,4884,6105,7326,8547,9768,10989,12210,13431,14652,15873,17094,18315,19536,20757,21978,23199,24420,table-of-1221,1220,/table-of-1220,1219,/table-of-1219,1218,/table-of-1218
1222,2444,3666,4888,6110,7332,8554,9776,10998,12220,13442,14664,15886,17108,18330,19552,20774,21996,23218,24440,table-of-1222,1221,/table-of-1221,1220,/table-of-1220,1219,/table-of-1219
1223,2446,3669,4892,6115,7338,8561,9784,11007,12230,13453,14676,15899,17122,18345,19568,20791,22014,23237,24460,table-of-1223,1222,/table-of-1222,1221,/table-of-1221,1220,/table-of-1220
1224,2448,3672,4896,6120,7344,8568,9792,11016,12240,13464,14688,15912,17136,18360,19584,20808,22032,23256,24480,table-of-1224,1223,/table-of-1223,1222,/table-of-1222,1221,/table-of-1221
1225,2450,3675,4900,6125,7350,8575,9800,11025,12250,13475,14700,15925,17150,18375,19600,20825,22050,23275,24500,table-of-1225,1224,/table-of-1224,1223,/table-of-1223,1222,/table-of-1222
1226,2452,3678,4904,6130,7356,8582,9808,11034,12260,13486,14712,15938,17164,18390,19616,20842,22068,23294,24520,table-of-1226,1225,/table-of-1225,1224,/table-of-1224,1223,/table-of-1223
1227,2454,3681,4908,6135,7362,8589,9816,11043,12270,13497,14724,15951,17178,18405,19632,20859,22086,23313,24540,table-of-1227,1226,/table-of-1226,1225,/table-of-1225,1224,/table-of-1224
1228,2456,3684,4912,6140,7368,8596,9824,11052,12280,13508,14736,15964,17192,18420,19648,20876,22104,23332,24560,table-of-1228,1227,/table-of-1227,1226,/table-of-1226,1225,/table-of-1225
1229,2458,3687,4916,6145,7374,8603,9832,11061,12290,13519,14748,15977,17206,18435,19664,20893,22122,23351,24580,table-of-1229,1228,/table-of-1228,1227,/table-of-1227,1226,/table-of-1226
1230,2460,3690,4920,6150,7380,8610,9840,11070,12300,13530,14760,15990,17220,18450,19680,20910,22140,23370,24600,table-of-1230,1229,/table-of-1229,1228,/table-of-1228,1227,/table-of-1227
1231,2462,3693,4924,6155,7386,8617,9848,11079,12310,13541,14772,16003,17234,18465,19696,20927,22158,23389,24620,table-of-1231,1230,/table-of-1230,1229,/table-of-1229,1228,/table-of-1228
1232,2464,3696,4928,6160,7392,8624,9856,11088,12320,13552,14784,16016,17248,18480,19712,20944,22176,23408,24640,table-of-1232,1231,/table-of-1231,1230,/table-of-1230,1229,/table-of-1229
1233,2466,3699,4932,6165,7398,8631,9864,11097,12330,13563,14796,16029,17262,18495,19728,20961,22194,23427,24660,table-of-1233,1232,/table-of-1232,1231,/table-of-1231,1230,/table-of-1230
1234,2468,3702,4936,6170,7404,8638,9872,11106,12340,13574,14808,16042,17276,18510,19744,20978,22212,23446,24680,table-of-1234,1233,/table-of-1233,1232,/table-of-1232,1231,/table-of-1231
1235,2470,3705,4940,6175,7410,8645,9880,11115,12350,13585,14820,16055,17290,18525,19760,20995,22230,23465,24700,table-of-1235,1234,/table-of-1234,1233,/table-of-1233,1232,/table-of-1232
1236,2472,3708,4944,6180,7416,8652,9888,11124,12360,13596,14832,16068,17304,18540,19776,21012,22248,23484,24720,table-of-1236,1235,/table-of-1235,1234,/table-of-1234,1233,/table-of-1233
1237,2474,3711,4948,6185,7422,8659,9896,11133,12370,13607,14844,16081,17318,18555,19792,21029,22266,23503,24740,table-of-1237,1236,/table-of-1236,1235,/table-of-1235,1234,/table-of-1234
1238,2476,3714,4952,6190,7428,8666,9904,11142,12380,13618,14856,16094,17332,18570,19808,21046,22284,23522,24760,table-of-1238,1237,/table-of-1237,1236,/table-of-1236,1235,/table-of-1235
1239,2478,3717,4956,6195,7434,8673,9912,11151,12390,13629,14868,16107,17346,18585,19824,21063,22302,23541,24780,table-of-1239,1238,/table-of-1238,1237,/table-of-1237,1236,/table-of-1236
1240,2480,3720,4960,6200,7440,8680,9920,11160,12400,13640,14880,16120,17360,18600,19840,21080,22320,23560,24800,table-of-1240,1239,/table-of-1239,1238,/table-of-1238,1237,/table-of-1237
1241,2482,3723,4964,6205,7446,8687,9928,11169,12410,13651,14892,16133,17374,18615,19856,21097,22338,23579,24820,table-of-1241,1240,/table-of-1240,1239,/table-of-1239,1238,/table-of-1238
1242,2484,3726,4968,6210,7452,8694,9936,11178,12420,13662,14904,16146,17388,18630,19872,21114,22356,23598,24840,table-of-1242,1241,/table-of-1241,1240,/table-of-1240,1239,/table-of-1239
1243,2486,3729,4972,6215,7458,8701,9944,11187,12430,13673,14916,16159,17402,18645,19888,21131,22374,23617,24860,table-of-1243,1242,/table-of-1242,1241,/table-of-1241,1240,/table-of-1240
1244,2488,3732,4976,6220,7464,8708,9952,11196,12440,13684,14928,16172,17416,18660,19904,21148,22392,23636,24880,table-of-1244,1243,/table-of-1243,1242,/table-of-1242,1241,/table-of-1241
1245,2490,3735,4980,6225,7470,8715,9960,11205,12450,13695,14940,16185,17430,18675,19920,21165,22410,23655,24900,table-of-1245,1244,/table-of-1244,1243,/table-of-1243,1242,/table-of-1242
1246,2492,3738,4984,6230,7476,8722,9968,11214,12460,13706,14952,16198,17444,18690,19936,21182,22428,23674,24920,table-of-1246,1245,/table-of-1245,1244,/table-of-1244,1243,/table-of-1243
1247,2494,3741,4988,6235,7482,8729,9976,11223,12470,13717,14964,16211,17458,18705,19952,21199,22446,23693,24940,table-of-1247,1246,/table-of-1246,1245,/table-of-1245,1244,/table-of-1244
1248,2496,3744,4992,6240,7488,8736,9984,11232,12480,13728,14976,16224,17472,18720,19968,21216,22464,23712,24960,table-of-1248,1247,/table-of-1247,1246,/table-of-1246,1245,/table-of-1245
1249,2498,3747,4996,6245,7494,8743,9992,11241,12490,13739,14988,16237,17486,18735,19984,21233,22482,23731,24980,table-of-1249,1248,/table-of-1248,1247,/table-of-1247,1246,/table-of-1246
1250,2500,3750,5000,6250,7500,8750,10000,11250,12500,13750,15000,16250,17500,18750,20000,21250,22500,23750,25000,table-of-1250,1249,/table-of-1249,1248,/table-of-1248,1247,/table-of-1247
1251,2502,3753,5004,6255,7506,8757,10008,11259,12510,13761,15012,16263,17514,18765,20016,21267,22518,23769,25020,table-of-1251,1250,/table-of-1250,1249,/table-of-1249,1248,/table-of-1248
1252,2504,3756,5008,6260,7512,8764,10016,11268,12520,13772,15024,16276,17528,18780,20032,21284,22536,23788,25040,table-of-1252,1251,/table-of-1251,1250,/table-of-1250,1249,/table-of-1249
1253,2506,3759,5012,6265,7518,8771,10024,11277,12530,13783,15036,16289,17542,18795,20048,21301,22554,23807,25060,table-of-1253,1252,/table-of-1252,1251,/table-of-1251,1250,/table-of-1250
1254,2508,3762,5016,6270,7524,8778,10032,11286,12540,13794,15048,16302,17556,18810,20064,21318,22572,23826,25080,table-of-1254,1253,/table-of-1253,1252,/table-of-1252,1251,/table-of-1251
1255,2510,3765,5020,6275,7530,8785,10040,11295,12550,13805,15060,16315,17570,18825,20080,21335,22590,23845,25100,table-of-1255,1254,/table-of-1254,1253,/table-of-1253,1252,/table-of-1252
1256,2512,3768,5024,6280,7536,8792,10048,11304,12560,13816,15072,16328,17584,18840,20096,21352,22608,23864,25120,table-of-1256,1255,/table-of-1255,1254,/table-of-1254,1253,/table-of-1253
1257,2514,3771,5028,6285,7542,8799,10056,11313,12570,13827,15084,16341,17598,18855,20112,21369,22626,23883,25140,table-of-1257,1256,/table-of-1256,1255,/table-of-1255,1254,/table-of-1254
1258,2516,3774,5032,6290,7548,8806,10064,11322,12580,13838,15096,16354,17612,18870,20128,21386,22644,23902,25160,table-of-1258,1257,/table-of-1257,1256,/table-of-1256,1255,/table-of-1255
1259,2518,3777,5036,6295,7554,8813,10072,11331,12590,13849,15108,16367,17626,18885,20144,21403,22662,23921,25180,table-of-1259,1258,/table-of-1258,1257,/table-of-1257,1256,/table-of-1256
1260,2520,3780,5040,6300,7560,8820,10080,11340,12600,13860,15120,16380,17640,18900,20160,21420,22680,23940,25200,table-of-1260,1259,/table-of-1259,1258,/table-of-1258,1257,/table-of-1257
1261,2522,3783,5044,6305,7566,8827,10088,11349,12610,13871,15132,16393,17654,18915,20176,21437,22698,23959,25220,table-of-1261,1260,/table-of-1260,1259,/table-of-1259,1258,/table-of-1258
1262,2524,3786,5048,6310,7572,8834,10096,11358,12620,13882,15144,16406,17668,18930,20192,21454,22716,23978,25240,table-of-1262,1261,/table-of-1261,1260,/table-of-1260,1259,/table-of-1259
1263,2526,3789,5052,6315,7578,8841,10104,11367,12630,13893,15156,16419,17682,18945,20208,21471,22734,23997,25260,table-of-1263,1262,/table-of-1262,1261,/table-of-1261,1260,/table-of-1260
1264,2528,3792,5056,6320,7584,8848,10112,11376,12640,13904,15168,16432,17696,18960,20224,21488,22752,24016,25280,table-of-1264,1263,/table-of-1263,1262,/table-of-1262,1261,/table-of-1261
1265,2530,3795,5060,6325,7590,8855,10120,11385,12650,13915,15180,16445,17710,18975,20240,21505,22770,24035,25300,table-of-1265,1264,/table-of-1264,1263,/table-of-1263,1262,/table-of-1262
1266,2532,3798,5064,6330,7596,8862,10128,11394,12660,13926,15192,16458,17724,18990,20256,21522,22788,24054,25320,table-of-1266,1265,/table-of-1265,1264,/table-of-1264,1263,/table-of-1263
1267,2534,3801,5068,6335,7602,8869,10136,11403,12670,13937,15204,16471,17738,19005,20272,21539,22806,24073,25340,table-of-1267,1266,/table-of-1266,1265,/table-of-1265,1264,/table-of-1264
1268,2536,3804,5072,6340,7608,8876,10144,11412,12680,13948,15216,16484,17752,19020,20288,21556,22824,24092,25360,table-of-1268,1267,/table-of-1267,1266,/table-of-1266,1265,/table-of-1265
1269,2538,3807,5076,6345,7614,8883,10152,11421,12690,13959,15228,16497,17766,19035,20304,21573,22842,24111,25380,table-of-1269,1268,/table-of-1268,1267,/table-of-1267,1266,/table-of-1266
1270,2540,3810,5080,6350,7620,8890,10160,11430,12700,13970,15240,16510,17780,19050,20320,21590,22860,24130,25400,table-of-1270,1269,/table-of-1269,1268,/table-of-1268,1267,/table-of-1267
1271,2542,3813,5084,6355,7626,8897,10168,11439,12710,13981,15252,16523,17794,19065,20336,21607,22878,24149,25420,table-of-1271,1270,/table-of-1270,1269,/table-of-1269,1268,/table-of-1268
1272,2544,3816,5088,6360,7632,8904,10176,11448,12720,13992,15264,16536,17808,19080,20352,21624,22896,24168,25440,table-of-1272,1271,/table-of-1271,1270,/table-of-1270,1269,/table-of-1269
1273,2546,3819,5092,6365,7638,8911,10184,11457,12730,14003,15276,16549,17822,19095,20368,21641,22914,24187,25460,table-of-1273,1272,/table-of-1272,1271,/table-of-1271,1270,/table-of-1270
1274,2548,3822,5096,6370,7644,8918,10192,11466,12740,14014,15288,16562,17836,19110,20384,21658,22932,24206,25480,table-of-1274,1273,/table-of-1273,1272,/table-of-1272,1271,/table-of-1271
1275,2550,3825,5100,6375,7650,8925,10200,11475,12750,14025,15300,16575,17850,19125,20400,21675,22950,24225,25500,table-of-1275,1274,/table-of-1274,1273,/table-of-1273,1272,/table-of-1272
1276,2552,3828,5104,6380,7656,8932,10208,11484,12760,14036,15312,16588,17864,19140,20416,21692,22968,24244,25520,table-of-1276,1275,/table-of-1275,1274,/table-of-1274,1273,/table-of-1273
1277,2554,3831,5108,6385,7662,8939,10216,11493,12770,14047,15324,16601,17878,19155,20432,21709,22986,24263,25540,table-of-1277,1276,/table-of-1276,1275,/table-of-1275,1274,/table-of-1274
1278,2556,3834,5112,6390,7668,8946,10224,11502,12780,14058,15336,16614,17892,19170,20448,21726,23004,24282,25560,table-of-1278,1277,/table-of-1277,1276,/table-of-1276,1275,/table-of-1275
1279,2558,3837,5116,6395,7674,8953,10232,11511,12790,14069,15348,16627,17906,19185,20464,21743,23022,24301,25580,table-of-1279,1278,/table-of-1278,1277,/table-of-1277,1276,/table-of-1276
1280,2560,3840,5120,6400,7680,8960,10240,11520,12800,14080,15360,16640,17920,19200,20480,21760,23040,24320,25600,table-of-1280,1279,/table-of-1279,1278,/table-of-1278,1277,/table-of-1277
1281,2562,3843,5124,6405,7686,8967,10248,11529,12810,14091,15372,16653,17934,19215,20496,21777,23058,24339,25620,table-of-1281,1280,/table-of-1280,1279,/table-of-1279,1278,/table-of-1278
1282,2564,3846,5128,6410,7692,8974,10256,11538,12820,14102,15384,16666,17948,19230,20512,21794,23076,24358,25640,table-of-1282,1281,/table-of-1281,1280,/table-of-1280,1279,/table-of-1279
1283,2566,3849,5132,6415,7698,8981,10264,11547,12830,14113,15396,16679,17962,19245,20528,21811,23094,24377,25660,table-of-1283,1282,/table-of-1282,1281,/table-of-1281,1280,/table-of-1280
1284,2568,3852,5136,6420,7704,8988,10272,11556,12840,14124,15408,16692,17976,19260,20544,21828,23112,24396,25680,table-of-1284,1283,/table-of-1283,1282,/table-of-1282,1281,/table-of-1281
1285,2570,3855,5140,6425,7710,8995,10280,11565,12850,14135,15420,16705,17990,19275,20560,21845,23130,24415,25700,table-of-1285,1284,/table-of-1284,1283,/table-of-1283,1282,/table-of-1282
1286,2572,3858,5144,6430,7716,9002,10288,11574,12860,14146,15432,16718,18004,19290,20576,21862,23148,24434,25720,table-of-1286,1285,/table-of-1285,1284,/table-of-1284,1283,/table-of-1283
1287,2574,3861,5148,6435,7722,9009,10296,11583,12870,14157,15444,16731,18018,19305,20592,21879,23166,24453,25740,table-of-1287,1286,/table-of-1286,1285,/table-of-1285,1284,/table-of-1284
1288,2576,3864,5152,6440,7728,9016,10304,11592,12880,14168,15456,16744,18032,19320,20608,21896,23184,24472,25760,table-of-1288,1287,/table-of-1287,1286,/table-of-1286,1285,/table-of-1285
1289,2578,3867,5156,6445,7734,9023,10312,11601,12890,14179,15468,16757,18046,19335,20624,21913,23202,24491,25780,table-of-1289,1288,/table-of-1288,1287,/table-of-1287,1286,/table-of-1286
1290,2580,3870,5160,6450,7740,9030,10320,11610,12900,14190,15480,16770,18060,19350,20640,21930,23220,24510,25800,table-of-1290,1289,/table-of-1289,1288,/table-of-1288,1287,/table-of-1287
1291,2582,3873,5164,6455,7746,9037,10328,11619,12910,14201,15492,16783,18074,19365,20656,21947,23238,24529,25820,table-of-1291,1290,/table-of-1290,1289,/table-of-1289,1288,/table-of-1288
1292,2584,3876,5168,6460,7752,9044,10336,11628,12920,14212,15504,16796,18088,19380,20672,21964,23256,24548,25840,table-of-1292,1291,/table-of-1291,1290,/table-of-1290,1289,/table-of-1289
1293,2586,3879,5172,6465,7758,9051,10344,11637,12930,14223,15516,16809,18102,19395,20688,21981,23274,24567,25860,table-of-1293,1292,/table-of-1292,1291,/table-of-1291,1290,/table-of-1290
1294,2588,3882,5176,6470,7764,9058,10352,11646,12940,14234,15528,16822,18116,19410,20704,21998,23292,24586,25880,table-of-1294,1293,/table-of-1293,1292,/table-of-1292,1291,/table-of-1291
1295,2590,3885,5180,6475,7770,9065,10360,11655,12950,14245,15540,16835,18130,19425,20720,22015,23310,24605,25900,table-of-1295,1294,/table-of-1294,1293,/table-of-1293,1292,/table-of-1292
1296,2592,3888,5184,6480,7776,9072,10368,11664,12960,14256,15552,16848,18144,19440,20736,22032,23328,24624,25920,table-of-1296,1295,/table-of-1295,1294,/table-of-1294,1293,/table-of-1293
1297,2594,3891,5188,6485,7782,9079,10376,11673,12970,14267,15564,16861,18158,19455,20752,22049,23346,24643,25940,table-of-1297,1296,/table-of-1296,1295,/table-of-1295,1294,/table-of-1294
1298,2596,3894,5192,6490,7788,9086,10384,11682,12980,14278,15576,16874,18172,19470,20768,22066,23364,24662,25960,table-of-1298,1297,/table-of-1297,1296,/table-of-1296,1295,/table-of-1295
1299,2598,3897,5196,6495,7794,9093,10392,11691,12990,14289,15588,16887,18186,19485,20784,22083,23382,24681,25980,table-of-1299,1298,/table-of-1298,1297,/table-of-1297,1296,/table-of-1296
1300,2600,3900,5200,6500,7800,9100,10400,11700,13000,14300,15600,16900,18200,19500,20800,22100,23400,24700,26000,table-of-1300,1299,/table-of-1299,1298,/table-of-1298,1297,/table-of-1297
1301,2602,3903,5204,6505,7806,9107,10408,11709,13010,14311,15612,16913,18214,19515,20816,22117,23418,24719,26020,table-of-1301,1300,/table-of-1300,1299,/table-of-1299,1298,/table-of-1298
1302,2604,3906,5208,6510,7812,9114,10416,11718,13020,14322,15624,16926,18228,19530,20832,22134,23436,24738,26040,table-of-1302,1301,/table-of-1301,1300,/table-of-1300,1299,/table-of-1299
1303,2606,3909,5212,6515,7818,9121,10424,11727,13030,14333,15636,16939,18242,19545,20848,22151,23454,24757,26060,table-of-1303,1302,/table-of-1302,1301,/table-of-1301,1300,/table-of-1300
1304,2608,3912,5216,6520,7824,9128,10432,11736,13040,14344,15648,16952,18256,19560,20864,22168,23472,24776,26080,table-of-1304,1303,/table-of-1303,1302,/table-of-1302,1301,/table-of-1301
1305,2610,3915,5220,6525,7830,9135,10440,11745,13050,14355,15660,16965,18270,19575,20880,22185,23490,24795,26100,table-of-1305,1304,/table-of-1304,1303,/table-of-1303,1302,/table-of-1302
1306,2612,3918,5224,6530,7836,9142,10448,11754,13060,14366,15672,16978,18284,19590,20896,22202,23508,24814,26120,table-of-1306,1305,/table-of-1305,1304,/table-of-1304,1303,/table-of-1303
1307,2614,3921,5228,6535,7842,9149,10456,11763,13070,14377,15684,16991,18298,19605,20912,22219,23526,24833,26140,table-of-1307,1306,/table-of-1306,1305,/table-of-1305,1304,/table-of-1304
1308,2616,3924,5232,6540,7848,9156,10464,11772,13080,14388,15696,17004,18312,19620,20928,22236,23544,24852,26160,table-of-1308,1307,/table-of-1307,1306,/table-of-1306,1305,/table-of-1305
1309,2618,3927,5236,6545,7854,9163,10472,11781,13090,14399,15708,17017,18326,19635,20944,22253,23562,24871,26180,table-of-1309,1308,/table-of-1308,1307,/table-of-1307,1306,/table-of-1306
1310,2620,3930,5240,6550,7860,9170,10480,11790,13100,14410,15720,17030,18340,19650,20960,22270,23580,24890,26200,table-of-1310,1309,/table-of-1309,1308,/table-of-1308,1307,/table-of-1307
1311,2622,3933,5244,6555,7866,9177,10488,11799,13110,14421,15732,17043,18354,19665,20976,22287,23598,24909,26220,table-of-1311,1310,/table-of-1310,1309,/table-of-1309,1308,/table-of-1308
1312,2624,3936,5248,6560,7872,9184,10496,11808,13120,14432,15744,17056,18368,19680,20992,22304,23616,24928,26240,table-of-1312,1311,/table-of-1311,1310,/table-of-1310,1309,/table-of-1309
1313,2626,3939,5252,6565,7878,9191,10504,11817,13130,14443,15756,17069,18382,19695,21008,22321,23634,24947,26260,table-of-1313,1312,/table-of-1312,1311,/table-of-1311,1310,/table-of-1310
1314,2628,3942,5256,6570,7884,9198,10512,11826,13140,14454,15768,17082,18396,19710,21024,22338,23652,24966,26280,table-of-1314,1313,/table-of-1313,1312,/table-of-1312,1311,/table-of-1311
1315,2630,3945,5260,6575,7890,9205,10520,11835,13150,14465,15780,17095,18410,19725,21040,22355,23670,24985,26300,table-of-1315,1314,/table-of-1314,1313,/table-of-1313,1312,/table-of-1312
1316,2632,3948,5264,6580,7896,9212,10528,11844,13160,14476,15792,17108,18424,19740,21056,22372,23688,25004,26320,table-of-1316,1315,/table-of-1315,1314,/table-of-1314,1313,/table-of-1313
1317,2634,3951,5268,6585,7902,9219,10536,11853,13170,14487,15804,17121,18438,19755,21072,22389,23706,25023,26340,table-of-1317,1316,/table-of-1316,1315,/table-of-1315,1314,/table-of-1314
1318,2636,3954,5272,6590,7908,9226,10544,11862,13180,14498,15816,17134,18452,19770,21088,22406,23724,25042,26360,table-of-1318,1317,/table-of-1317,1316,/table-of-1316,1315,/table-of-1315
1319,2638,3957,5276,6595,7914,9233,10552,11871,13190,14509,15828,17147,18466,19785,21104,22423,23742,25061,26380,table-of-1319,1318,/table-of-1318,1317,/table-of-1317,1316,/table-of-1316
1320,2640,3960,5280,6600,7920,9240,10560,11880,13200,14520,15840,17160,18480,19800,21120,22440,23760,25080,26400,table-of-1320,1319,/table-of-1319,1318,/table-of-1318,1317,/table-of-1317
1321,2642,3963,5284,6605,7926,9247,10568,11889,13210,14531,15852,17173,18494,19815,21136,22457,23778,25099,26420,table-of-1321,1320,/table-of-1320,1319,/table-of-1319,1318,/table-of-1318
1322,2644,3966,5288,6610,7932,9254,10576,11898,13220,14542,15864,17186,18508,19830,21152,22474,23796,25118,26440,table-of-1322,1321,/table-of-1321,1320,/table-of-1320,1319,/table-of-1319
1323,2646,3969,5292,6615,7938,9261,10584,11907,13230,14553,15876,17199,18522,19845,21168,22491,23814,25137,26460,table-of-1323,1322,/table-of-1322,1321,/table-of-1321,1320,/table-of-1320
1324,2648,3972,5296,6620,7944,9268,10592,11916,13240,14564,15888,17212,18536,19860,21184,22508,23832,25156,26480,table-of-1324,1323,/table-of-1323,1322,/table-of-1322,1321,/table-of-1321
1325,2650,3975,5300,6625,7950,9275,10600,11925,13250,14575,15900,17225,18550,19875,21200,22525,23850,25175,26500,table-of-1325,1324,/table-of-1324,1323,/table-of-1323,1322,/table-of-1322
1326,2652,3978,5304,6630,7956,9282,10608,11934,13260,14586,15912,17238,18564,19890,21216,22542,23868,25194,26520,table-of-1326,1325,/table-of-1325,1324,/table-of-1324,1323,/table-of-1323
1327,2654,3981,5308,6635,7962,9289,10616,11943,13270,14597,15924,17251,18578,19905,21232,22559,23886,25213,26540,table-of-1327,1326,/table-of-1326,1325,/table-of-1325,1324,/table-of-1324
1328,2656,3984,5312,6640,7968,9296,10624,11952,13280,14608,15936,17264,18592,19920,21248,22576,23904,25232,26560,table-of-1328,1327,/table-of-1327,1326,/table-of-1326,1325,/table-of-1325
1329,2658,3987,5316,6645,7974,9303,10632,11961,13290,14619,15948,17277,18606,19935,21264,22593,23922,25251,26580,table-of-1329,1328,/table-of-1328,1327,/table-of-1327,1326,/table-of-1326
1330,2660,3990,5320,6650,7980,9310,10640,11970,13300,14630,15960,17290,18620,19950,21280,22610,23940,25270,26600,table-of-1330,1329,/table-of-1329,1328,/table-of-1328,1327,/table-of-1327
1331,2662,3993,5324,6655,7986,9317,10648,11979,13310,14641,15972,17303,18634,19965,21296,22627,23958,25289,26620,table-of-1331,1330,/table-of-1330,1329,/table-of-1329,1328,/table-of-1328
1332,2664,3996,5328,6660,7992,9324,10656,11988,13320,14652,15984,17316,18648,19980,21312,22644,23976,25308,26640,table-of-1332,1331,/table-of-1331,1330,/table-of-1330,1329,/table-of-1329
1333,2666,3999,5332,6665,7998,9331,10664,11997,13330,14663,15996,17329,18662,19995,21328,22661,23994,25327,26660,table-of-1333,1332,/table-of-1332,1331,/table-of-1331,1330,/table-of-1330
1334,2668,4002,5336,6670,8004,9338,10672,12006,13340,14674,16008,17342,18676,20010,21344,22678,24012,25346,26680,table-of-1334,1333,/table-of-1333,1332,/table-of-1332,1331,/table-of-1331
1335,2670,4005,5340,6675,8010,9345,10680,12015,13350,14685,16020,17355,18690,20025,21360,22695,24030,25365,26700,table-of-1335,1334,/table-of-1334,1333,/table-of-1333,1332,/table-of-1332
1336,2672,4008,5344,6680,8016,9352,10688,12024,13360,14696,16032,17368,18704,20040,21376,22712,24048,25384,26720,table-of-1336,1335,/table-of-1335,1334,/table-of-1334,1333,/table-of-1333
1337,2674,4011,5348,6685,8022,9359,10696,12033,13370,14707,16044,17381,18718,20055,21392,22729,24066,25403,26740,table-of-1337,1336,/table-of-1336,1335,/table-of-1335,1334,/table-of-1334
1338,2676,4014,5352,6690,8028,9366,10704,12042,13380,14718,16056,17394,18732,20070,21408,22746,24084,25422,26760,table-of-1338,1337,/table-of-1337,1336,/table-of-1336,1335,/table-of-1335
1339,2678,4017,5356,6695,8034,9373,10712,12051,13390,14729,16068,17407,18746,20085,21424,22763,24102,25441,26780,table-of-1339,1338,/table-of-1338,1337,/table-of-1337,1336,/table-of-1336
1340,2680,4020,5360,6700,8040,9380,10720,12060,13400,14740,16080,17420,18760,20100,21440,22780,24120,25460,26800,table-of-1340,1339,/table-of-1339,1338,/table-of-1338,1337,/table-of-1337
1341,2682,4023,5364,6705,8046,9387,10728,12069,13410,14751,16092,17433,18774,20115,21456,22797,24138,25479,26820,table-of-1341,1340,/table-of-1340,1339,/table-of-1339,1338,/table-of-1338
1342,2684,4026,5368,6710,8052,9394,10736,12078,13420,14762,16104,17446,18788,20130,21472,22814,24156,25498,26840,table-of-1342,1341,/table-of-1341,1340,/table-of-1340,1339,/table-of-1339
1343,2686,4029,5372,6715,8058,9401,10744,12087,13430,14773,16116,17459,18802,20145,21488,22831,24174,25517,26860,table-of-1343,1342,/table-of-1342,1341,/table-of-1341,1340,/table-of-1340
1344,2688,4032,5376,6720,8064,9408,10752,12096,13440,14784,16128,17472,18816,20160,21504,22848,24192,25536,26880,table-of-1344,1343,/table-of-1343,1342,/table-of-1342,1341,/table-of-1341
1345,2690,4035,5380,6725,8070,9415,10760,12105,13450,14795,16140,17485,18830,20175,21520,22865,24210,25555,26900,table-of-1345,1344,/table-of-1344,1343,/table-of-1343,1342,/table-of-1342
1346,2692,4038,5384,6730,8076,9422,10768,12114,13460,14806,16152,17498,18844,20190,21536,22882,24228,25574,26920,table-of-1346,1345,/table-of-1345,1344,/table-of-1344,1343,/table-of-1343
1347,2694,4041,5388,6735,8082,9429,10776,12123,13470,14817,16164,17511,18858,20205,21552,22899,24246,25593,26940,table-of-1347,1346,/table-of-1346,1345,/table-of-1345,1344,/table-of-1344
1348,2696,4044,5392,6740,8088,9436,10784,12132,13480,14828,16176,17524,18872,20220,21568,22916,24264,25612,26960,table-of-1348,1347,/table-of-1347,1346,/table-of-1346,1345,/table-of-1345
1349,2698,4047,5396,6745,8094,9443,10792,12141,13490,14839,16188,17537,18886,20235,21584,22933,24282,25631,26980,table-of-1349,1348,/table-of-1348,1347,/table-of-1347,1346,/table-of-1346
1350,2700,4050,5400,6750,8100,9450,10800,12150,13500,14850,16200,17550,18900,20250,21600,22950,24300,25650,27000,table-of-1350,1349,/table-of-1349,1348,/table-of-1348,1347,/table-of-1347
1351,2702,4053,5404,6755,8106,9457,10808,12159,13510,14861,16212,17563,18914,20265,21616,22967,24318,25669,27020,table-of-1351,1350,/table-of-1350,1349,/table-of-1349,1348,/table-of-1348
1352,2704,4056,5408,6760,8112,9464,10816,12168,13520,14872,16224,17576,18928,20280,21632,22984,24336,25688,27040,table-of-1352,1351,/table-of-1351,1350,/table-of-1350,1349,/table-of-1349
1353,2706,4059,5412,6765,8118,9471,10824,12177,13530,14883,16236,17589,18942,20295,21648,23001,24354,25707,27060,table-of-1353,1352,/table-of-1352,1351,/table-of-1351,1350,/table-of-1350
1354,2708,4062,5416,6770,8124,9478,10832,12186,13540,14894,16248,17602,18956,20310,21664,23018,24372,25726,27080,table-of-1354,1353,/table-of-1353,1352,/table-of-1352,1351,/table-of-1351
1355,2710,4065,5420,6775,8130,9485,10840,12195,13550,14905,16260,17615,18970,20325,21680,23035,24390,25745,27100,table-of-1355,1354,/table-of-1354,1353,/table-of-1353,1352,/table-of-1352
1356,2712,4068,5424,6780,8136,9492,10848,12204,13560,14916,16272,17628,18984,20340,21696,23052,24408,25764,27120,table-of-1356,1355,/table-of-1355,1354,/table-of-1354,1353,/table-of-1353
1357,2714,4071,5428,6785,8142,9499,10856,12213,13570,14927,16284,17641,18998,20355,21712,23069,24426,25783,27140,table-of-1357,1356,/table-of-1356,1355,/table-of-1355,1354,/table-of-1354
1358,2716,4074,5432,6790,8148,9506,10864,12222,13580,14938,16296,17654,19012,20370,21728,23086,24444,25802,27160,table-of-1358,1357,/table-of-1357,1356,/table-of-1356,1355,/table-of-1355
1359,2718,4077,5436,6795,8154,9513,10872,12231,13590,14949,16308,17667,19026,20385,21744,23103,24462,25821,27180,table-of-1359,1358,/table-of-1358,1357,/table-of-1357,1356,/table-of-1356
1360,2720,4080,5440,6800,8160,9520,10880,12240,13600,14960,16320,17680,19040,20400,21760,23120,24480,25840,27200,table-of-1360,1359,/table-of-1359,1358,/table-of-1358,1357,/table-of-1357
1361,2722,4083,5444,6805,8166,9527,10888,12249,13610,14971,16332,17693,19054,20415,21776,23137,24498,25859,27220,table-of-1361,1360,/table-of-1360,1359,/table-of-1359,1358,/table-of-1358
1362,2724,4086,5448,6810,8172,9534,10896,12258,13620,14982,16344,17706,19068,20430,21792,23154,24516,25878,27240,table-of-1362,1361,/table-of-1361,1360,/table-of-1360,1359,/table-of-1359
1363,2726,4089,5452,6815,8178,9541,10904,12267,13630,14993,16356,17719,19082,20445,21808,23171,24534,25897,27260,table-of-1363,1362,/table-of-1362,1361,/table-of-1361,1360,/table-of-1360
1364,2728,4092,5456,6820,8184,9548,10912,12276,13640,15004,16368,17732,19096,20460,21824,23188,24552,25916,27280,table-of-1364,1363,/table-of-1363,1362,/table-of-1362,1361,/table-of-1361
1365,2730,4095,5460,6825,8190,9555,10920,12285,13650,15015,16380,17745,19110,20475,21840,23205,24570,25935,27300,table-of-1365,1364,/table-of-1364,1363,/table-of-1363,1362,/table-of-1362
1366,2732,4098,5464,6830,8196,9562,10928,12294,13660,15026,16392,17758,19124,20490,21856,23222,24588,25954,27320,table-of-1366,1365,/table-of-1365,1364,/table-of-1364,1363,/table-of-1363
1367,2734,4101,5468,6835,8202,9569,10936,12303,13670,15037,16404,17771,19138,20505,21872,23239,24606,25973,27340,table-of-1367,1366,/table-of-1366,1365,/table-of-1365,1364,/table-of-1364
1368,2736,4104,5472,6840,8208,9576,10944,12312,13680,15048,16416,17784,19152,20520,21888,23256,24624,25992,27360,table-of-1368,1367,/table-of-1367,1366,/table-of-1366,1365,/table-of-1365
1369,2738,4107,5476,6845,8214,9583,10952,12321,13690,15059,16428,17797,19166,20535,21904,23273,24642,26011,27380,table-of-1369,1368,/table-of-1368,1367,/table-of-1367,1366,/table-of-1366
1370,2740,4110,5480,6850,8220,9590,10960,12330,13700,15070,16440,17810,19180,20550,21920,23290,24660,26030,27400,table-of-1370,1369,/table-of-1369,1368,/table-of-1368,1367,/table-of-1367
1371,2742,4113,5484,6855,8226,9597,10968,12339,13710,15081,16452,17823,19194,20565,21936,23307,24678,26049,27420,table-of-1371,1370,/table-of-1370,1369,/table-of-1369,1368,/table-of-1368
1372,2744,4116,5488,6860,8232,9604,10976,12348,13720,15092,16464,17836,19208,20580,21952,23324,24696,26068,27440,table-of-1372,1371,/table-of-1371,1370,/table-of-1370,1369,/table-of-1369
1373,2746,4119,5492,6865,8238,9611,10984,12357,13730,15103,16476,17849,19222,20595,21968,23341,24714,26087,27460,table-of-1373,1372,/table-of-1372,1371,/table-of-1371,1370,/table-of-1370
1374,2748,4122,5496,6870,8244,9618,10992,12366,13740,15114,16488,17862,19236,20610,21984,23358,24732,26106,27480,table-of-1374,1373,/table-of-1373,1372,/table-of-1372,1371,/table-of-1371
1375,2750,4125,5500,6875,8250,9625,11000,12375,13750,15125,16500,17875,19250,20625,22000,23375,24750,26125,27500,table-of-1375,1374,/table-of-1374,1373,/table-of-1373,1372,/table-of-1372
1376,2752,4128,5504,6880,8256,9632,11008,12384,13760,15136,16512,17888,19264,20640,22016,23392,24768,26144,27520,table-of-1376,1375,/table-of-1375,1374,/table-of-1374,1373,/table-of-1373
1377,2754,4131,5508,6885,8262,9639,11016,12393,13770,15147,16524,17901,19278,20655,22032,23409,24786,26163,27540,table-of-1377,1376,/table-of-1376,1375,/table-of-1375,1374,/table-of-1374
1378,2756,4134,5512,6890,8268,9646,11024,12402,13780,15158,16536,17914,19292,20670,22048,23426,24804,26182,27560,table-of-1378,1377,/table-of-1377,1376,/table-of-1376,1375,/table-of-1375
1379,2758,4137,5516,6895,8274,9653,11032,12411,13790,15169,16548,17927,19306,20685,22064,23443,24822,26201,27580,table-of-1379,1378,/table-of-1378,1377,/table-of-1377,1376,/table-of-1376
1380,2760,4140,5520,6900,8280,9660,11040,12420,13800,15180,16560,17940,19320,20700,22080,23460,24840,26220,27600,table-of-1380,1379,/table-of-1379,1378,/table-of-1378,1377,/table-of-1377
1381,2762,4143,5524,6905,8286,9667,11048,12429,13810,15191,16572,17953,19334,20715,22096,23477,24858,26239,27620,table-of-1381,1380,/table-of-1380,1379,/table-of-1379,1378,/table-of-1378
1382,2764,4146,5528,6910,8292,9674,11056,12438,13820,15202,16584,17966,19348,20730,22112,23494,24876,26258,27640,table-of-1382,1381,/table-of-1381,1380,/table-of-1380,1379,/table-of-1379
1383,2766,4149,5532,6915,8298,9681,11064,12447,13830,15213,16596,17979,19362,20745,22128,23511,24894,26277,27660,table-of-1383,1382,/table-of-1382,1381,/table-of-1381,1380,/table-of-1380
1384,2768,4152,5536,6920,8304,9688,11072,12456,13840,15224,16608,17992,19376,20760,22144,23528,24912,26296,27680,table-of-1384,1383,/table-of-1383,1382,/table-of-1382,1381,/table-of-1381
1385,2770,4155,5540,6925,8310,9695,11080,12465,13850,15235,16620,18005,19390,20775,22160,23545,24930,26315,27700,table-of-1385,1384,/table-of-1384,1383,/table-of-1383,1382,/table-of-1382
1386,2772,4158,5544,6930,8316,9702,11088,12474,13860,15246,16632,18018,19404,20790,22176,23562,24948,26334,27720,table-of-1386,1385,/table-of-1385,1384,/table-of-1384,1383,/table-of-1383
1387,2774,4161,5548,6935,8322,9709,11096,12483,13870,15257,16644,18031,19418,20805,22192,23579,24966,26353,27740,table-of-1387,1386,/table-of-1386,1385,/table-of-1385,1384,/table-of-1384
1388,2776,4164,5552,6940,8328,9716,11104,12492,13880,15268,16656,18044,19432,20820,22208,23596,24984,26372,27760,table-of-1388,1387,/table-of-1387,1386,/table-of-1386,1385,/table-of-1385
1389,2778,4167,5556,6945,8334,9723,11112,12501,13890,15279,16668,18057,19446,20835,22224,23613,25002,26391,27780,table-of-1389,1388,/table-of-1388,1387,/table-of-1387,1386,/table-of-1386
1390,2780,4170,5560,6950,8340,9730,11120,12510,13900,15290,16680,18070,19460,20850,22240,23630,25020,26410,27800,table-of-1390,1389,/table-of-1389,1388,/table-of-1388,1387,/table-of-1387
1391,2782,4173,5564,6955,8346,9737,11128,12519,13910,15301,16692,18083,19474,20865,22256,23647,25038,26429,27820,table-of-1391,1390,/table-of-1390,1389,/table-of-1389,1388,/table-of-1388
1392,2784,4176,5568,6960,8352,9744,11136,12528,13920,15312,16704,18096,19488,20880,22272,23664,25056,26448,27840,table-of-1392,1391,/table-of-1391,1390,/table-of-1390,1389,/table-of-1389
1393,2786,4179,5572,6965,8358,9751,11144,12537,13930,15323,16716,18109,19502,20895,22288,23681,25074,26467,27860,table-of-1393,1392,/table-of-1392,1391,/table-of-1391,1390,/table-of-1390
1394,2788,4182,5576,6970,8364,9758,11152,12546,13940,15334,16728,18122,19516,20910,22304,23698,25092,26486,27880,table-of-1394,1393,/table-of-1393,1392,/table-of-1392,1391,/table-of-1391
1395,2790,4185,5580,6975,8370,9765,11160,12555,13950,15345,16740,18135,19530,20925,22320,23715,25110,26505,27900,table-of-1395,1394,/table-of-1394,1393,/table-of-1393,1392,/table-of-1392
1396,2792,4188,5584,6980,8376,9772,11168,12564,13960,15356,16752,18148,19544,20940,22336,23732,25128,26524,27920,table-of-1396,1395,/table-of-1395,1394,/table-of-1394,1393,/table-of-1393
1397,2794,4191,5588,6985,8382,9779,11176,12573,13970,15367,16764,18161,19558,20955,22352,23749,25146,26543,27940,table-of-1397,1396,/table-of-1396,1395,/table-of-1395,1394,/table-of-1394
1398,2796,4194,5592,6990,8388,9786,11184,12582,13980,15378,16776,18174,19572,20970,22368,23766,25164,26562,27960,table-of-1398,1397,/table-of-1397,1396,/table-of-1396,1395,/table-of-1395
1399,2798,4197,5596,6995,8394,9793,11192,12591,13990,15389,16788,18187,19586,20985,22384,23783,25182,26581,27980,table-of-1399,1398,/table-of-1398,1397,/table-of-1397,1396,/table-of-1396
1400,2800,4200,5600,7000,8400,9800,11200,12600,14000,15400,16800,18200,19600,21000,22400,23800,25200,26600,28000,table-of-1400,1399,/table-of-1399,1398,/table-of-1398,1397,/table-of-1397
1401,2802,4203,5604,7005,8406,9807,11208,12609,14010,15411,16812,18213,19614,21015,22416,23817,25218,26619,28020,table-of-1401,1400,/table-of-1400,1399,/table-of-1399,1398,/table-of-1398
1402,2804,4206,5608,7010,8412,9814,11216,12618,14020,15422,16824,18226,19628,21030,22432,23834,25236,26638,28040,table-of-1402,1401,/table-of-1401,1400,/table-of-1400,1399,/table-of-1399
1403,2806,4209,5612,7015,8418,9821,11224,12627,14030,15433,16836,18239,19642,21045,22448,23851,25254,26657,28060,table-of-1403,1402,/table-of-1402,1401,/table-of-1401,1400,/table-of-1400
1404,2808,4212,5616,7020,8424,9828,11232,12636,14040,15444,16848,18252,19656,21060,22464,23868,25272,26676,28080,table-of-1404,1403,/table-of-1403,1402,/table-of-1402,1401,/table-of-1401
1405,2810,4215,5620,7025,8430,9835,11240,12645,14050,15455,16860,18265,19670,21075,22480,23885,25290,26695,28100,table-of-1405,1404,/table-of-1404,1403,/table-of-1403,1402,/table-of-1402
1406,2812,4218,5624,7030,8436,9842,11248,12654,14060,15466,16872,18278,19684,21090,22496,23902,25308,26714,28120,table-of-1406,1405,/table-of-1405,1404,/table-of-1404,1403,/table-of-1403
1407,2814,4221,5628,7035,8442,9849,11256,12663,14070,15477,16884,18291,19698,21105,22512,23919,25326,26733,28140,table-of-1407,1406,/table-of-1406,1405,/table-of-1405,1404,/table-of-1404
1408,2816,4224,5632,7040,8448,9856,11264,12672,14080,15488,16896,18304,19712,21120,22528,23936,25344,26752,28160,table-of-1408,1407,/table-of-1407,1406,/table-of-1406,1405,/table-of-1405
1409,2818,4227,5636,7045,8454,9863,11272,12681,14090,15499,16908,18317,19726,21135,22544,23953,25362,26771,28180,table-of-1409,1408,/table-of-1408,1407,/table-of-1407,1406,/table-of-1406
1410,2820,4230,5640,7050,8460,9870,11280,12690,14100,15510,16920,18330,19740,21150,22560,23970,25380,26790,28200,table-of-1410,1409,/table-of-1409,1408,/table-of-1408,1407,/table-of-1407
1411,2822,4233,5644,7055,8466,9877,11288,12699,14110,15521,16932,18343,19754,21165,22576,23987,25398,26809,28220,table-of-1411,1410,/table-of-1410,1409,/table-of-1409,1408,/table-of-1408
1412,2824,4236,5648,7060,8472,9884,11296,12708,14120,15532,16944,18356,19768,21180,22592,24004,25416,26828,28240,table-of-1412,1411,/table-of-1411,1410,/table-of-1410,1409,/table-of-1409
1413,2826,4239,5652,7065,8478,9891,11304,12717,14130,15543,16956,18369,19782,21195,22608,24021,25434,26847,28260,table-of-1413,1412,/table-of-1412,1411,/table-of-1411,1410,/table-of-1410
1414,2828,4242,5656,7070,8484,9898,11312,12726,14140,15554,16968,18382,19796,21210,22624,24038,25452,26866,28280,table-of-1414,1413,/table-of-1413,1412,/table-of-1412,1411,/table-of-1411
1415,2830,4245,5660,7075,8490,9905,11320,12735,14150,15565,16980,18395,19810,21225,22640,24055,25470,26885,28300,table-of-1415,1414,/table-of-1414,1413,/table-of-1413,1412,/table-of-1412
1416,2832,4248,5664,7080,8496,9912,11328,12744,14160,15576,16992,18408,19824,21240,22656,24072,25488,26904,28320,table-of-1416,1415,/table-of-1415,1414,/table-of-1414,1413,/table-of-1413
1417,2834,4251,5668,7085,8502,9919,11336,12753,14170,15587,17004,18421,19838,21255,22672,24089,25506,26923,28340,table-of-1417,1416,/table-of-1416,1415,/table-of-1415,1414,/table-of-1414
1418,2836,4254,5672,7090,8508,9926,11344,12762,14180,15598,17016,18434,19852,21270,22688,24106,25524,26942,28360,table-of-1418,1417,/table-of-1417,1416,/table-of-1416,1415,/table-of-1415
1419,2838,4257,5676,7095,8514,9933,11352,12771,14190,15609,17028,18447,19866,21285,22704,24123,25542,26961,28380,table-of-1419,1418,/table-of-1418,1417,/table-of-1417,1416,/table-of-1416
1420,2840,4260,5680,7100,8520,9940,11360,12780,14200,15620,17040,18460,19880,21300,22720,24140,25560,26980,28400,table-of-1420,1419,/table-of-1419,1418,/table-of-1418,1417,/table-of-1417
1421,2842,4263,5684,7105,8526,9947,11368,12789,14210,15631,17052,18473,19894,21315,22736,24157,25578,26999,28420,table-of-1421,1420,/table-of-1420,1419,/table-of-1419,1418,/table-of-1418
1422,2844,4266,5688,7110,8532,9954,11376,12798,14220,15642,17064,18486,19908,21330,22752,24174,25596,27018,28440,table-of-1422,1421,/table-of-1421,1420,/table-of-1420,1419,/table-of-1419
1423,2846,4269,5692,7115,8538,9961,11384,12807,14230,15653,17076,18499,19922,21345,22768,24191,25614,27037,28460,table-of-1423,1422,/table-of-1422,1421,/table-of-1421,1420,/table-of-1420
1424,2848,4272,5696,7120,8544,9968,11392,12816,14240,15664,17088,18512,19936,21360,22784,24208,25632,27056,28480,table-of-1424,1423,/table-of-1423,1422,/table-of-1422,1421,/table-of-1421
1425,2850,4275,5700,7125,8550,9975,11400,12825,14250,15675,17100,18525,19950,21375,22800,24225,25650,27075,28500,table-of-1425,1424,/table-of-1424,1423,/table-of-1423,1422,/table-of-1422
1426,2852,4278,5704,7130,8556,9982,11408,12834,14260,15686,17112,18538,19964,21390,22816,24242,25668,27094,28520,table-of-1426,1425,/table-of-1425,1424,/table-of-1424,1423,/table-of-1423
1427,2854,4281,5708,7135,8562,9989,11416,12843,14270,15697,17124,18551,19978,21405,22832,24259,25686,27113,28540,table-of-1427,1426,/table-of-1426,1425,/table-of-1425,1424,/table-of-1424
1428,2856,4284,5712,7140,8568,9996,11424,12852,14280,15708,17136,18564,19992,21420,22848,24276,25704,27132,28560,table-of-1428,1427,/table-of-1427,1426,/table-of-1426,1425,/table-of-1425
1429,2858,4287,5716,7145,8574,10003,11432,12861,14290,15719,17148,18577,20006,21435,22864,24293,25722,27151,28580,table-of-1429,1428,/table-of-1428,1427,/table-of-1427,1426,/table-of-1426
1430,2860,4290,5720,7150,8580,10010,11440,12870,14300,15730,17160,18590,20020,21450,22880,24310,25740,27170,28600,table-of-1430,1429,/table-of-1429,1428,/table-of-1428,1427,/table-of-1427
1431,2862,4293,5724,7155,8586,10017,11448,12879,14310,15741,17172,18603,20034,21465,22896,24327,25758,27189,28620,table-of-1431,1430,/table-of-1430,1429,/table-of-1429,1428,/table-of-1428
1432,2864,4296,5728,7160,8592,10024,11456,12888,14320,15752,17184,18616,20048,21480,22912,24344,25776,27208,28640,table-of-1432,1431,/table-of-1431,1430,/table-of-1430,1429,/table-of-1429
1433,2866,4299,5732,7165,8598,10031,11464,12897,14330,15763,17196,18629,20062,21495,22928,24361,25794,27227,28660,table-of-1433,1432,/table-of-1432,1431,/table-of-1431,1430,/table-of-1430
1434,2868,4302,5736,7170,8604,10038,11472,12906,14340,15774,17208,18642,20076,21510,22944,24378,25812,27246,28680,table-of-1434,1433,/table-of-1433,1432,/table-of-1432,1431,/table-of-1431
1435,2870,4305,5740,7175,8610,10045,11480,12915,14350,15785,17220,18655,20090,21525,22960,24395,25830,27265,28700,table-of-1435,1434,/table-of-1434,1433,/table-of-1433,1432,/table-of-1432
1436,2872,4308,5744,7180,8616,10052,11488,12924,14360,15796,17232,18668,20104,21540,22976,24412,25848,27284,28720,table-of-1436,1435,/table-of-1435,1434,/table-of-1434,1433,/table-of-1433
1437,2874,4311,5748,7185,8622,10059,11496,12933,14370,15807,17244,18681,20118,21555,22992,24429,25866,27303,28740,table-of-1437,1436,/table-of-1436,1435,/table-of-1435,1434,/table-of-1434
1438,2876,4314,5752,7190,8628,10066,11504,12942,14380,15818,17256,18694,20132,21570,23008,24446,25884,27322,28760,table-of-1438,1437,/table-of-1437,1436,/table-of-1436,1435,/table-of-1435
1439,2878,4317,5756,7195,8634,10073,11512,12951,14390,15829,17268,18707,20146,21585,23024,24463,25902,27341,28780,table-of-1439,1438,/table-of-1438,1437,/table-of-1437,1436,/table-of-1436
1440,2880,4320,5760,7200,8640,10080,11520,12960,14400,15840,17280,18720,20160,21600,23040,24480,25920,27360,28800,table-of-1440,1439,/table-of-1439,1438,/table-of-1438,1437,/table-of-1437
1441,2882,4323,5764,7205,8646,10087,11528,12969,14410,15851,17292,18733,20174,21615,23056,24497,25938,27379,28820,table-of-1441,1440,/table-of-1440,1439,/table-of-1439,1438,/table-of-1438
1442,2884,4326,5768,7210,8652,10094,11536,12978,14420,15862,17304,18746,20188,21630,23072,24514,25956,27398,28840,table-of-1442,1441,/table-of-1441,1440,/table-of-1440,1439,/table-of-1439
1443,2886,4329,5772,7215,8658,10101,11544,12987,14430,15873,17316,18759,20202,21645,23088,24531,25974,27417,28860,table-of-1443,1442,/table-of-1442,1441,/table-of-1441,1440,/table-of-1440
1444,2888,4332,5776,7220,8664,10108,11552,12996,14440,15884,17328,18772,20216,21660,23104,24548,25992,27436,28880,table-of-1444,1443,/table-of-1443,1442,/table-of-1442,1441,/table-of-1441
1445,2890,4335,5780,7225,8670,10115,11560,13005,14450,15895,17340,18785,20230,21675,23120,24565,26010,27455,28900,table-of-1445,1444,/table-of-1444,1443,/table-of-1443,1442,/table-of-1442
1446,2892,4338,5784,7230,8676,10122,11568,13014,14460,15906,17352,18798,20244,21690,23136,24582,26028,27474,28920,table-of-1446,1445,/table-of-1445,1444,/table-of-1444,1443,/table-of-1443
1447,2894,4341,5788,7235,8682,10129,11576,13023,14470,15917,17364,18811,20258,21705,23152,24599,26046,27493,28940,table-of-1447,1446,/table-of-1446,1445,/table-of-1445,1444,/table-of-1444
1448,2896,4344,5792,7240,8688,10136,11584,13032,14480,15928,17376,18824,20272,21720,23168,24616,26064,27512,28960,table-of-1448,1447,/table-of-1447,1446,/table-of-1446,1445,/table-of-1445
1449,2898,4347,5796,7245,8694,10143,11592,13041,14490,15939,17388,18837,20286,21735,23184,24633,26082,27531,28980,table-of-1449,1448,/table-of-1448,1447,/table-of-1447,1446,/table-of-1446
1450,2900,4350,5800,7250,8700,10150,11600,13050,14500,15950,17400,18850,20300,21750,23200,24650,26100,27550,29000,table-of-1450,1449,/table-of-1449,1448,/table-of-1448,1447,/table-of-1447
1451,2902,4353,5804,7255,8706,10157,11608,13059,14510,15961,17412,18863,20314,21765,23216,24667,26118,27569,29020,table-of-1451,1450,/table-of-1450,1449,/table-of-1449,1448,/table-of-1448
1452,2904,4356,5808,7260,8712,10164,11616,13068,14520,15972,17424,18876,20328,21780,23232,24684,26136,27588,29040,table-of-1452,1451,/table-of-1451,1450,/table-of-1450,1449,/table-of-1449
1453,2906,4359,5812,7265,8718,10171,11624,13077,14530,15983,17436,18889,20342,21795,23248,24701,26154,27607,29060,table-of-1453,1452,/table-of-1452,1451,/table-of-1451,1450,/table-of-1450
1454,2908,4362,5816,7270,8724,10178,11632,13086,14540,15994,17448,18902,20356,21810,23264,24718,26172,27626,29080,table-of-1454,1453,/table-of-1453,1452,/table-of-1452,1451,/table-of-1451
1455,2910,4365,5820,7275,8730,10185,11640,13095,14550,16005,17460,18915,20370,21825,23280,24735,26190,27645,29100,table-of-1455,1454,/table-of-1454,1453,/table-of-1453,1452,/table-of-1452
1456,2912,4368,5824,7280,8736,10192,11648,13104,14560,16016,17472,18928,20384,21840,23296,24752,26208,27664,29120,table-of-1456,1455,/table-of-1455,1454,/table-of-1454,1453,/table-of-1453
1457,2914,4371,5828,7285,8742,10199,11656,13113,14570,16027,17484,18941,20398,21855,23312,24769,26226,27683,29140,table-of-1457,1456,/table-of-1456,1455,/table-of-1455,1454,/table-of-1454
1458,2916,4374,5832,7290,8748,10206,11664,13122,14580,16038,17496,18954,20412,21870,23328,24786,26244,27702,29160,table-of-1458,1457,/table-of-1457,1456,/table-of-1456,1455,/table-of-1455
1459,2918,4377,5836,7295,8754,10213,11672,13131,14590,16049,17508,18967,20426,21885,23344,24803,26262,27721,29180,table-of-1459,1458,/table-of-1458,1457,/table-of-1457,1456,/table-of-1456
1460,2920,4380,5840,7300,8760,10220,11680,13140,14600,16060,17520,18980,20440,21900,23360,24820,26280,27740,29200,table-of-1460,1459,/table-of-1459,1458,/table-of-1458,1457,/table-of-1457
1461,2922,4383,5844,7305,8766,10227,11688,13149,14610,16071,17532,18993,20454,21915,23376,24837,26298,27759,29220,table-of-1461,1460,/table-of-1460,1459,/table-of-1459,1458,/table-of-1458
1462,2924,4386,5848,7310,8772,10234,11696,13158,14620,16082,17544,19006,20468,21930,23392,24854,26316,27778,29240,table-of-1462,1461,/table-of-1461,1460,/table-of-1460,1459,/table-of-1459
1463,2926,4389,5852,7315,8778,10241,11704,13167,14630,16093,17556,19019,20482,21945,23408,24871,26334,27797,29260,table-of-1463,1462,/table-of-1462,1461,/table-of-1461,1460,/table-of-1460
1464,2928,4392,5856,7320,8784,10248,11712,13176,14640,16104,17568,19032,20496,21960,23424,24888,26352,27816,29280,table-of-1464,1463,/table-of-1463,1462,/table-of-1462,1461,/table-of-1461
1465,2930,4395,5860,7325,8790,10255,11720,13185,14650,16115,17580,19045,20510,21975,23440,24905,26370,27835,29300,table-of-1465,1464,/table-of-1464,1463,/table-of-1463,1462,/table-of-1462
1466,2932,4398,5864,7330,8796,10262,11728,13194,14660,16126,17592,19058,20524,21990,23456,24922,26388,27854,29320,table-of-1466,1465,/table-of-1465,1464,/table-of-1464,1463,/table-of-1463
1467,2934,4401,5868,7335,8802,10269,11736,13203,14670,16137,17604,19071,20538,22005,23472,24939,26406,27873,29340,table-of-1467,1466,/table-of-1466,1465,/table-of-1465,1464,/table-of-1464
1468,2936,4404,5872,7340,8808,10276,11744,13212,14680,16148,17616,19084,20552,22020,23488,24956,26424,27892,29360,table-of-1468,1467,/table-of-1467,1466,/table-of-1466,1465,/table-of-1465
1469,2938,4407,5876,7345,8814,10283,11752,13221,14690,16159,17628,19097,20566,22035,23504,24973,26442,27911,29380,table-of-1469,1468,/table-of-1468,1467,/table-of-1467,1466,/table-of-1466
1470,2940,4410,5880,7350,8820,10290,11760,13230,14700,16170,17640,19110,20580,22050,23520,24990,26460,27930,29400,table-of-1470,1469,/table-of-1469,1468,/table-of-1468,1467,/table-of-1467
1471,2942,4413,5884,7355,8826,10297,11768,13239,14710,16181,17652,19123,20594,22065,23536,25007,26478,27949,29420,table-of-1471,1470,/table-of-1470,1469,/table-of-1469,1468,/table-of-1468
1472,2944,4416,5888,7360,8832,10304,11776,13248,14720,16192,17664,19136,20608,22080,23552,25024,26496,27968,29440,table-of-1472,1471,/table-of-1471,1470,/table-of-1470,1469,/table-of-1469
1473,2946,4419,5892,7365,8838,10311,11784,13257,14730,16203,17676,19149,20622,22095,23568,25041,26514,27987,29460,table-of-1473,1472,/table-of-1472,1471,/table-of-1471,1470,/table-of-1470
1474,2948,4422,5896,7370,8844,10318,11792,13266,14740,16214,17688,19162,20636,22110,23584,25058,26532,28006,29480,table-of-1474,1473,/table-of-1473,1472,/table-of-1472,1471,/table-of-1471
1475,2950,4425,5900,7375,8850,10325,11800,13275,14750,16225,17700,19175,20650,22125,23600,25075,26550,28025,29500,table-of-1475,1474,/table-of-1474,1473,/table-of-1473,1472,/table-of-1472
1476,2952,4428,5904,7380,8856,10332,11808,13284,14760,16236,17712,19188,20664,22140,23616,25092,26568,28044,29520,table-of-1476,1475,/table-of-1475,1474,/table-of-1474,1473,/table-of-1473
1477,2954,4431,5908,7385,8862,10339,11816,13293,14770,16247,17724,19201,20678,22155,23632,25109,26586,28063,29540,table-of-1477,1476,/table-of-1476,1475,/table-of-1475,1474,/table-of-1474
1478,2956,4434,5912,7390,8868,10346,11824,13302,14780,16258,17736,19214,20692,22170,23648,25126,26604,28082,29560,table-of-1478,1477,/table-of-1477,1476,/table-of-1476,1475,/table-of-1475
1479,2958,4437,5916,7395,8874,10353,11832,13311,14790,16269,17748,19227,20706,22185,23664,25143,26622,28101,29580,table-of-1479,1478,/table-of-1478,1477,/table-of-1477,1476,/table-of-1476
1480,2960,4440,5920,7400,8880,10360,11840,13320,14800,16280,17760,19240,20720,22200,23680,25160,26640,28120,29600,table-of-1480,1479,/table-of-1479,1478,/table-of-1478,1477,/table-of-1477
1481,2962,4443,5924,7405,8886,10367,11848,13329,14810,16291,17772,19253,20734,22215,23696,25177,26658,28139,29620,table-of-1481,1480,/table-of-1480,1479,/table-of-1479,1478,/table-of-1478
1482,2964,4446,5928,7410,8892,10374,11856,13338,14820,16302,17784,19266,20748,22230,23712,25194,26676,28158,29640,table-of-1482,1481,/table-of-1481,1480,/table-of-1480,1479,/table-of-1479
1483,2966,4449,5932,7415,8898,10381,11864,13347,14830,16313,17796,19279,20762,22245,23728,25211,26694,28177,29660,table-of-1483,1482,/table-of-1482,1481,/table-of-1481,1480,/table-of-1480
1484,2968,4452,5936,7420,8904,10388,11872,13356,14840,16324,17808,19292,20776,22260,23744,25228,26712,28196,29680,table-of-1484,1483,/table-of-1483,1482,/table-of-1482,1481,/table-of-1481
1485,2970,4455,5940,7425,8910,10395,11880,13365,14850,16335,17820,19305,20790,22275,23760,25245,26730,28215,29700,table-of-1485,1484,/table-of-1484,1483,/table-of-1483,1482,/table-of-1482
1486,2972,4458,5944,7430,8916,10402,11888,13374,14860,16346,17832,19318,20804,22290,23776,25262,26748,28234,29720,table-of-1486,1485,/table-of-1485,1484,/table-of-1484,1483,/table-of-1483
1487,2974,4461,5948,7435,8922,10409,11896,13383,14870,16357,17844,19331,20818,22305,23792,25279,26766,28253,29740,table-of-1487,1486,/table-of-1486,1485,/table-of-1485,1484,/table-of-1484
1488,2976,4464,5952,7440,8928,10416,11904,13392,14880,16368,17856,19344,20832,22320,23808,25296,26784,28272,29760,table-of-1488,1487,/table-of-1487,1486,/table-of-1486,1485,/table-of-1485
1489,2978,4467,5956,7445,8934,10423,11912,13401,14890,16379,17868,19357,20846,22335,23824,25313,26802,28291,29780,table-of-1489,1488,/table-of-1488,1487,/table-of-1487,1486,/table-of-1486
1490,2980,4470,5960,7450,8940,10430,11920,13410,14900,16390,17880,19370,20860,22350,23840,25330,26820,28310,29800,table-of-1490,1489,/table-of-1489,1488,/table-of-1488,1487,/table-of-1487
1491,2982,4473,5964,7455,8946,10437,11928,13419,14910,16401,17892,19383,20874,22365,23856,25347,26838,28329,29820,table-of-1491,1490,/table-of-1490,1489,/table-of-1489,1488,/table-of-1488
1492,2984,4476,5968,7460,8952,10444,11936,13428,14920,16412,17904,19396,20888,22380,23872,25364,26856,28348,29840,table-of-1492,1491,/table-of-1491,1490,/table-of-1490,1489,/table-of-1489
1493,2986,4479,5972,7465,8958,10451,11944,13437,14930,16423,17916,19409,20902,22395,23888,25381,26874,28367,29860,table-of-1493,1492,/table-of-1492,1491,/table-of-1491,1490,/table-of-1490
1494,2988,4482,5976,7470,8964,10458,11952,13446,14940,16434,17928,19422,20916,22410,23904,25398,26892,28386,29880,table-of-1494,1493,/table-of-1493,1492,/table-of-1492,1491,/table-of-1491
1495,2990,4485,5980,7475,8970,10465,11960,13455,14950,16445,17940,19435,20930,22425,23920,25415,26910,28405,29900,table-of-1495,1494,/table-of-1494,1493,/table-of-1493,1492,/table-of-1492
1496,2992,4488,5984,7480,8976,10472,11968,13464,14960,16456,17952,19448,20944,22440,23936,25432,26928,28424,29920,table-of-1496,1495,/table-of-1495,1494,/table-of-1494,1493,/table-of-1493
1497,2994,4491,5988,7485,8982,10479,11976,13473,14970,16467,17964,19461,20958,22455,23952,25449,26946,28443,29940,table-of-1497,1496,/table-of-1496,1495,/table-of-1495,1494,/table-of-1494
1498,2996,4494,5992,7490,8988,10486,11984,13482,14980,16478,17976,19474,20972,22470,23968,25466,26964,28462,29960,table-of-1498,1497,/table-of-1497,1496,/table-of-1496,1495,/table-of-1495
1499,2998,4497,5996,7495,8994,10493,11992,13491,14990,16489,17988,19487,20986,22485,23984,25483,26982,28481,29980,table-of-1499,1498,/table-of-1498,1497,/table-of-1497,1496,/table-of-1496
1500,3000,4500,6000,7500,9000,10500,12000,13500,15000,16500,18000,19500,21000,22500,24000,25500,27000,28500,30000,table-of-1500,1499,/table-of-1499,1498,/table-of-1498,1497,/table-of-1497
1501,3002,4503,6004,7505,9006,10507,12008,13509,15010,16511,18012,19513,21014,22515,24016,25517,27018,28519,30020,table-of-1501,1500,/table-of-1500,1499,/table-of-1499,1498,/table-of-1498
1502,3004,4506,6008,7510,9012,10514,12016,13518,15020,16522,18024,19526,21028,22530,24032,25534,27036,28538,30040,table-of-1502,1501,/table-of-1501,1500,/table-of-1500,1499,/table-of-1499
1503,3006,4509,6012,7515,9018,10521,12024,13527,15030,16533,18036,19539,21042,22545,24048,25551,27054,28557,30060,table-of-1503,1502,/table-of-1502,1501,/table-of-1501,1500,/table-of-1500
1504,3008,4512,6016,7520,9024,10528,12032,13536,15040,16544,18048,19552,21056,22560,24064,25568,27072,28576,30080,table-of-1504,1503,/table-of-1503,1502,/table-of-1502,1501,/table-of-1501
1505,3010,4515,6020,7525,9030,10535,12040,13545,15050,16555,18060,19565,21070,22575,24080,25585,27090,28595,30100,table-of-1505,1504,/table-of-1504,1503,/table-of-1503,1502,/table-of-1502
1506,3012,4518,6024,7530,9036,10542,12048,13554,15060,16566,18072,19578,21084,22590,24096,25602,27108,28614,30120,table-of-1506,1505,/table-of-1505,1504,/table-of-1504,1503,/table-of-1503
1507,3014,4521,6028,7535,9042,10549,12056,13563,15070,16577,18084,19591,21098,22605,24112,25619,27126,28633,30140,table-of-1507,1506,/table-of-1506,1505,/table-of-1505,1504,/table-of-1504
1508,3016,4524,6032,7540,9048,10556,12064,13572,15080,16588,18096,19604,21112,22620,24128,25636,27144,28652,30160,table-of-1508,1507,/table-of-1507,1506,/table-of-1506,1505,/table-of-1505
1509,3018,4527,6036,7545,9054,10563,12072,13581,15090,16599,18108,19617,21126,22635,24144,25653,27162,28671,30180,table-of-1509,1508,/table-of-1508,1507,/table-of-1507,1506,/table-of-1506
1510,3020,4530,6040,7550,9060,10570,12080,13590,15100,16610,18120,19630,21140,22650,24160,25670,27180,28690,30200,table-of-1510,1509,/table-of-1509,1508,/table-of-1508,1507,/table-of-1507
1511,3022,4533,6044,7555,9066,10577,12088,13599,15110,16621,18132,19643,21154,22665,24176,25687,27198,28709,30220,table-of-1511,1510,/table-of-1510,1509,/table-of-1509,1508,/table-of-1508
1512,3024,4536,6048,7560,9072,10584,12096,13608,15120,16632,18144,19656,21168,22680,24192,25704,27216,28728,30240,table-of-1512,1511,/table-of-1511,1510,/table-of-1510,1509,/table-of-1509
1513,3026,4539,6052,7565,9078,10591,12104,13617,15130,16643,18156,19669,21182,22695,24208,25721,27234,28747,30260,table-of-1513,1512,/table-of-1512,1511,/table-of-1511,1510,/table-of-1510
1514,3028,4542,6056,7570,9084,10598,12112,13626,15140,16654,18168,19682,21196,22710,24224,25738,27252,28766,30280,table-of-1514,1513,/table-of-1513,1512,/table-of-1512,1511,/table-of-1511
1515,3030,4545,6060,7575,9090,10605,12120,13635,15150,16665,18180,19695,21210,22725,24240,25755,27270,28785,30300,table-of-1515,1514,/table-of-1514,1513,/table-of-1513,1512,/table-of-1512
1516,3032,4548,6064,7580,9096,10612,12128,13644,15160,16676,18192,19708,21224,22740,24256,25772,27288,28804,30320,table-of-1516,1515,/table-of-1515,1514,/table-of-1514,1513,/table-of-1513
1517,3034,4551,6068,7585,9102,10619,12136,13653,15170,16687,18204,19721,21238,22755,24272,25789,27306,28823,30340,table-of-1517,1516,/table-of-1516,1515,/table-of-1515,1514,/table-of-1514
1518,3036,4554,6072,7590,9108,10626,12144,13662,15180,16698,18216,19734,21252,22770,24288,25806,27324,28842,30360,table-of-1518,1517,/table-of-1517,1516,/table-of-1516,1515,/table-of-1515
1519,3038,4557,6076,7595,9114,10633,12152,13671,15190,16709,18228,19747,21266,22785,24304,25823,27342,28861,30380,table-of-1519,1518,/table-of-1518,1517,/table-of-1517,1516,/table-of-1516
1520,3040,4560,6080,7600,9120,10640,12160,13680,15200,16720,18240,19760,21280,22800,24320,25840,27360,28880,30400,table-of-1520,1519,/table-of-1519,1518,/table-of-1518,1517,/table-of-1517
1521,3042,4563,6084,7605,9126,10647,12168,13689,15210,16731,18252,19773,21294,22815,24336,25857,27378,28899,30420,table-of-1521,1520,/table-of-1520,1519,/table-of-1519,1518,/table-of-1518
1522,3044,4566,6088,7610,9132,10654,12176,13698,15220,16742,18264,19786,21308,22830,24352,25874,27396,28918,30440,table-of-1522,1521,/table-of-1521,1520,/table-of-1520,1519,/table-of-1519
1523,3046,4569,6092,7615,9138,10661,12184,13707,15230,16753,18276,19799,21322,22845,24368,25891,27414,28937,30460,table-of-1523,1522,/table-of-1522,1521,/table-of-1521,1520,/table-of-1520
1524,3048,4572,6096,7620,9144,10668,12192,13716,15240,16764,18288,19812,21336,22860,24384,25908,27432,28956,30480,table-of-1524,1523,/table-of-1523,1522,/table-of-1522,1521,/table-of-1521
1525,3050,4575,6100,7625,9150,10675,12200,13725,15250,16775,18300,19825,21350,22875,24400,25925,27450,28975,30500,table-of-1525,1524,/table-of-1524,1523,/table-of-1523,1522,/table-of-1522
1526,3052,4578,6104,7630,9156,10682,12208,13734,15260,16786,18312,19838,21364,22890,24416,25942,27468,28994,30520,table-of-1526,1525,/table-of-1525,1524,/table-of-1524,1523,/table-of-1523
1527,3054,4581,6108,7635,9162,10689,12216,13743,15270,16797,18324,19851,21378,22905,24432,25959,27486,29013,30540,table-of-1527,1526,/table-of-1526,1525,/table-of-1525,1524,/table-of-1524
1528,3056,4584,6112,7640,9168,10696,12224,13752,15280,16808,18336,19864,21392,22920,24448,25976,27504,29032,30560,table-of-1528,1527,/table-of-1527,1526,/table-of-1526,1525,/table-of-1525
1529,3058,4587,6116,7645,9174,10703,12232,13761,15290,16819,18348,19877,21406,22935,24464,25993,27522,29051,30580,table-of-1529,1528,/table-of-1528,1527,/table-of-1527,1526,/table-of-1526
1530,3060,4590,6120,7650,9180,10710,12240,13770,15300,16830,18360,19890,21420,22950,24480,26010,27540,29070,30600,table-of-1530,1529,/table-of-1529,1528,/table-of-1528,1527,/table-of-1527
1531,3062,4593,6124,7655,9186,10717,12248,13779,15310,16841,18372,19903,21434,22965,24496,26027,27558,29089,30620,table-of-1531,1530,/table-of-1530,1529,/table-of-1529,1528,/table-of-1528
1532,3064,4596,6128,7660,9192,10724,12256,13788,15320,16852,18384,19916,21448,22980,24512,26044,27576,29108,30640,table-of-1532,1531,/table-of-1531,1530,/table-of-1530,1529,/table-of-1529
1533,3066,4599,6132,7665,9198,10731,12264,13797,15330,16863,18396,19929,21462,22995,24528,26061,27594,29127,30660,table-of-1533,1532,/table-of-1532,1531,/table-of-1531,1530,/table-of-1530
1534,3068,4602,6136,7670,9204,10738,12272,13806,15340,16874,18408,19942,21476,23010,24544,26078,27612,29146,30680,table-of-1534,1533,/table-of-1533,1532,/table-of-1532,1531,/table-of-1531
1535,3070,4605,6140,7675,9210,10745,12280,13815,15350,16885,18420,19955,21490,23025,24560,26095,27630,29165,30700,table-of-1535,1534,/table-of-1534,1533,/table-of-1533,1532,/table-of-1532
1536,3072,4608,6144,7680,9216,10752,12288,13824,15360,16896,18432,19968,21504,23040,24576,26112,27648,29184,30720,table-of-1536,1535,/table-of-1535,1534,/table-of-1534,1533,/table-of-1533
1537,3074,4611,6148,7685,9222,10759,12296,13833,15370,16907,18444,19981,21518,23055,24592,26129,27666,29203,30740,table-of-1537,1536,/table-of-1536,1535,/table-of-1535,1534,/table-of-1534
1538,3076,4614,6152,7690,9228,10766,12304,13842,15380,16918,18456,19994,21532,23070,24608,26146,27684,29222,30760,table-of-1538,1537,/table-of-1537,1536,/table-of-1536,1535,/table-of-1535
1539,3078,4617,6156,7695,9234,10773,12312,13851,15390,16929,18468,20007,21546,23085,24624,26163,27702,29241,30780,table-of-1539,1538,/table-of-1538,1537,/table-of-1537,1536,/table-of-1536
1540,3080,4620,6160,7700,9240,10780,12320,13860,15400,16940,18480,20020,21560,23100,24640,26180,27720,29260,30800,table-of-1540,1539,/table-of-1539,1538,/table-of-1538,1537,/table-of-1537
1541,3082,4623,6164,7705,9246,10787,12328,13869,15410,16951,18492,20033,21574,23115,24656,26197,27738,29279,30820,table-of-1541,1540,/table-of-1540,1539,/table-of-1539,1538,/table-of-1538
1542,3084,4626,6168,7710,9252,10794,12336,13878,15420,16962,18504,20046,21588,23130,24672,26214,27756,29298,30840,table-of-1542,1541,/table-of-1541,1540,/table-of-1540,1539,/table-of-1539
1543,3086,4629,6172,7715,9258,10801,12344,13887,15430,16973,18516,20059,21602,23145,24688,26231,27774,29317,30860,table-of-1543,1542,/table-of-1542,1541,/table-of-1541,1540,/table-of-1540
1544,3088,4632,6176,7720,9264,10808,12352,13896,15440,16984,18528,20072,21616,23160,24704,26248,27792,29336,30880,table-of-1544,1543,/table-of-1543,1542,/table-of-1542,1541,/table-of-1541
1545,3090,4635,6180,7725,9270,10815,12360,13905,15450,16995,18540,20085,21630,23175,24720,26265,27810,29355,30900,table-of-1545,1544,/table-of-1544,1543,/table-of-1543,1542,/table-of-1542
1546,3092,4638,6184,7730,9276,10822,12368,13914,15460,17006,18552,20098,21644,23190,24736,26282,27828,29374,30920,table-of-1546,1545,/table-of-1545,1544,/table-of-1544,1543,/table-of-1543
1547,3094,4641,6188,7735,9282,10829,12376,13923,15470,17017,18564,20111,21658,23205,24752,26299,27846,29393,30940,table-of-1547,1546,/table-of-1546,1545,/table-of-1545,1544,/table-of-1544
1548,3096,4644,6192,7740,9288,10836,12384,13932,15480,17028,18576,20124,21672,23220,24768,26316,27864,29412,30960,table-of-1548,1547,/table-of-1547,1546,/table-of-1546,1545,/table-of-1545
1549,3098,4647,6196,7745,9294,10843,12392,13941,15490,17039,18588,20137,21686,23235,24784,26333,27882,29431,30980,table-of-1549,1548,/table-of-1548,1547,/table-of-1547,1546,/table-of-1546
1550,3100,4650,6200,7750,9300,10850,12400,13950,15500,17050,18600,20150,21700,23250,24800,26350,27900,29450,31000,table-of-1550,1549,/table-of-1549,1548,/table-of-1548,1547,/table-of-1547
1551,3102,4653,6204,7755,9306,10857,12408,13959,15510,17061,18612,20163,21714,23265,24816,26367,27918,29469,31020,table-of-1551,1550,/table-of-1550,1549,/table-of-1549,1548,/table-of-1548
1552,3104,4656,6208,7760,9312,10864,12416,13968,15520,17072,18624,20176,21728,23280,24832,26384,27936,29488,31040,table-of-1552,1551,/table-of-1551,1550,/table-of-1550,1549,/table-of-1549
1553,3106,4659,6212,7765,9318,10871,12424,13977,15530,17083,18636,20189,21742,23295,24848,26401,27954,29507,31060,table-of-1553,1552,/table-of-1552,1551,/table-of-1551,1550,/table-of-1550
1554,3108,4662,6216,7770,9324,10878,12432,13986,15540,17094,18648,20202,21756,23310,24864,26418,27972,29526,31080,table-of-1554,1553,/table-of-1553,1552,/table-of-1552,1551,/table-of-1551
1555,3110,4665,6220,7775,9330,10885,12440,13995,15550,17105,18660,20215,21770,23325,24880,26435,27990,29545,31100,table-of-1555,1554,/table-of-1554,1553,/table-of-1553,1552,/table-of-1552
1556,3112,4668,6224,7780,9336,10892,12448,14004,15560,17116,18672,20228,21784,23340,24896,26452,28008,29564,31120,table-of-1556,1555,/table-of-1555,1554,/table-of-1554,1553,/table-of-1553
1557,3114,4671,6228,7785,9342,10899,12456,14013,15570,17127,18684,20241,21798,23355,24912,26469,28026,29583,31140,table-of-1557,1556,/table-of-1556,1555,/table-of-1555,1554,/table-of-1554
1558,3116,4674,6232,7790,9348,10906,12464,14022,15580,17138,18696,20254,21812,23370,24928,26486,28044,29602,31160,table-of-1558,1557,/table-of-1557,1556,/table-of-1556,1555,/table-of-1555
1559,3118,4677,6236,7795,9354,10913,12472,14031,15590,17149,18708,20267,21826,23385,24944,26503,28062,29621,31180,table-of-1559,1558,/table-of-1558,1557,/table-of-1557,1556,/table-of-1556
1560,3120,4680,6240,7800,9360,10920,12480,14040,15600,17160,18720,20280,21840,23400,24960,26520,28080,29640,31200,table-of-1560,1559,/table-of-1559,1558,/table-of-1558,1557,/table-of-1557
1561,3122,4683,6244,7805,9366,10927,12488,14049,15610,17171,18732,20293,21854,23415,24976,26537,28098,29659,31220,table-of-1561,1560,/table-of-1560,1559,/table-of-1559,1558,/table-of-1558
1562,3124,4686,6248,7810,9372,10934,12496,14058,15620,17182,18744,20306,21868,23430,24992,26554,28116,29678,31240,table-of-1562,1561,/table-of-1561,1560,/table-of-1560,1559,/table-of-1559
1563,3126,4689,6252,7815,9378,10941,12504,14067,15630,17193,18756,20319,21882,23445,25008,26571,28134,29697,31260,table-of-1563,1562,/table-of-1562,1561,/table-of-1561,1560,/table-of-1560
1564,3128,4692,6256,7820,9384,10948,12512,14076,15640,17204,18768,20332,21896,23460,25024,26588,28152,29716,31280,table-of-1564,1563,/table-of-1563,1562,/table-of-1562,1561,/table-of-1561
1565,3130,4695,6260,7825,9390,10955,12520,14085,15650,17215,18780,20345,21910,23475,25040,26605,28170,29735,31300,table-of-1565,1564,/table-of-1564,1563,/table-of-1563,1562,/table-of-1562
1566,3132,4698,6264,7830,9396,10962,12528,14094,15660,17226,18792,20358,21924,23490,25056,26622,28188,29754,31320,table-of-1566,1565,/table-of-1565,1564,/table-of-1564,1563,/table-of-1563
1567,3134,4701,6268,7835,9402,10969,12536,14103,15670,17237,18804,20371,21938,23505,25072,26639,28206,29773,31340,table-of-1567,1566,/table-of-1566,1565,/table-of-1565,1564,/table-of-1564
1568,3136,4704,6272,7840,9408,10976,12544,14112,15680,17248,18816,20384,21952,23520,25088,26656,28224,29792,31360,table-of-1568,1567,/table-of-1567,1566,/table-of-1566,1565,/table-of-1565
1569,3138,4707,6276,7845,9414,10983,12552,14121,15690,17259,18828,20397,21966,23535,25104,26673,28242,29811,31380,table-of-1569,1568,/table-of-1568,1567,/table-of-1567,1566,/table-of-1566
1570,3140,4710,6280,7850,9420,10990,12560,14130,15700,17270,18840,20410,21980,23550,25120,26690,28260,29830,31400,table-of-1570,1569,/table-of-1569,1568,/table-of-1568,1567,/table-of-1567
1571,3142,4713,6284,7855,9426,10997,12568,14139,15710,17281,18852,20423,21994,23565,25136,26707,28278,29849,31420,table-of-1571,1570,/table-of-1570,1569,/table-of-1569,1568,/table-of-1568
1572,3144,4716,6288,7860,9432,11004,12576,14148,15720,17292,18864,20436,22008,23580,25152,26724,28296,29868,31440,table-of-1572,1571,/table-of-1571,1570,/table-of-1570,1569,/table-of-1569
1573,3146,4719,6292,7865,9438,11011,12584,14157,15730,17303,18876,20449,22022,23595,25168,26741,28314,29887,31460,table-of-1573,1572,/table-of-1572,1571,/table-of-1571,1570,/table-of-1570
1574,3148,4722,6296,7870,9444,11018,12592,14166,15740,17314,18888,20462,22036,23610,25184,26758,28332,29906,31480,table-of-1574,1573,/table-of-1573,1572,/table-of-1572,1571,/table-of-1571
1575,3150,4725,6300,7875,9450,11025,12600,14175,15750,17325,18900,20475,22050,23625,25200,26775,28350,29925,31500,table-of-1575,1574,/table-of-1574,1573,/table-of-1573,1572,/table-of-1572
1576,3152,4728,6304,7880,9456,11032,12608,14184,15760,17336,18912,20488,22064,23640,25216,26792,28368,29944,31520,table-of-1576,1575,/table-of-1575,1574,/table-of-1574,1573,/table-of-1573
1577,3154,4731,6308,7885,9462,11039,12616,14193,15770,17347,18924,20501,22078,23655,25232,26809,28386,29963,31540,table-of-1577,1576,/table-of-1576,1575,/table-of-1575,1574,/table-of-1574
1578,3156,4734,6312,7890,9468,11046,12624,14202,15780,17358,18936,20514,22092,23670,25248,26826,28404,29982,31560,table-of-1578,1577,/table-of-1577,1576,/table-of-1576,1575,/table-of-1575
1579,3158,4737,6316,7895,9474,11053,12632,14211,15790,17369,18948,20527,22106,23685,25264,26843,28422,30001,31580,table-of-1579,1578,/table-of-1578,1577,/table-of-1577,1576,/table-of-1576
1580,3160,4740,6320,7900,9480,11060,12640,14220,15800,17380,18960,20540,22120,23700,25280,26860,28440,30020,31600,table-of-1580,1579,/table-of-1579,1578,/table-of-1578,1577,/table-of-1577
1581,3162,4743,6324,7905,9486,11067,12648,14229,15810,17391,18972,20553,22134,23715,25296,26877,28458,30039,31620,table-of-1581,1580,/table-of-1580,1579,/table-of-1579,1578,/table-of-1578
1582,3164,4746,6328,7910,9492,11074,12656,14238,15820,17402,18984,20566,22148,23730,25312,26894,28476,30058,31640,table-of-1582,1581,/table-of-1581,1580,/table-of-1580,1579,/table-of-1579
1583,3166,4749,6332,7915,9498,11081,12664,14247,15830,17413,18996,20579,22162,23745,25328,26911,28494,30077,31660,table-of-1583,1582,/table-of-1582,1581,/table-of-1581,1580,/table-of-1580
1584,3168,4752,6336,7920,9504,11088,12672,14256,15840,17424,19008,20592,22176,23760,25344,26928,28512,30096,31680,table-of-1584,1583,/table-of-1583,1582,/table-of-1582,1581,/table-of-1581
1585,3170,4755,6340,7925,9510,11095,12680,14265,15850,17435,19020,20605,22190,23775,25360,26945,28530,30115,31700,table-of-1585,1584,/table-of-1584,1583,/table-of-1583,1582,/table-of-1582
1586,3172,4758,6344,7930,9516,11102,12688,14274,15860,17446,19032,20618,22204,23790,25376,26962,28548,30134,31720,table-of-1586,1585,/table-of-1585,1584,/table-of-1584,1583,/table-of-1583
1587,3174,4761,6348,7935,9522,11109,12696,14283,15870,17457,19044,20631,22218,23805,25392,26979,28566,30153,31740,table-of-1587,1586,/table-of-1586,1585,/table-of-1585,1584,/table-of-1584
1588,3176,4764,6352,7940,9528,11116,12704,14292,15880,17468,19056,20644,22232,23820,25408,26996,28584,30172,31760,table-of-1588,1587,/table-of-1587,1586,/table-of-1586,1585,/table-of-1585
1589,3178,4767,6356,7945,9534,11123,12712,14301,15890,17479,19068,20657,22246,23835,25424,27013,28602,30191,31780,table-of-1589,1588,/table-of-1588,1587,/table-of-1587,1586,/table-of-1586
1590,3180,4770,6360,7950,9540,11130,12720,14310,15900,17490,19080,20670,22260,23850,25440,27030,28620,30210,31800,table-of-1590,1589,/table-of-1589,1588,/table-of-1588,1587,/table-of-1587
1591,3182,4773,6364,7955,9546,11137,12728,14319,15910,17501,19092,20683,22274,23865,25456,27047,28638,30229,31820,table-of-1591,1590,/table-of-1590,1589,/table-of-1589,1588,/table-of-1588
1592,3184,4776,6368,7960,9552,11144,12736,14328,15920,17512,19104,20696,22288,23880,25472,27064,28656,30248,31840,table-of-1592,1591,/table-of-1591,1590,/table-of-1590,1589,/table-of-1589
1593,3186,4779,6372,7965,9558,11151,12744,14337,15930,17523,19116,20709,22302,23895,25488,27081,28674,30267,31860,table-of-1593,1592,/table-of-1592,1591,/table-of-1591,1590,/table-of-1590
1594,3188,4782,6376,7970,9564,11158,12752,14346,15940,17534,19128,20722,22316,23910,25504,27098,28692,30286,31880,table-of-1594,1593,/table-of-1593,1592,/table-of-1592,1591,/table-of-1591
1595,3190,4785,6380,7975,9570,11165,12760,14355,15950,17545,19140,20735,22330,23925,25520,27115,28710,30305,31900,table-of-1595,1594,/table-of-1594,1593,/table-of-1593,1592,/table-of-1592
1596,3192,4788,6384,7980,9576,11172,12768,14364,15960,17556,19152,20748,22344,23940,25536,27132,28728,30324,31920,table-of-1596,1595,/table-of-1595,1594,/table-of-1594,1593,/table-of-1593
1597,3194,4791,6388,7985,9582,11179,12776,14373,15970,17567,19164,20761,22358,23955,25552,27149,28746,30343,31940,table-of-1597,1596,/table-of-1596,1595,/table-of-1595,1594,/table-of-1594
1598,3196,4794,6392,7990,9588,11186,12784,14382,15980,17578,19176,20774,22372,23970,25568,27166,28764,30362,31960,table-of-1598,1597,/table-of-1597,1596,/table-of-1596,1595,/table-of-1595
1599,3198,4797,6396,7995,9594,11193,12792,14391,15990,17589,19188,20787,22386,23985,25584,27183,28782,30381,31980,table-of-1599,1598,/table-of-1598,1597,/table-of-1597,1596,/table-of-1596
1600,3200,4800,6400,8000,9600,11200,12800,14400,16000,17600,19200,20800,22400,24000,25600,27200,28800,30400,32000,table-of-1600,1599,/table-of-1599,1598,/table-of-1598,1597,/table-of-1597
1601,3202,4803,6404,8005,9606,11207,12808,14409,16010,17611,19212,20813,22414,24015,25616,27217,28818,30419,32020,table-of-1601,1600,/table-of-1600,1599,/table-of-1599,1598,/table-of-1598
1602,3204,4806,6408,8010,9612,11214,12816,14418,16020,17622,19224,20826,22428,24030,25632,27234,28836,30438,32040,table-of-1602,1601,/table-of-1601,1600,/table-of-1600,1599,/table-of-1599
1603,3206,4809,6412,8015,9618,11221,12824,14427,16030,17633,19236,20839,22442,24045,25648,27251,28854,30457,32060,table-of-1603,1602,/table-of-1602,1601,/table-of-1601,1600,/table-of-1600
1604,3208,4812,6416,8020,9624,11228,12832,14436,16040,17644,19248,20852,22456,24060,25664,27268,28872,30476,32080,table-of-1604,1603,/table-of-1603,1602,/table-of-1602,1601,/table-of-1601
1605,3210,4815,6420,8025,9630,11235,12840,14445,16050,17655,19260,20865,22470,24075,25680,27285,28890,30495,32100,table-of-1605,1604,/table-of-1604,1603,/table-of-1603,1602,/table-of-1602
1606,3212,4818,6424,8030,9636,11242,12848,14454,16060,17666,19272,20878,22484,24090,25696,27302,28908,30514,32120,table-of-1606,1605,/table-of-1605,1604,/table-of-1604,1603,/table-of-1603
1607,3214,4821,6428,8035,9642,11249,12856,14463,16070,17677,19284,20891,22498,24105,25712,27319,28926,30533,32140,table-of-1607,1606,/table-of-1606,1605,/table-of-1605,1604,/table-of-1604
1608,3216,4824,6432,8040,9648,11256,12864,14472,16080,17688,19296,20904,22512,24120,25728,27336,28944,30552,32160,table-of-1608,1607,/table-of-1607,1606,/table-of-1606,1605,/table-of-1605
1609,3218,4827,6436,8045,9654,11263,12872,14481,16090,17699,19308,20917,22526,24135,25744,27353,28962,30571,32180,table-of-1609,1608,/table-of-1608,1607,/table-of-1607,1606,/table-of-1606
1610,3220,4830,6440,8050,9660,11270,12880,14490,16100,17710,19320,20930,22540,24150,25760,27370,28980,30590,32200,table-of-1610,1609,/table-of-1609,1608,/table-of-1608,1607,/table-of-1607
1611,3222,4833,6444,8055,9666,11277,12888,14499,16110,17721,19332,20943,22554,24165,25776,27387,28998,30609,32220,table-of-1611,1610,/table-of-1610,1609,/table-of-1609,1608,/table-of-1608
1612,3224,4836,6448,8060,9672,11284,12896,14508,16120,17732,19344,20956,22568,24180,25792,27404,29016,30628,32240,table-of-1612,1611,/table-of-1611,1610,/table-of-1610,1609,/table-of-1609
1613,3226,4839,6452,8065,9678,11291,12904,14517,16130,17743,19356,20969,22582,24195,25808,27421,29034,30647,32260,table-of-1613,1612,/table-of-1612,1611,/table-of-1611,1610,/table-of-1610
1614,3228,4842,6456,8070,9684,11298,12912,14526,16140,17754,19368,20982,22596,24210,25824,27438,29052,30666,32280,table-of-1614,1613,/table-of-1613,1612,/table-of-1612,1611,/table-of-1611
1615,3230,4845,6460,8075,9690,11305,12920,14535,16150,17765,19380,20995,22610,24225,25840,27455,29070,30685,32300,table-of-1615,1614,/table-of-1614,1613,/table-of-1613,1612,/table-of-1612
1616,3232,4848,6464,8080,9696,11312,12928,14544,16160,17776,19392,21008,22624,24240,25856,27472,29088,30704,32320,table-of-1616,1615,/table-of-1615,1614,/table-of-1614,1613,/table-of-1613
1617,3234,4851,6468,8085,9702,11319,12936,14553,16170,17787,19404,21021,22638,24255,25872,27489,29106,30723,32340,table-of-1617,1616,/table-of-1616,1615,/table-of-1615,1614,/table-of-1614
1618,3236,4854,6472,8090,9708,11326,12944,14562,16180,17798,19416,21034,22652,24270,25888,27506,29124,30742,32360,table-of-1618,1617,/table-of-1617,1616,/table-of-1616,1615,/table-of-1615
1619,3238,4857,6476,8095,9714,11333,12952,14571,16190,17809,19428,21047,22666,24285,25904,27523,29142,30761,32380,table-of-1619,1618,/table-of-1618,1617,/table-of-1617,1616,/table-of-1616
1620,3240,4860,6480,8100,9720,11340,12960,14580,16200,17820,19440,21060,22680,24300,25920,27540,29160,30780,32400,table-of-1620,1619,/table-of-1619,1618,/table-of-1618,1617,/table-of-1617
1621,3242,4863,6484,8105,9726,11347,12968,14589,16210,17831,19452,21073,22694,24315,25936,27557,29178,30799,32420,table-of-1621,1620,/table-of-1620,1619,/table-of-1619,1618,/table-of-1618
1622,3244,4866,6488,8110,9732,11354,12976,14598,16220,17842,19464,21086,22708,24330,25952,27574,29196,30818,32440,table-of-1622,1621,/table-of-1621,1620,/table-of-1620,1619,/table-of-1619
1623,3246,4869,6492,8115,9738,11361,12984,14607,16230,17853,19476,21099,22722,24345,25968,27591,29214,30837,32460,table-of-1623,1622,/table-of-1622,1621,/table-of-1621,1620,/table-of-1620
1624,3248,4872,6496,8120,9744,11368,12992,14616,16240,17864,19488,21112,22736,24360,25984,27608,29232,30856,32480,table-of-1624,1623,/table-of-1623,1622,/table-of-1622,1621,/table-of-1621
1625,3250,4875,6500,8125,9750,11375,13000,14625,16250,17875,19500,21125,22750,24375,26000,27625,29250,30875,32500,table-of-1625,1624,/table-of-1624,1623,/table-of-1623,1622,/table-of-1622
1626,3252,4878,6504,8130,9756,11382,13008,14634,16260,17886,19512,21138,22764,24390,26016,27642,29268,30894,32520,table-of-1626,1625,/table-of-1625,1624,/table-of-1624,1623,/table-of-1623
1627,3254,4881,6508,8135,9762,11389,13016,14643,16270,17897,19524,21151,22778,24405,26032,27659,29286,30913,32540,table-of-1627,1626,/table-of-1626,1625,/table-of-1625,1624,/table-of-1624
1628,3256,4884,6512,8140,9768,11396,13024,14652,16280,17908,19536,21164,22792,24420,26048,27676,29304,30932,32560,table-of-1628,1627,/table-of-1627,1626,/table-of-1626,1625,/table-of-1625
1629,3258,4887,6516,8145,9774,11403,13032,14661,16290,17919,19548,21177,22806,24435,26064,27693,29322,30951,32580,table-of-1629,1628,/table-of-1628,1627,/table-of-1627,1626,/table-of-1626
1630,3260,4890,6520,8150,9780,11410,13040,14670,16300,17930,19560,21190,22820,24450,26080,27710,29340,30970,32600,table-of-1630,1629,/table-of-1629,1628,/table-of-1628,1627,/table-of-1627
1631,3262,4893,6524,8155,9786,11417,13048,14679,16310,17941,19572,21203,22834,24465,26096,27727,29358,30989,32620,table-of-1631,1630,/table-of-1630,1629,/table-of-1629,1628,/table-of-1628
1632,3264,4896,6528,8160,9792,11424,13056,14688,16320,17952,19584,21216,22848,24480,26112,27744,29376,31008,32640,table-of-1632,1631,/table-of-1631,1630,/table-of-1630,1629,/table-of-1629
1633,3266,4899,6532,8165,9798,11431,13064,14697,16330,17963,19596,21229,22862,24495,26128,27761,29394,31027,32660,table-of-1633,1632,/table-of-1632,1631,/table-of-1631,1630,/table-of-1630
1634,3268,4902,6536,8170,9804,11438,13072,14706,16340,17974,19608,21242,22876,24510,26144,27778,29412,31046,32680,table-of-1634,1633,/table-of-1633,1632,/table-of-1632,1631,/table-of-1631
1635,3270,4905,6540,8175,9810,11445,13080,14715,16350,17985,19620,21255,22890,24525,26160,27795,29430,31065,32700,table-of-1635,1634,/table-of-1634,1633,/table-of-1633,1632,/table-of-1632
1636,3272,4908,6544,8180,9816,11452,13088,14724,16360,17996,19632,21268,22904,24540,26176,27812,29448,31084,32720,table-of-1636,1635,/table-of-1635,1634,/table-of-1634,1633,/table-of-1633
1637,3274,4911,6548,8185,9822,11459,13096,14733,16370,18007,19644,21281,22918,24555,26192,27829,29466,31103,32740,table-of-1637,1636,/table-of-1636,1635,/table-of-1635,1634,/table-of-1634
1638,3276,4914,6552,8190,9828,11466,13104,14742,16380,18018,19656,21294,22932,24570,26208,27846,29484,31122,32760,table-of-1638,1637,/table-of-1637,1636,/table-of-1636,1635,/table-of-1635
1639,3278,4917,6556,8195,9834,11473,13112,14751,16390,18029,19668,21307,22946,24585,26224,27863,29502,31141,32780,table-of-1639,1638,/table-of-1638,1637,/table-of-1637,1636,/table-of-1636
1640,3280,4920,6560,8200,9840,11480,13120,14760,16400,18040,19680,21320,22960,24600,26240,27880,29520,31160,32800,table-of-1640,1639,/table-of-1639,1638,/table-of-1638,1637,/table-of-1637
1641,3282,4923,6564,8205,9846,11487,13128,14769,16410,18051,19692,21333,22974,24615,26256,27897,29538,31179,32820,table-of-1641,1640,/table-of-1640,1639,/table-of-1639,1638,/table-of-1638
1642,3284,4926,6568,8210,9852,11494,13136,14778,16420,18062,19704,21346,22988,24630,26272,27914,29556,31198,32840,table-of-1642,1641,/table-of-1641,1640,/table-of-1640,1639,/table-of-1639
1643,3286,4929,6572,8215,9858,11501,13144,14787,16430,18073,19716,21359,23002,24645,26288,27931,29574,31217,32860,table-of-1643,1642,/table-of-1642,1641,/table-of-1641,1640,/table-of-1640
1644,3288,4932,6576,8220,9864,11508,13152,14796,16440,18084,19728,21372,23016,24660,26304,27948,29592,31236,32880,table-of-1644,1643,/table-of-1643,1642,/table-of-1642,1641,/table-of-1641
1645,3290,4935,6580,8225,9870,11515,13160,14805,16450,18095,19740,21385,23030,24675,26320,27965,29610,31255,32900,table-of-1645,1644,/table-of-1644,1643,/table-of-1643,1642,/table-of-1642
1646,3292,4938,6584,8230,9876,11522,13168,14814,16460,18106,19752,21398,23044,24690,26336,27982,29628,31274,32920,table-of-1646,1645,/table-of-1645,1644,/table-of-1644,1643,/table-of-1643
1647,3294,4941,6588,8235,9882,11529,13176,14823,16470,18117,19764,21411,23058,24705,26352,27999,29646,31293,32940,table-of-1647,1646,/table-of-1646,1645,/table-of-1645,1644,/table-of-1644
1648,3296,4944,6592,8240,9888,11536,13184,14832,16480,18128,19776,21424,23072,24720,26368,28016,29664,31312,32960,table-of-1648,1647,/table-of-1647,1646,/table-of-1646,1645,/table-of-1645
1649,3298,4947,6596,8245,9894,11543,13192,14841,16490,18139,19788,21437,23086,24735,26384,28033,29682,31331,32980,table-of-1649,1648,/table-of-1648,1647,/table-of-1647,1646,/table-of-1646
1650,3300,4950,6600,8250,9900,11550,13200,14850,16500,18150,19800,21450,23100,24750,26400,28050,29700,31350,33000,table-of-1650,1649,/table-of-1649,1648,/table-of-1648,1647,/table-of-1647
1651,3302,4953,6604,8255,9906,11557,13208,14859,16510,18161,19812,21463,23114,24765,26416,28067,29718,31369,33020,table-of-1651,1650,/table-of-1650,1649,/table-of-1649,1648,/table-of-1648
1652,3304,4956,6608,8260,9912,11564,13216,14868,16520,18172,19824,21476,23128,24780,26432,28084,29736,31388,33040,table-of-1652,1651,/table-of-1651,1650,/table-of-1650,1649,/table-of-1649
1653,3306,4959,6612,8265,9918,11571,13224,14877,16530,18183,19836,21489,23142,24795,26448,28101,29754,31407,33060,table-of-1653,1652,/table-of-1652,1651,/table-of-1651,1650,/table-of-1650
1654,3308,4962,6616,8270,9924,11578,13232,14886,16540,18194,19848,21502,23156,24810,26464,28118,29772,31426,33080,table-of-1654,1653,/table-of-1653,1652,/table-of-1652,1651,/table-of-1651
1655,3310,4965,6620,8275,9930,11585,13240,14895,16550,18205,19860,21515,23170,24825,26480,28135,29790,31445,33100,table-of-1655,1654,/table-of-1654,1653,/table-of-1653,1652,/table-of-1652
1656,3312,4968,6624,8280,9936,11592,13248,14904,16560,18216,19872,21528,23184,24840,26496,28152,29808,31464,33120,table-of-1656,1655,/table-of-1655,1654,/table-of-1654,1653,/table-of-1653
1657,3314,4971,6628,8285,9942,11599,13256,14913,16570,18227,19884,21541,23198,24855,26512,28169,29826,31483,33140,table-of-1657,1656,/table-of-1656,1655,/table-of-1655,1654,/table-of-1654
1658,3316,4974,6632,8290,9948,11606,13264,14922,16580,18238,19896,21554,23212,24870,26528,28186,29844,31502,33160,table-of-1658,1657,/table-of-1657,1656,/table-of-1656,1655,/table-of-1655
1659,3318,4977,6636,8295,9954,11613,13272,14931,16590,18249,19908,21567,23226,24885,26544,28203,29862,31521,33180,table-of-1659,1658,/table-of-1658,1657,/table-of-1657,1656,/table-of-1656
1660,3320,4980,6640,8300,9960,11620,13280,14940,16600,18260,19920,21580,23240,24900,26560,28220,29880,31540,33200,table-of-1660,1659,/table-of-1659,1658,/table-of-1658,1657,/table-of-1657
1661,3322,4983,6644,8305,9966,11627,13288,14949,16610,18271,19932,21593,23254,24915,26576,28237,29898,31559,33220,table-of-1661,1660,/table-of-1660,1659,/table-of-1659,1658,/table-of-1658
1662,3324,4986,6648,8310,9972,11634,13296,14958,16620,18282,19944,21606,23268,24930,26592,28254,29916,31578,33240,table-of-1662,1661,/table-of-1661,1660,/table-of-1660,1659,/table-of-1659
1663,3326,4989,6652,8315,9978,11641,13304,14967,16630,18293,19956,21619,23282,24945,26608,28271,29934,31597,33260,table-of-1663,1662,/table-of-1662,1661,/table-of-1661,1660,/table-of-1660
1664,3328,4992,6656,8320,9984,11648,13312,14976,16640,18304,19968,21632,23296,24960,26624,28288,29952,31616,33280,table-of-1664,1663,/table-of-1663,1662,/table-of-1662,1661,/table-of-1661
1665,3330,4995,6660,8325,9990,11655,13320,14985,16650,18315,19980,21645,23310,24975,26640,28305,29970,31635,33300,table-of-1665,1664,/table-of-1664,1663,/table-of-1663,1662,/table-of-1662
1666,3332,4998,6664,8330,9996,11662,13328,14994,16660,18326,19992,21658,23324,24990,26656,28322,29988,31654,33320,table-of-1666,1665,/table-of-1665,1664,/table-of-1664,1663,/table-of-1663
1667,3334,5001,6668,8335,10002,11669,13336,15003,16670,18337,20004,21671,23338,25005,26672,28339,30006,31673,33340,table-of-1667,1666,/table-of-1666,1665,/table-of-1665,1664,/table-of-1664
1668,3336,5004,6672,8340,10008,11676,13344,15012,16680,18348,20016,21684,23352,25020,26688,28356,30024,31692,33360,table-of-1668,1667,/table-of-1667,1666,/table-of-1666,1665,/table-of-1665
1669,3338,5007,6676,8345,10014,11683,13352,15021,16690,18359,20028,21697,23366,25035,26704,28373,30042,31711,33380,table-of-1669,1668,/table-of-1668,1667,/table-of-1667,1666,/table-of-1666
1670,3340,5010,6680,8350,10020,11690,13360,15030,16700,18370,20040,21710,23380,25050,26720,28390,30060,31730,33400,table-of-1670,1669,/table-of-1669,1668,/table-of-1668,1667,/table-of-1667
1671,3342,5013,6684,8355,10026,11697,13368,15039,16710,18381,20052,21723,23394,25065,26736,28407,30078,31749,33420,table-of-1671,1670,/table-of-1670,1669,/table-of-1669,1668,/table-of-1668
1672,3344,5016,6688,8360,10032,11704,13376,15048,16720,18392,20064,21736,23408,25080,26752,28424,30096,31768,33440,table-of-1672,1671,/table-of-1671,1670,/table-of-1670,1669,/table-of-1669
1673,3346,5019,6692,8365,10038,11711,13384,15057,16730,18403,20076,21749,23422,25095,26768,28441,30114,31787,33460,table-of-1673,1672,/table-of-1672,1671,/table-of-1671,1670,/table-of-1670
1674,3348,5022,6696,8370,10044,11718,13392,15066,16740,18414,20088,21762,23436,25110,26784,28458,30132,31806,33480,table-of-1674,1673,/table-of-1673,1672,/table-of-1672,1671,/table-of-1671
1675,3350,5025,6700,8375,10050,11725,13400,15075,16750,18425,20100,21775,23450,25125,26800,28475,30150,31825,33500,table-of-1675,1674,/table-of-1674,1673,/table-of-1673,1672,/table-of-1672
1676,3352,5028,6704,8380,10056,11732,13408,15084,16760,18436,20112,21788,23464,25140,26816,28492,30168,31844,33520,table-of-1676,1675,/table-of-1675,1674,/table-of-1674,1673,/table-of-1673
1677,3354,5031,6708,8385,10062,11739,13416,15093,16770,18447,20124,21801,23478,25155,26832,28509,30186,31863,33540,table-of-1677,1676,/table-of-1676,1675,/table-of-1675,1674,/table-of-1674
1678,3356,5034,6712,8390,10068,11746,13424,15102,16780,18458,20136,21814,23492,25170,26848,28526,30204,31882,33560,table-of-1678,1677,/table-of-1677,1676,/table-of-1676,1675,/table-of-1675
1679,3358,5037,6716,8395,10074,11753,13432,15111,16790,18469,20148,21827,23506,25185,26864,28543,30222,31901,33580,table-of-1679,1678,/table-of-1678,1677,/table-of-1677,1676,/table-of-1676
1680,3360,5040,6720,8400,10080,11760,13440,15120,16800,18480,20160,21840,23520,25200,26880,28560,30240,31920,33600,table-of-1680,1679,/table-of-1679,1678,/table-of-1678,1677,/table-of-1677
1681,3362,5043,6724,8405,10086,11767,13448,15129,16810,18491,20172,21853,23534,25215,26896,28577,30258,31939,33620,table-of-1681,1680,/table-of-1680,1679,/table-of-1679,1678,/table-of-1678
1682,3364,5046,6728,8410,10092,11774,13456,15138,16820,18502,20184,21866,23548,25230,26912,28594,30276,31958,33640,table-of-1682,1681,/table-of-1681,1680,/table-of-1680,1679,/table-of-1679
1683,3366,5049,6732,8415,10098,11781,13464,15147,16830,18513,20196,21879,23562,25245,26928,28611,30294,31977,33660,table-of-1683,1682,/table-of-1682,1681,/table-of-1681,1680,/table-of-1680
1684,3368,5052,6736,8420,10104,11788,13472,15156,16840,18524,20208,21892,23576,25260,26944,28628,30312,31996,33680,table-of-1684,1683,/table-of-1683,1682,/table-of-1682,1681,/table-of-1681
1685,3370,5055,6740,8425,10110,11795,13480,15165,16850,18535,20220,21905,23590,25275,26960,28645,30330,32015,33700,table-of-1685,1684,/table-of-1684,1683,/table-of-1683,1682,/table-of-1682
1686,3372,5058,6744,8430,10116,11802,13488,15174,16860,18546,20232,21918,23604,25290,26976,28662,30348,32034,33720,table-of-1686,1685,/table-of-1685,1684,/table-of-1684,1683,/table-of-1683
1687,3374,5061,6748,8435,10122,11809,13496,15183,16870,18557,20244,21931,23618,25305,26992,28679,30366,32053,33740,table-of-1687,1686,/table-of-1686,1685,/table-of-1685,1684,/table-of-1684
1688,3376,5064,6752,8440,10128,11816,13504,15192,16880,18568,20256,21944,23632,25320,27008,28696,30384,32072,33760,table-of-1688,1687,/table-of-1687,1686,/table-of-1686,1685,/table-of-1685
1689,3378,5067,6756,8445,10134,11823,13512,15201,16890,18579,20268,21957,23646,25335,27024,28713,30402,32091,33780,table-of-1689,1688,/table-of-1688,1687,/table-of-1687,1686,/table-of-1686
1690,3380,5070,6760,8450,10140,11830,13520,15210,16900,18590,20280,21970,23660,25350,27040,28730,30420,32110,33800,table-of-1690,1689,/table-of-1689,1688,/table-of-1688,1687,/table-of-1687
1691,3382,5073,6764,8455,10146,11837,13528,15219,16910,18601,20292,21983,23674,25365,27056,28747,30438,32129,33820,table-of-1691,1690,/table-of-1690,1689,/table-of-1689,1688,/table-of-1688
1692,3384,5076,6768,8460,10152,11844,13536,15228,16920,18612,20304,21996,23688,25380,27072,28764,30456,32148,33840,table-of-1692,1691,/table-of-1691,1690,/table-of-1690,1689,/table-of-1689
1693,3386,5079,6772,8465,10158,11851,13544,15237,16930,18623,20316,22009,23702,25395,27088,28781,30474,32167,33860,table-of-1693,1692,/table-of-1692,1691,/table-of-1691,1690,/table-of-1690
1694,3388,5082,6776,8470,10164,11858,13552,15246,16940,18634,20328,22022,23716,25410,27104,28798,30492,32186,33880,table-of-1694,1693,/table-of-1693,1692,/table-of-1692,1691,/table-of-1691
1695,3390,5085,6780,8475,10170,11865,13560,15255,16950,18645,20340,22035,23730,25425,27120,28815,30510,32205,33900,table-of-1695,1694,/table-of-1694,1693,/table-of-1693,1692,/table-of-1692
1696,3392,5088,6784,8480,10176,11872,13568,15264,16960,18656,20352,22048,23744,25440,27136,28832,30528,32224,33920,table-of-1696,1695,/table-of-1695,1694,/table-of-1694,1693,/table-of-1693
1697,3394,5091,6788,8485,10182,11879,13576,15273,16970,18667,20364,22061,23758,25455,27152,28849,30546,32243,33940,table-of-1697,1696,/table-of-1696,1695,/table-of-1695,1694,/table-of-1694
1698,3396,5094,6792,8490,10188,11886,13584,15282,16980,18678,20376,22074,23772,25470,27168,28866,30564,32262,33960,table-of-1698,1697,/table-of-1697,1696,/table-of-1696,1695,/table-of-1695
1699,3398,5097,6796,8495,10194,11893,13592,15291,16990,18689,20388,22087,23786,25485,27184,28883,30582,32281,33980,table-of-1699,1698,/table-of-1698,1697,/table-of-1697,1696,/table-of-1696
1700,3400,5100,6800,8500,10200,11900,13600,15300,17000,18700,20400,22100,23800,25500,27200,28900,30600,32300,34000,table-of-1700,1699,/table-of-1699,1698,/table-of-1698,1697,/table-of-1697
1701,3402,5103,6804,8505,10206,11907,13608,15309,17010,18711,20412,22113,23814,25515,27216,28917,30618,32319,34020,table-of-1701,1700,/table-of-1700,1699,/table-of-1699,1698,/table-of-1698
1702,3404,5106,6808,8510,10212,11914,13616,15318,17020,18722,20424,22126,23828,25530,27232,28934,30636,32338,34040,table-of-1702,1701,/table-of-1701,1700,/table-of-1700,1699,/table-of-1699
1703,3406,5109,6812,8515,10218,11921,13624,15327,17030,18733,20436,22139,23842,25545,27248,28951,30654,32357,34060,table-of-1703,1702,/table-of-1702,1701,/table-of-1701,1700,/table-of-1700
1704,3408,5112,6816,8520,10224,11928,13632,15336,17040,18744,20448,22152,23856,25560,27264,28968,30672,32376,34080,table-of-1704,1703,/table-of-1703,1702,/table-of-1702,1701,/table-of-1701
1705,3410,5115,6820,8525,10230,11935,13640,15345,17050,18755,20460,22165,23870,25575,27280,28985,30690,32395,34100,table-of-1705,1704,/table-of-1704,1703,/table-of-1703,1702,/table-of-1702
1706,3412,5118,6824,8530,10236,11942,13648,15354,17060,18766,20472,22178,23884,25590,27296,29002,30708,32414,34120,table-of-1706,1705,/table-of-1705,1704,/table-of-1704,1703,/table-of-1703
1707,3414,5121,6828,8535,10242,11949,13656,15363,17070,18777,20484,22191,23898,25605,27312,29019,30726,32433,34140,table-of-1707,1706,/table-of-1706,1705,/table-of-1705,1704,/table-of-1704
1708,3416,5124,6832,8540,10248,11956,13664,15372,17080,18788,20496,22204,23912,25620,27328,29036,30744,32452,34160,table-of-1708,1707,/table-of-1707,1706,/table-of-1706,1705,/table-of-1705
1709,3418,5127,6836,8545,10254,11963,13672,15381,17090,18799,20508,22217,23926,25635,27344,29053,30762,32471,34180,table-of-1709,1708,/table-of-1708,1707,/table-of-1707,1706,/table-of-1706
1710,3420,5130,6840,8550,10260,11970,13680,15390,17100,18810,20520,22230,23940,25650,27360,29070,30780,32490,34200,table-of-1710,1709,/table-of-1709,1708,/table-of-1708,1707,/table-of-1707
1711,3422,5133,6844,8555,10266,11977,13688,15399,17110,18821,20532,22243,23954,25665,27376,29087,30798,32509,34220,table-of-1711,1710,/table-of-1710,1709,/table-of-1709,1708,/table-of-1708
1712,3424,5136,6848,8560,10272,11984,13696,15408,17120,18832,20544,22256,23968,25680,27392,29104,30816,32528,34240,table-of-1712,1711,/table-of-1711,1710,/table-of-1710,1709,/table-of-1709
1713,3426,5139,6852,8565,10278,11991,13704,15417,17130,18843,20556,22269,23982,25695,27408,29121,30834,32547,34260,table-of-1713,1712,/table-of-1712,1711,/table-of-1711,1710,/table-of-1710
1714,3428,5142,6856,8570,10284,11998,13712,15426,17140,18854,20568,22282,23996,25710,27424,29138,30852,32566,34280,table-of-1714,1713,/table-of-1713,1712,/table-of-1712,1711,/table-of-1711
1715,3430,5145,6860,8575,10290,12005,13720,15435,17150,18865,20580,22295,24010,25725,27440,29155,30870,32585,34300,table-of-1715,1714,/table-of-1714,1713,/table-of-1713,1712,/table-of-1712
1716,3432,5148,6864,8580,10296,12012,13728,15444,17160,18876,20592,22308,24024,25740,27456,29172,30888,32604,34320,table-of-1716,1715,/table-of-1715,1714,/table-of-1714,1713,/table-of-1713
1717,3434,5151,6868,8585,10302,12019,13736,15453,17170,18887,20604,22321,24038,25755,27472,29189,30906,32623,34340,table-of-1717,1716,/table-of-1716,1715,/table-of-1715,1714,/table-of-1714
1718,3436,5154,6872,8590,10308,12026,13744,15462,17180,18898,20616,22334,24052,25770,27488,29206,30924,32642,34360,table-of-1718,1717,/table-of-1717,1716,/table-of-1716,1715,/table-of-1715
1719,3438,5157,6876,8595,10314,12033,13752,15471,17190,18909,20628,22347,24066,25785,27504,29223,30942,32661,34380,table-of-1719,1718,/table-of-1718,1717,/table-of-1717,1716,/table-of-1716
1720,3440,5160,6880,8600,10320,12040,13760,15480,17200,18920,20640,22360,24080,25800,27520,29240,30960,32680,34400,table-of-1720,1719,/table-of-1719,1718,/table-of-1718,1717,/table-of-1717
1721,3442,5163,6884,8605,10326,12047,13768,15489,17210,18931,20652,22373,24094,25815,27536,29257,30978,32699,34420,table-of-1721,1720,/table-of-1720,1719,/table-of-1719,1718,/table-of-1718
1722,3444,5166,6888,8610,10332,12054,13776,15498,17220,18942,20664,22386,24108,25830,27552,29274,30996,32718,34440,table-of-1722,1721,/table-of-1721,1720,/table-of-1720,1719,/table-of-1719
1723,3446,5169,6892,8615,10338,12061,13784,15507,17230,18953,20676,22399,24122,25845,27568,29291,31014,32737,34460,table-of-1723,1722,/table-of-1722,1721,/table-of-1721,1720,/table-of-1720
1724,3448,5172,6896,8620,10344,12068,13792,15516,17240,18964,20688,22412,24136,25860,27584,29308,31032,32756,34480,table-of-1724,1723,/table-of-1723,1722,/table-of-1722,1721,/table-of-1721
1725,3450,5175,6900,8625,10350,12075,13800,15525,17250,18975,20700,22425,24150,25875,27600,29325,31050,32775,34500,table-of-1725,1724,/table-of-1724,1723,/table-of-1723,1722,/table-of-1722
1726,3452,5178,6904,8630,10356,12082,13808,15534,17260,18986,20712,22438,24164,25890,27616,29342,31068,32794,34520,table-of-1726,1725,/table-of-1725,1724,/table-of-1724,1723,/table-of-1723
1727,3454,5181,6908,8635,10362,12089,13816,15543,17270,18997,20724,22451,24178,25905,27632,29359,31086,32813,34540,table-of-1727,1726,/table-of-1726,1725,/table-of-1725,1724,/table-of-1724
1728,3456,5184,6912,8640,10368,12096,13824,15552,17280,19008,20736,22464,24192,25920,27648,29376,31104,32832,34560,table-of-1728,1727,/table-of-1727,1726,/table-of-1726,1725,/table-of-1725
1729,3458,5187,6916,8645,10374,12103,13832,15561,17290,19019,20748,22477,24206,25935,27664,29393,31122,32851,34580,table-of-1729,1728,/table-of-1728,1727,/table-of-1727,1726,/table-of-1726
1730,3460,5190,6920,8650,10380,12110,13840,15570,17300,19030,20760,22490,24220,25950,27680,29410,31140,32870,34600,table-of-1730,1729,/table-of-1729,1728,/table-of-1728,1727,/table-of-1727
1731,3462,5193,6924,8655,10386,12117,13848,15579,17310,19041,20772,22503,24234,25965,27696,29427,31158,32889,34620,table-of-1731,1730,/table-of-1730,1729,/table-of-1729,1728,/table-of-1728
1732,3464,5196,6928,8660,10392,12124,13856,15588,17320,19052,20784,22516,24248,25980,27712,29444,31176,32908,34640,table-of-1732,1731,/table-of-1731,1730,/table-of-1730,1729,/table-of-1729
1733,3466,5199,6932,8665,10398,12131,13864,15597,17330,19063,20796,22529,24262,25995,27728,29461,31194,32927,34660,table-of-1733,1732,/table-of-1732,1731,/table-of-1731,1730,/table-of-1730
1734,3468,5202,6936,8670,10404,12138,13872,15606,17340,19074,20808,22542,24276,26010,27744,29478,31212,32946,34680,table-of-1734,1733,/table-of-1733,1732,/table-of-1732,1731,/table-of-1731
1735,3470,5205,6940,8675,10410,12145,13880,15615,17350,19085,20820,22555,24290,26025,27760,29495,31230,32965,34700,table-of-1735,1734,/table-of-1734,1733,/table-of-1733,1732,/table-of-1732
1736,3472,5208,6944,8680,10416,12152,13888,15624,17360,19096,20832,22568,24304,26040,27776,29512,31248,32984,34720,table-of-1736,1735,/table-of-1735,1734,/table-of-1734,1733,/table-of-1733
1737,3474,5211,6948,8685,10422,12159,13896,15633,17370,19107,20844,22581,24318,26055,27792,29529,31266,33003,34740,table-of-1737,1736,/table-of-1736,1735,/table-of-1735,1734,/table-of-1734
1738,3476,5214,6952,8690,10428,12166,13904,15642,17380,19118,20856,22594,24332,26070,27808,29546,31284,33022,34760,table-of-1738,1737,/table-of-1737,1736,/table-of-1736,1735,/table-of-1735
1739,3478,5217,6956,8695,10434,12173,13912,15651,17390,19129,20868,22607,24346,26085,27824,29563,31302,33041,34780,table-of-1739,1738,/table-of-1738,1737,/table-of-1737,1736,/table-of-1736
1740,3480,5220,6960,8700,10440,12180,13920,15660,17400,19140,20880,22620,24360,26100,27840,29580,31320,33060,34800,table-of-1740,1739,/table-of-1739,1738,/table-of-1738,1737,/table-of-1737
1741,3482,5223,6964,8705,10446,12187,13928,15669,17410,19151,20892,22633,24374,26115,27856,29597,31338,33079,34820,table-of-1741,1740,/table-of-1740,1739,/table-of-1739,1738,/table-of-1738
1742,3484,5226,6968,8710,10452,12194,13936,15678,17420,19162,20904,22646,24388,26130,27872,29614,31356,33098,34840,table-of-1742,1741,/table-of-1741,1740,/table-of-1740,1739,/table-of-1739
1743,3486,5229,6972,8715,10458,12201,13944,15687,17430,19173,20916,22659,24402,26145,27888,29631,31374,33117,34860,table-of-1743,1742,/table-of-1742,1741,/table-of-1741,1740,/table-of-1740
1744,3488,5232,6976,8720,10464,12208,13952,15696,17440,19184,20928,22672,24416,26160,27904,29648,31392,33136,34880,table-of-1744,1743,/table-of-1743,1742,/table-of-1742,1741,/table-of-1741
1745,3490,5235,6980,8725,10470,12215,13960,15705,17450,19195,20940,22685,24430,26175,27920,29665,31410,33155,34900,table-of-1745,1744,/table-of-1744,1743,/table-of-1743,1742,/table-of-1742
1746,3492,5238,6984,8730,10476,12222,13968,15714,17460,19206,20952,22698,24444,26190,27936,29682,31428,33174,34920,table-of-1746,1745,/table-of-1745,1744,/table-of-1744,1743,/table-of-1743
1747,3494,5241,6988,8735,10482,12229,13976,15723,17470,19217,20964,22711,24458,26205,27952,29699,31446,33193,34940,table-of-1747,1746,/table-of-1746,1745,/table-of-1745,1744,/table-of-1744
1748,3496,5244,6992,8740,10488,12236,13984,15732,17480,19228,20976,22724,24472,26220,27968,29716,31464,33212,34960,table-of-1748,1747,/table-of-1747,1746,/table-of-1746,1745,/table-of-1745
1749,3498,5247,6996,8745,10494,12243,13992,15741,17490,19239,20988,22737,24486,26235,27984,29733,31482,33231,34980,table-of-1749,1748,/table-of-1748,1747,/table-of-1747,1746,/table-of-1746
1750,3500,5250,7000,8750,10500,12250,14000,15750,17500,19250,21000,22750,24500,26250,28000,29750,31500,33250,35000,table-of-1750,1749,/table-of-1749,1748,/table-of-1748,1747,/table-of-1747
1751,3502,5253,7004,8755,10506,12257,14008,15759,17510,19261,21012,22763,24514,26265,28016,29767,31518,33269,35020,table-of-1751,1750,/table-of-1750,1749,/table-of-1749,1748,/table-of-1748
1752,3504,5256,7008,8760,10512,12264,14016,15768,17520,19272,21024,22776,24528,26280,28032,29784,31536,33288,35040,table-of-1752,1751,/table-of-1751,1750,/table-of-1750,1749,/table-of-1749
1753,3506,5259,7012,8765,10518,12271,14024,15777,17530,19283,21036,22789,24542,26295,28048,29801,31554,33307,35060,table-of-1753,1752,/table-of-1752,1751,/table-of-1751,1750,/table-of-1750
1754,3508,5262,7016,8770,10524,12278,14032,15786,17540,19294,21048,22802,24556,26310,28064,29818,31572,33326,35080,table-of-1754,1753,/table-of-1753,1752,/table-of-1752,1751,/table-of-1751
1755,3510,5265,7020,8775,10530,12285,14040,15795,17550,19305,21060,22815,24570,26325,28080,29835,31590,33345,35100,table-of-1755,1754,/table-of-1754,1753,/table-of-1753,1752,/table-of-1752
1756,3512,5268,7024,8780,10536,12292,14048,15804,17560,19316,21072,22828,24584,26340,28096,29852,31608,33364,35120,table-of-1756,1755,/table-of-1755,1754,/table-of-1754,1753,/table-of-1753
1757,3514,5271,7028,8785,10542,12299,14056,15813,17570,19327,21084,22841,24598,26355,28112,29869,31626,33383,35140,table-of-1757,1756,/table-of-1756,1755,/table-of-1755,1754,/table-of-1754
1758,3516,5274,7032,8790,10548,12306,14064,15822,17580,19338,21096,22854,24612,26370,28128,29886,31644,33402,35160,table-of-1758,1757,/table-of-1757,1756,/table-of-1756,1755,/table-of-1755
1759,3518,5277,7036,8795,10554,12313,14072,15831,17590,19349,21108,22867,24626,26385,28144,29903,31662,33421,35180,table-of-1759,1758,/table-of-1758,1757,/table-of-1757,1756,/table-of-1756
1760,3520,5280,7040,8800,10560,12320,14080,15840,17600,19360,21120,22880,24640,26400,28160,29920,31680,33440,35200,table-of-1760,1759,/table-of-1759,1758,/table-of-1758,1757,/table-of-1757
1761,3522,5283,7044,8805,10566,12327,14088,15849,17610,19371,21132,22893,24654,26415,28176,29937,31698,33459,35220,table-of-1761,1760,/table-of-1760,1759,/table-of-1759,1758,/table-of-1758
1762,3524,5286,7048,8810,10572,12334,14096,15858,17620,19382,21144,22906,24668,26430,28192,29954,31716,33478,35240,table-of-1762,1761,/table-of-1761,1760,/table-of-1760,1759,/table-of-1759
1763,3526,5289,7052,8815,10578,12341,14104,15867,17630,19393,21156,22919,24682,26445,28208,29971,31734,33497,35260,table-of-1763,1762,/table-of-1762,1761,/table-of-1761,1760,/table-of-1760
1764,3528,5292,7056,8820,10584,12348,14112,15876,17640,19404,21168,22932,24696,26460,28224,29988,31752,33516,35280,table-of-1764,1763,/table-of-1763,1762,/table-of-1762,1761,/table-of-1761
1765,3530,5295,7060,8825,10590,12355,14120,15885,17650,19415,21180,22945,24710,26475,28240,30005,31770,33535,35300,table-of-1765,1764,/table-of-1764,1763,/table-of-1763,1762,/table-of-1762
1766,3532,5298,7064,8830,10596,12362,14128,15894,17660,19426,21192,22958,24724,26490,28256,30022,31788,33554,35320,table-of-1766,1765,/table-of-1765,1764,/table-of-1764,1763,/table-of-1763
1767,3534,5301,7068,8835,10602,12369,14136,15903,17670,19437,21204,22971,24738,26505,28272,30039,31806,33573,35340,table-of-1767,1766,/table-of-1766,1765,/table-of-1765,1764,/table-of-1764
1768,3536,5304,7072,8840,10608,12376,14144,15912,17680,19448,21216,22984,24752,26520,28288,30056,31824,33592,35360,table-of-1768,1767,/table-of-1767,1766,/table-of-1766,1765,/table-of-1765
1769,3538,5307,7076,8845,10614,12383,14152,15921,17690,19459,21228,22997,24766,26535,28304,30073,31842,33611,35380,table-of-1769,1768,/table-of-1768,1767,/table-of-1767,1766,/table-of-1766
1770,3540,5310,7080,8850,10620,12390,14160,15930,17700,19470,21240,23010,24780,26550,28320,30090,31860,33630,35400,table-of-1770,1769,/table-of-1769,1768,/table-of-1768,1767,/table-of-1767
1771,3542,5313,7084,8855,10626,12397,14168,15939,17710,19481,21252,23023,24794,26565,28336,30107,31878,33649,35420,table-of-1771,1770,/table-of-1770,1769,/table-of-1769,1768,/table-of-1768
1772,3544,5316,7088,8860,10632,12404,14176,15948,17720,19492,21264,23036,24808,26580,28352,30124,31896,33668,35440,table-of-1772,1771,/table-of-1771,1770,/table-of-1770,1769,/table-of-1769
1773,3546,5319,7092,8865,10638,12411,14184,15957,17730,19503,21276,23049,24822,26595,28368,30141,31914,33687,35460,table-of-1773,1772,/table-of-1772,1771,/table-of-1771,1770,/table-of-1770
1774,3548,5322,7096,8870,10644,12418,14192,15966,17740,19514,21288,23062,24836,26610,28384,30158,31932,33706,35480,table-of-1774,1773,/table-of-1773,1772,/table-of-1772,1771,/table-of-1771
1775,3550,5325,7100,8875,10650,12425,14200,15975,17750,19525,21300,23075,24850,26625,28400,30175,31950,33725,35500,table-of-1775,1774,/table-of-1774,1773,/table-of-1773,1772,/table-of-1772
1776,3552,5328,7104,8880,10656,12432,14208,15984,17760,19536,21312,23088,24864,26640,28416,30192,31968,33744,35520,table-of-1776,1775,/table-of-1775,1774,/table-of-1774,1773,/table-of-1773
1777,3554,5331,7108,8885,10662,12439,14216,15993,17770,19547,21324,23101,24878,26655,28432,30209,31986,33763,35540,table-of-1777,1776,/table-of-1776,1775,/table-of-1775,1774,/table-of-1774
1778,3556,5334,7112,8890,10668,12446,14224,16002,17780,19558,21336,23114,24892,26670,28448,30226,32004,33782,35560,table-of-1778,1777,/table-of-1777,1776,/table-of-1776,1775,/table-of-1775
1779,3558,5337,7116,8895,10674,12453,14232,16011,17790,19569,21348,23127,24906,26685,28464,30243,32022,33801,35580,table-of-1779,1778,/table-of-1778,1777,/table-of-1777,1776,/table-of-1776
1780,3560,5340,7120,8900,10680,12460,14240,16020,17800,19580,21360,23140,24920,26700,28480,30260,32040,33820,35600,table-of-1780,1779,/table-of-1779,1778,/table-of-1778,1777,/table-of-1777
1781,3562,5343,7124,8905,10686,12467,14248,16029,17810,19591,21372,23153,24934,26715,28496,30277,32058,33839,35620,table-of-1781,1780,/table-of-1780,1779,/table-of-1779,1778,/table-of-1778
1782,3564,5346,7128,8910,10692,12474,14256,16038,17820,19602,21384,23166,24948,26730,28512,30294,32076,33858,35640,table-of-1782,1781,/table-of-1781,1780,/table-of-1780,1779,/table-of-1779
1783,3566,5349,7132,8915,10698,12481,14264,16047,17830,19613,21396,23179,24962,26745,28528,30311,32094,33877,35660,table-of-1783,1782,/table-of-1782,1781,/table-of-1781,1780,/table-of-1780
1784,3568,5352,7136,8920,10704,12488,14272,16056,17840,19624,21408,23192,24976,26760,28544,30328,32112,33896,35680,table-of-1784,1783,/table-of-1783,1782,/table-of-1782,1781,/table-of-1781
1785,3570,5355,7140,8925,10710,12495,14280,16065,17850,19635,21420,23205,24990,26775,28560,30345,32130,33915,35700,table-of-1785,1784,/table-of-1784,1783,/table-of-1783,1782,/table-of-1782
1786,3572,5358,7144,8930,10716,12502,14288,16074,17860,19646,21432,23218,25004,26790,28576,30362,32148,33934,35720,table-of-1786,1785,/table-of-1785,1784,/table-of-1784,1783,/table-of-1783
1787,3574,5361,7148,8935,10722,12509,14296,16083,17870,19657,21444,23231,25018,26805,28592,30379,32166,33953,35740,table-of-1787,1786,/table-of-1786,1785,/table-of-1785,1784,/table-of-1784
1788,3576,5364,7152,8940,10728,12516,14304,16092,17880,19668,21456,23244,25032,26820,28608,30396,32184,33972,35760,table-of-1788,1787,/table-of-1787,1786,/table-of-1786,1785,/table-of-1785
1789,3578,5367,7156,8945,10734,12523,14312,16101,17890,19679,21468,23257,25046,26835,28624,30413,32202,33991,35780,table-of-1789,1788,/table-of-1788,1787,/table-of-1787,1786,/table-of-1786
1790,3580,5370,7160,8950,10740,12530,14320,16110,17900,19690,21480,23270,25060,26850,28640,30430,32220,34010,35800,table-of-1790,1789,/table-of-1789,1788,/table-of-1788,1787,/table-of-1787
1791,3582,5373,7164,8955,10746,12537,14328,16119,17910,19701,21492,23283,25074,26865,28656,30447,32238,34029,35820,table-of-1791,1790,/table-of-1790,1789,/table-of-1789,1788,/table-of-1788
1792,3584,5376,7168,8960,10752,12544,14336,16128,17920,19712,21504,23296,25088,26880,28672,30464,32256,34048,35840,table-of-1792,1791,/table-of-1791,1790,/table-of-1790,1789,/table-of-1789
1793,3586,5379,7172,8965,10758,12551,14344,16137,17930,19723,21516,23309,25102,26895,28688,30481,32274,34067,35860,table-of-1793,1792,/table-of-1792,1791,/table-of-1791,1790,/table-of-1790
1794,3588,5382,7176,8970,10764,12558,14352,16146,17940,19734,21528,23322,25116,26910,28704,30498,32292,34086,35880,table-of-1794,1793,/table-of-1793,1792,/table-of-1792,1791,/table-of-1791
1795,3590,5385,7180,8975,10770,12565,14360,16155,17950,19745,21540,23335,25130,26925,28720,30515,32310,34105,35900,table-of-1795,1794,/table-of-1794,1793,/table-of-1793,1792,/table-of-1792
1796,3592,5388,7184,8980,10776,12572,14368,16164,17960,19756,21552,23348,25144,26940,28736,30532,32328,34124,35920,table-of-1796,1795,/table-of-1795,1794,/table-of-1794,1793,/table-of-1793
1797,3594,5391,7188,8985,10782,12579,14376,16173,17970,19767,21564,23361,25158,26955,28752,30549,32346,34143,35940,table-of-1797,1796,/table-of-1796,1795,/table-of-1795,1794,/table-of-1794
1798,3596,5394,7192,8990,10788,12586,14384,16182,17980,19778,21576,23374,25172,26970,28768,30566,32364,34162,35960,table-of-1798,1797,/table-of-1797,1796,/table-of-1796,1795,/table-of-1795
1799,3598,5397,7196,8995,10794,12593,14392,16191,17990,19789,21588,23387,25186,26985,28784,30583,32382,34181,35980,table-of-1799,1798,/table-of-1798,1797,/table-of-1797,1796,/table-of-1796
1800,3600,5400,7200,9000,10800,12600,14400,16200,18000,19800,21600,23400,25200,27000,28800,30600,32400,34200,36000,table-of-1800,1799,/table-of-1799,1798,/table-of-1798,1797,/table-of-1797
1801,3602,5403,7204,9005,10806,12607,14408,16209,18010,19811,21612,23413,25214,27015,28816,30617,32418,34219,36020,table-of-1801,1800,/table-of-1800,1799,/table-of-1799,1798,/table-of-1798
1802,3604,5406,7208,9010,10812,12614,14416,16218,18020,19822,21624,23426,25228,27030,28832,30634,32436,34238,36040,table-of-1802,1801,/table-of-1801,1800,/table-of-1800,1799,/table-of-1799
1803,3606,5409,7212,9015,10818,12621,14424,16227,18030,19833,21636,23439,25242,27045,28848,30651,32454,34257,36060,table-of-1803,1802,/table-of-1802,1801,/table-of-1801,1800,/table-of-1800
1804,3608,5412,7216,9020,10824,12628,14432,16236,18040,19844,21648,23452,25256,27060,28864,30668,32472,34276,36080,table-of-1804,1803,/table-of-1803,1802,/table-of-1802,1801,/table-of-1801
1805,3610,5415,7220,9025,10830,12635,14440,16245,18050,19855,21660,23465,25270,27075,28880,30685,32490,34295,36100,table-of-1805,1804,/table-of-1804,1803,/table-of-1803,1802,/table-of-1802
1806,3612,5418,7224,9030,10836,12642,14448,16254,18060,19866,21672,23478,25284,27090,28896,30702,32508,34314,36120,table-of-1806,1805,/table-of-1805,1804,/table-of-1804,1803,/table-of-1803
1807,3614,5421,7228,9035,10842,12649,14456,16263,18070,19877,21684,23491,25298,27105,28912,30719,32526,34333,36140,table-of-1807,1806,/table-of-1806,1805,/table-of-1805,1804,/table-of-1804
1808,3616,5424,7232,9040,10848,12656,14464,16272,18080,19888,21696,23504,25312,27120,28928,30736,32544,34352,36160,table-of-1808,1807,/table-of-1807,1806,/table-of-1806,1805,/table-of-1805
1809,3618,5427,7236,9045,10854,12663,14472,16281,18090,19899,21708,23517,25326,27135,28944,30753,32562,34371,36180,table-of-1809,1808,/table-of-1808,1807,/table-of-1807,1806,/table-of-1806
1810,3620,5430,7240,9050,10860,12670,14480,16290,18100,19910,21720,23530,25340,27150,28960,30770,32580,34390,36200,table-of-1810,1809,/table-of-1809,1808,/table-of-1808,1807,/table-of-1807
1811,3622,5433,7244,9055,10866,12677,14488,16299,18110,19921,21732,23543,25354,27165,28976,30787,32598,34409,36220,table-of-1811,1810,/table-of-1810,1809,/table-of-1809,1808,/table-of-1808
1812,3624,5436,7248,9060,10872,12684,14496,16308,18120,19932,21744,23556,25368,27180,28992,30804,32616,34428,36240,table-of-1812,1811,/table-of-1811,1810,/table-of-1810,1809,/table-of-1809
1813,3626,5439,7252,9065,10878,12691,14504,16317,18130,19943,21756,23569,25382,27195,29008,30821,32634,34447,36260,table-of-1813,1812,/table-of-1812,1811,/table-of-1811,1810,/table-of-1810
1814,3628,5442,7256,9070,10884,12698,14512,16326,18140,19954,21768,23582,25396,27210,29024,30838,32652,34466,36280,table-of-1814,1813,/table-of-1813,1812,/table-of-1812,1811,/table-of-1811
1815,3630,5445,7260,9075,10890,12705,14520,16335,18150,19965,21780,23595,25410,27225,29040,30855,32670,34485,36300,table-of-1815,1814,/table-of-1814,1813,/table-of-1813,1812,/table-of-1812
1816,3632,5448,7264,9080,10896,12712,14528,16344,18160,19976,21792,23608,25424,27240,29056,30872,32688,34504,36320,table-of-1816,1815,/table-of-1815,1814,/table-of-1814,1813,/table-of-1813
1817,3634,5451,7268,9085,10902,12719,14536,16353,18170,19987,21804,23621,25438,27255,29072,30889,32706,34523,36340,table-of-1817,1816,/table-of-1816,1815,/table-of-1815,1814,/table-of-1814
1818,3636,5454,7272,9090,10908,12726,14544,16362,18180,19998,21816,23634,25452,27270,29088,30906,32724,34542,36360,table-of-1818,1817,/table-of-1817,1816,/table-of-1816,1815,/table-of-1815
1819,3638,5457,7276,9095,10914,12733,14552,16371,18190,20009,21828,23647,25466,27285,29104,30923,32742,34561,36380,table-of-1819,1818,/table-of-1818,1817,/table-of-1817,1816,/table-of-1816
1820,3640,5460,7280,9100,10920,12740,14560,16380,18200,20020,21840,23660,25480,27300,29120,30940,32760,34580,36400,table-of-1820,1819,/table-of-1819,1818,/table-of-1818,1817,/table-of-1817
1821,3642,5463,7284,9105,10926,12747,14568,16389,18210,20031,21852,23673,25494,27315,29136,30957,32778,34599,36420,table-of-1821,1820,/table-of-1820,1819,/table-of-1819,1818,/table-of-1818
1822,3644,5466,7288,9110,10932,12754,14576,16398,18220,20042,21864,23686,25508,27330,29152,30974,32796,34618,36440,table-of-1822,1821,/table-of-1821,1820,/table-of-1820,1819,/table-of-1819
1823,3646,5469,7292,9115,10938,12761,14584,16407,18230,20053,21876,23699,25522,27345,29168,30991,32814,34637,36460,table-of-1823,1822,/table-of-1822,1821,/table-of-1821,1820,/table-of-1820
1824,3648,5472,7296,9120,10944,12768,14592,16416,18240,20064,21888,23712,25536,27360,29184,31008,32832,34656,36480,table-of-1824,1823,/table-of-1823,1822,/table-of-1822,1821,/table-of-1821
1825,3650,5475,7300,9125,10950,12775,14600,16425,18250,20075,21900,23725,25550,27375,29200,31025,32850,34675,36500,table-of-1825,1824,/table-of-1824,1823,/table-of-1823,1822,/table-of-1822
1826,3652,5478,7304,9130,10956,12782,14608,16434,18260,20086,21912,23738,25564,27390,29216,31042,32868,34694,36520,table-of-1826,1825,/table-of-1825,1824,/table-of-1824,1823,/table-of-1823
1827,3654,5481,7308,9135,10962,12789,14616,16443,18270,20097,21924,23751,25578,27405,29232,31059,32886,34713,36540,table-of-1827,1826,/table-of-1826,1825,/table-of-1825,1824,/table-of-1824
1828,3656,5484,7312,9140,10968,12796,14624,16452,18280,20108,21936,23764,25592,27420,29248,31076,32904,34732,36560,table-of-1828,1827,/table-of-1827,1826,/table-of-1826,1825,/table-of-1825
1829,3658,5487,7316,9145,10974,12803,14632,16461,18290,20119,21948,23777,25606,27435,29264,31093,32922,34751,36580,table-of-1829,1828,/table-of-1828,1827,/table-of-1827,1826,/table-of-1826
1830,3660,5490,7320,9150,10980,12810,14640,16470,18300,20130,21960,23790,25620,27450,29280,31110,32940,34770,36600,table-of-1830,1829,/table-of-1829,1828,/table-of-1828,1827,/table-of-1827
1831,3662,5493,7324,9155,10986,12817,14648,16479,18310,20141,21972,23803,25634,27465,29296,31127,32958,34789,36620,table-of-1831,1830,/table-of-1830,1829,/table-of-1829,1828,/table-of-1828
1832,3664,5496,7328,9160,10992,12824,14656,16488,18320,20152,21984,23816,25648,27480,29312,31144,32976,34808,36640,table-of-1832,1831,/table-of-1831,1830,/table-of-1830,1829,/table-of-1829
1833,3666,5499,7332,9165,10998,12831,14664,16497,18330,20163,21996,23829,25662,27495,29328,31161,32994,34827,36660,table-of-1833,1832,/table-of-1832,1831,/table-of-1831,1830,/table-of-1830
1834,3668,5502,7336,9170,11004,12838,14672,16506,18340,20174,22008,23842,25676,27510,29344,31178,33012,34846,36680,table-of-1834,1833,/table-of-1833,1832,/table-of-1832,1831,/table-of-1831
1835,3670,5505,7340,9175,11010,12845,14680,16515,18350,20185,22020,23855,25690,27525,29360,31195,33030,34865,36700,table-of-1835,1834,/table-of-1834,1833,/table-of-1833,1832,/table-of-1832
1836,3672,5508,7344,9180,11016,12852,14688,16524,18360,20196,22032,23868,25704,27540,29376,31212,33048,34884,36720,table-of-1836,1835,/table-of-1835,1834,/table-of-1834,1833,/table-of-1833
1837,3674,5511,7348,9185,11022,12859,14696,16533,18370,20207,22044,23881,25718,27555,29392,31229,33066,34903,36740,table-of-1837,1836,/table-of-1836,1835,/table-of-1835,1834,/table-of-1834
1838,3676,5514,7352,9190,11028,12866,14704,16542,18380,20218,22056,23894,25732,27570,29408,31246,33084,34922,36760,table-of-1838,1837,/table-of-1837,1836,/table-of-1836,1835,/table-of-1835
1839,3678,5517,7356,9195,11034,12873,14712,16551,18390,20229,22068,23907,25746,27585,29424,31263,33102,34941,36780,table-of-1839,1838,/table-of-1838,1837,/table-of-1837,1836,/table-of-1836
1840,3680,5520,7360,9200,11040,12880,14720,16560,18400,20240,22080,23920,25760,27600,29440,31280,33120,34960,36800,table-of-1840,1839,/table-of-1839,1838,/table-of-1838,1837,/table-of-1837
1841,3682,5523,7364,9205,11046,12887,14728,16569,18410,20251,22092,23933,25774,27615,29456,31297,33138,34979,36820,table-of-1841,1840,/table-of-1840,1839,/table-of-1839,1838,/table-of-1838
1842,3684,5526,7368,9210,11052,12894,14736,16578,18420,20262,22104,23946,25788,27630,29472,31314,33156,34998,36840,table-of-1842,1841,/table-of-1841,1840,/table-of-1840,1839,/table-of-1839
1843,3686,5529,7372,9215,11058,12901,14744,16587,18430,20273,22116,23959,25802,27645,29488,31331,33174,35017,36860,table-of-1843,1842,/table-of-1842,1841,/table-of-1841,1840,/table-of-1840
1844,3688,5532,7376,9220,11064,12908,14752,16596,18440,20284,22128,23972,25816,27660,29504,31348,33192,35036,36880,table-of-1844,1843,/table-of-1843,1842,/table-of-1842,1841,/table-of-1841
1845,3690,5535,7380,9225,11070,12915,14760,16605,18450,20295,22140,23985,25830,27675,29520,31365,33210,35055,36900,table-of-1845,1844,/table-of-1844,1843,/table-of-1843,1842,/table-of-1842
1846,3692,5538,7384,9230,11076,12922,14768,16614,18460,20306,22152,23998,25844,27690,29536,31382,33228,35074,36920,table-of-1846,1845,/table-of-1845,1844,/table-of-1844,1843,/table-of-1843
1847,3694,5541,7388,9235,11082,12929,14776,16623,18470,20317,22164,24011,25858,27705,29552,31399,33246,35093,36940,table-of-1847,1846,/table-of-1846,1845,/table-of-1845,1844,/table-of-1844
1848,3696,5544,7392,9240,11088,12936,14784,16632,18480,20328,22176,24024,25872,27720,29568,31416,33264,35112,36960,table-of-1848,1847,/table-of-1847,1846,/table-of-1846,1845,/table-of-1845
1849,3698,5547,7396,9245,11094,12943,14792,16641,18490,20339,22188,24037,25886,27735,29584,31433,33282,35131,36980,table-of-1849,1848,/table-of-1848,1847,/table-of-1847,1846,/table-of-1846
1850,3700,5550,7400,9250,11100,12950,14800,16650,18500,20350,22200,24050,25900,27750,29600,31450,33300,35150,37000,table-of-1850,1849,/table-of-1849,1848,/table-of-1848,1847,/table-of-1847
1851,3702,5553,7404,9255,11106,12957,14808,16659,18510,20361,22212,24063,25914,27765,29616,31467,33318,35169,37020,table-of-1851,1850,/table-of-1850,1849,/table-of-1849,1848,/table-of-1848
1852,3704,5556,7408,9260,11112,12964,14816,16668,18520,20372,22224,24076,25928,27780,29632,31484,33336,35188,37040,table-of-1852,1851,/table-of-1851,1850,/table-of-1850,1849,/table-of-1849
1853,3706,5559,7412,9265,11118,12971,14824,16677,18530,20383,22236,24089,25942,27795,29648,31501,33354,35207,37060,table-of-1853,1852,/table-of-1852,1851,/table-of-1851,1850,/table-of-1850
1854,3708,5562,7416,9270,11124,12978,14832,16686,18540,20394,22248,24102,25956,27810,29664,31518,33372,35226,37080,table-of-1854,1853,/table-of-1853,1852,/table-of-1852,1851,/table-of-1851
1855,3710,5565,7420,9275,11130,12985,14840,16695,18550,20405,22260,24115,25970,27825,29680,31535,33390,35245,37100,table-of-1855,1854,/table-of-1854,1853,/table-of-1853,1852,/table-of-1852
1856,3712,5568,7424,9280,11136,12992,14848,16704,18560,20416,22272,24128,25984,27840,29696,31552,33408,35264,37120,table-of-1856,1855,/table-of-1855,1854,/table-of-1854,1853,/table-of-1853
1857,3714,5571,7428,9285,11142,12999,14856,16713,18570,20427,22284,24141,25998,27855,29712,31569,33426,35283,37140,table-of-1857,1856,/table-of-1856,1855,/table-of-1855,1854,/table-of-1854
1858,3716,5574,7432,9290,11148,13006,14864,16722,18580,20438,22296,24154,26012,27870,29728,31586,33444,35302,37160,table-of-1858,1857,/table-of-1857,1856,/table-of-1856,1855,/table-of-1855
1859,3718,5577,7436,9295,11154,13013,14872,16731,18590,20449,22308,24167,26026,27885,29744,31603,33462,35321,37180,table-of-1859,1858,/table-of-1858,1857,/table-of-1857,1856,/table-of-1856
1860,3720,5580,7440,9300,11160,13020,14880,16740,18600,20460,22320,24180,26040,27900,29760,31620,33480,35340,37200,table-of-1860,1859,/table-of-1859,1858,/table-of-1858,1857,/table-of-1857
1861,3722,5583,7444,9305,11166,13027,14888,16749,18610,20471,22332,24193,26054,27915,29776,31637,33498,35359,37220,table-of-1861,1860,/table-of-1860,1859,/table-of-1859,1858,/table-of-1858
1862,3724,5586,7448,9310,11172,13034,14896,16758,18620,20482,22344,24206,26068,27930,29792,31654,33516,35378,37240,table-of-1862,1861,/table-of-1861,1860,/table-of-1860,1859,/table-of-1859
1863,3726,5589,7452,9315,11178,13041,14904,16767,18630,20493,22356,24219,26082,27945,29808,31671,33534,35397,37260,table-of-1863,1862,/table-of-1862,1861,/table-of-1861,1860,/table-of-1860
1864,3728,5592,7456,9320,11184,13048,14912,16776,18640,20504,22368,24232,26096,27960,29824,31688,33552,35416,37280,table-of-1864,1863,/table-of-1863,1862,/table-of-1862,1861,/table-of-1861
1865,3730,5595,7460,9325,11190,13055,14920,16785,18650,20515,22380,24245,26110,27975,29840,31705,33570,35435,37300,table-of-1865,1864,/table-of-1864,1863,/table-of-1863,1862,/table-of-1862
1866,3732,5598,7464,9330,11196,13062,14928,16794,18660,20526,22392,24258,26124,27990,29856,31722,33588,35454,37320,table-of-1866,1865,/table-of-1865,1864,/table-of-1864,1863,/table-of-1863
1867,3734,5601,7468,9335,11202,13069,14936,16803,18670,20537,22404,24271,26138,28005,29872,31739,33606,35473,37340,table-of-1867,1866,/table-of-1866,1865,/table-of-1865,1864,/table-of-1864
1868,3736,5604,7472,9340,11208,13076,14944,16812,18680,20548,22416,24284,26152,28020,29888,31756,33624,35492,37360,table-of-1868,1867,/table-of-1867,1866,/table-of-1866,1865,/table-of-1865
1869,3738,5607,7476,9345,11214,13083,14952,16821,18690,20559,22428,24297,26166,28035,29904,31773,33642,35511,37380,table-of-1869,1868,/table-of-1868,1867,/table-of-1867,1866,/table-of-1866
1870,3740,5610,7480,9350,11220,13090,14960,16830,18700,20570,22440,24310,26180,28050,29920,31790,33660,35530,37400,table-of-1870,1869,/table-of-1869,1868,/table-of-1868,1867,/table-of-1867
1871,3742,5613,7484,9355,11226,13097,14968,16839,18710,20581,22452,24323,26194,28065,29936,31807,33678,35549,37420,table-of-1871,1870,/table-of-1870,1869,/table-of-1869,1868,/table-of-1868
1872,3744,5616,7488,9360,11232,13104,14976,16848,18720,20592,22464,24336,26208,28080,29952,31824,33696,35568,37440,table-of-1872,1871,/table-of-1871,1870,/table-of-1870,1869,/table-of-1869
1873,3746,5619,7492,9365,11238,13111,14984,16857,18730,20603,22476,24349,26222,28095,29968,31841,33714,35587,37460,table-of-1873,1872,/table-of-1872,1871,/table-of-1871,1870,/table-of-1870
1874,3748,5622,7496,9370,11244,13118,14992,16866,18740,20614,22488,24362,26236,28110,29984,31858,33732,35606,37480,table-of-1874,1873,/table-of-1873,1872,/table-of-1872,1871,/table-of-1871
1875,3750,5625,7500,9375,11250,13125,15000,16875,18750,20625,22500,24375,26250,28125,30000,31875,33750,35625,37500,table-of-1875,1874,/table-of-1874,1873,/table-of-1873,1872,/table-of-1872
1876,3752,5628,7504,9380,11256,13132,15008,16884,18760,20636,22512,24388,26264,28140,30016,31892,33768,35644,37520,table-of-1876,1875,/table-of-1875,1874,/table-of-1874,1873,/table-of-1873
1877,3754,5631,7508,9385,11262,13139,15016,16893,18770,20647,22524,24401,26278,28155,30032,31909,33786,35663,37540,table-of-1877,1876,/table-of-1876,1875,/table-of-1875,1874,/table-of-1874
1878,3756,5634,7512,9390,11268,13146,15024,16902,18780,20658,22536,24414,26292,28170,30048,31926,33804,35682,37560,table-of-1878,1877,/table-of-1877,1876,/table-of-1876,1875,/table-of-1875
1879,3758,5637,7516,9395,11274,13153,15032,16911,18790,20669,22548,24427,26306,28185,30064,31943,33822,35701,37580,table-of-1879,1878,/table-of-1878,1877,/table-of-1877,1876,/table-of-1876
1880,3760,5640,7520,9400,11280,13160,15040,16920,18800,20680,22560,24440,26320,28200,30080,31960,33840,35720,37600,table-of-1880,1879,/table-of-1879,1878,/table-of-1878,1877,/table-of-1877
1881,3762,5643,7524,9405,11286,13167,15048,16929,18810,20691,22572,24453,26334,28215,30096,31977,33858,35739,37620,table-of-1881,1880,/table-of-1880,1879,/table-of-1879,1878,/table-of-1878
1882,3764,5646,7528,9410,11292,13174,15056,16938,18820,20702,22584,24466,26348,28230,30112,31994,33876,35758,37640,table-of-1882,1881,/table-of-1881,1880,/table-of-1880,1879,/table-of-1879
1883,3766,5649,7532,9415,11298,13181,15064,16947,18830,20713,22596,24479,26362,28245,30128,32011,33894,35777,37660,table-of-1883,1882,/table-of-1882,1881,/table-of-1881,1880,/table-of-1880
1884,3768,5652,7536,9420,11304,13188,15072,16956,18840,20724,22608,24492,26376,28260,30144,32028,33912,35796,37680,table-of-1884,1883,/table-of-1883,1882,/table-of-1882,1881,/table-of-1881
1885,3770,5655,7540,9425,11310,13195,15080,16965,18850,20735,22620,24505,26390,28275,30160,32045,33930,35815,37700,table-of-1885,1884,/table-of-1884,1883,/table-of-1883,1882,/table-of-1882
1886,3772,5658,7544,9430,11316,13202,15088,16974,18860,20746,22632,24518,26404,28290,30176,32062,33948,35834,37720,table-of-1886,1885,/table-of-1885,1884,/table-of-1884,1883,/table-of-1883
1887,3774,5661,7548,9435,11322,13209,15096,16983,18870,20757,22644,24531,26418,28305,30192,32079,33966,35853,37740,table-of-1887,1886,/table-of-1886,1885,/table-of-1885,1884,/table-of-1884
1888,3776,5664,7552,9440,11328,13216,15104,16992,18880,20768,22656,24544,26432,28320,30208,32096,33984,35872,37760,table-of-1888,1887,/table-of-1887,1886,/table-of-1886,1885,/table-of-1885
1889,3778,5667,7556,9445,11334,13223,15112,17001,18890,20779,22668,24557,26446,28335,30224,32113,34002,35891,37780,table-of-1889,1888,/table-of-1888,1887,/table-of-1887,1886,/table-of-1886
1890,3780,5670,7560,9450,11340,13230,15120,17010,18900,20790,22680,24570,26460,28350,30240,32130,34020,35910,37800,table-of-1890,1889,/table-of-1889,1888,/table-of-1888,1887,/table-of-1887
1891,3782,5673,7564,9455,11346,13237,15128,17019,18910,20801,22692,24583,26474,28365,30256,32147,34038,35929,37820,table-of-1891,1890,/table-of-1890,1889,/table-of-1889,1888,/table-of-1888
1892,3784,5676,7568,9460,11352,13244,15136,17028,18920,20812,22704,24596,26488,28380,30272,32164,34056,35948,37840,table-of-1892,1891,/table-of-1891,1890,/table-of-1890,1889,/table-of-1889
1893,3786,5679,7572,9465,11358,13251,15144,17037,18930,20823,22716,24609,26502,28395,30288,32181,34074,35967,37860,table-of-1893,1892,/table-of-1892,1891,/table-of-1891,1890,/table-of-1890
1894,3788,5682,7576,9470,11364,13258,15152,17046,18940,20834,22728,24622,26516,28410,30304,32198,34092,35986,37880,table-of-1894,1893,/table-of-1893,1892,/table-of-1892,1891,/table-of-1891
1895,3790,5685,7580,9475,11370,13265,15160,17055,18950,20845,22740,24635,26530,28425,30320,32215,34110,36005,37900,table-of-1895,1894,/table-of-1894,1893,/table-of-1893,1892,/table-of-1892
1896,3792,5688,7584,9480,11376,13272,15168,17064,18960,20856,22752,24648,26544,28440,30336,32232,34128,36024,37920,table-of-1896,1895,/table-of-1895,1894,/table-of-1894,1893,/table-of-1893
1897,3794,5691,7588,9485,11382,13279,15176,17073,18970,20867,22764,24661,26558,28455,30352,32249,34146,36043,37940,table-of-1897,1896,/table-of-1896,1895,/table-of-1895,1894,/table-of-1894
1898,3796,5694,7592,9490,11388,13286,15184,17082,18980,20878,22776,24674,26572,28470,30368,32266,34164,36062,37960,table-of-1898,1897,/table-of-1897,1896,/table-of-1896,1895,/table-of-1895
1899,3798,5697,7596,9495,11394,13293,15192,17091,18990,20889,22788,24687,26586,28485,30384,32283,34182,36081,37980,table-of-1899,1898,/table-of-1898,1897,/table-of-1897,1896,/table-of-1896
1900,3800,5700,7600,9500,11400,13300,15200,17100,19000,20900,22800,24700,26600,28500,30400,32300,34200,36100,38000,table-of-1900,1899,/table-of-1899,1898,/table-of-1898,1897,/table-of-1897
1901,3802,5703,7604,9505,11406,13307,15208,17109,19010,20911,22812,24713,26614,28515,30416,32317,34218,36119,38020,table-of-1901,1900,/table-of-1900,1899,/table-of-1899,1898,/table-of-1898
1902,3804,5706,7608,9510,11412,13314,15216,17118,19020,20922,22824,24726,26628,28530,30432,32334,34236,36138,38040,table-of-1902,1901,/table-of-1901,1900,/table-of-1900,1899,/table-of-1899
1903,3806,5709,7612,9515,11418,13321,15224,17127,19030,20933,22836,24739,26642,28545,30448,32351,34254,36157,38060,table-of-1903,1902,/table-of-1902,1901,/table-of-1901,1900,/table-of-1900
1904,3808,5712,7616,9520,11424,13328,15232,17136,19040,20944,22848,24752,26656,28560,30464,32368,34272,36176,38080,table-of-1904,1903,/table-of-1903,1902,/table-of-1902,1901,/table-of-1901
1905,3810,5715,7620,9525,11430,13335,15240,17145,19050,20955,22860,24765,26670,28575,30480,32385,34290,36195,38100,table-of-1905,1904,/table-of-1904,1903,/table-of-1903,1902,/table-of-1902
1906,3812,5718,7624,9530,11436,13342,15248,17154,19060,20966,22872,24778,26684,28590,30496,32402,34308,36214,38120,table-of-1906,1905,/table-of-1905,1904,/table-of-1904,1903,/table-of-1903
1907,3814,5721,7628,9535,11442,13349,15256,17163,19070,20977,22884,24791,26698,28605,30512,32419,34326,36233,38140,table-of-1907,1906,/table-of-1906,1905,/table-of-1905,1904,/table-of-1904
1908,3816,5724,7632,9540,11448,13356,15264,17172,19080,20988,22896,24804,26712,28620,30528,32436,34344,36252,38160,table-of-1908,1907,/table-of-1907,1906,/table-of-1906,1905,/table-of-1905
1909,3818,5727,7636,9545,11454,13363,15272,17181,19090,20999,22908,24817,26726,28635,30544,32453,34362,36271,38180,table-of-1909,1908,/table-of-1908,1907,/table-of-1907,1906,/table-of-1906
1910,3820,5730,7640,9550,11460,13370,15280,17190,19100,21010,22920,24830,26740,28650,30560,32470,34380,36290,38200,table-of-1910,1909,/table-of-1909,1908,/table-of-1908,1907,/table-of-1907
1911,3822,5733,7644,9555,11466,13377,15288,17199,19110,21021,22932,24843,26754,28665,30576,32487,34398,36309,38220,table-of-1911,1910,/table-of-1910,1909,/table-of-1909,1908,/table-of-1908
1912,3824,5736,7648,9560,11472,13384,15296,17208,19120,21032,22944,24856,26768,28680,30592,32504,34416,36328,38240,table-of-1912,1911,/table-of-1911,1910,/table-of-1910,1909,/table-of-1909
1913,3826,5739,7652,9565,11478,13391,15304,17217,19130,21043,22956,24869,26782,28695,30608,32521,34434,36347,38260,table-of-1913,1912,/table-of-1912,1911,/table-of-1911,1910,/table-of-1910
1914,3828,5742,7656,9570,11484,13398,15312,17226,19140,21054,22968,24882,26796,28710,30624,32538,34452,36366,38280,table-of-1914,1913,/table-of-1913,1912,/table-of-1912,1911,/table-of-1911
1915,3830,5745,7660,9575,11490,13405,15320,17235,19150,21065,22980,24895,26810,28725,30640,32555,34470,36385,38300,table-of-1915,1914,/table-of-1914,1913,/table-of-1913,1912,/table-of-1912
1916,3832,5748,7664,9580,11496,13412,15328,17244,19160,21076,22992,24908,26824,28740,30656,32572,34488,36404,38320,table-of-1916,1915,/table-of-1915,1914,/table-of-1914,1913,/table-of-1913
1917,3834,5751,7668,9585,11502,13419,15336,17253,19170,21087,23004,24921,26838,28755,30672,32589,34506,36423,38340,table-of-1917,1916,/table-of-1916,1915,/table-of-1915,1914,/table-of-1914
1918,3836,5754,7672,9590,11508,13426,15344,17262,19180,21098,23016,24934,26852,28770,30688,32606,34524,36442,38360,table-of-1918,1917,/table-of-1917,1916,/table-of-1916,1915,/table-of-1915
1919,3838,5757,7676,9595,11514,13433,15352,17271,19190,21109,23028,24947,26866,28785,30704,32623,34542,36461,38380,table-of-1919,1918,/table-of-1918,1917,/table-of-1917,1916,/table-of-1916
1920,3840,5760,7680,9600,11520,13440,15360,17280,19200,21120,23040,24960,26880,28800,30720,32640,34560,36480,38400,table-of-1920,1919,/table-of-1919,1918,/table-of-1918,1917,/table-of-1917
1921,3842,5763,7684,9605,11526,13447,15368,17289,19210,21131,23052,24973,26894,28815,30736,32657,34578,36499,38420,table-of-1921,1920,/table-of-1920,1919,/table-of-1919,1918,/table-of-1918
1922,3844,5766,7688,9610,11532,13454,15376,17298,19220,21142,23064,24986,26908,28830,30752,32674,34596,36518,38440,table-of-1922,1921,/table-of-1921,1920,/table-of-1920,1919,/table-of-1919
1923,3846,5769,7692,9615,11538,13461,15384,17307,19230,21153,23076,24999,26922,28845,30768,32691,34614,36537,38460,table-of-1923,1922,/table-of-1922,1921,/table-of-1921,1920,/table-of-1920
1924,3848,5772,7696,9620,11544,13468,15392,17316,19240,21164,23088,25012,26936,28860,30784,32708,34632,36556,38480,table-of-1924,1923,/table-of-1923,1922,/table-of-1922,1921,/table-of-1921
1925,3850,5775,7700,9625,11550,13475,15400,17325,19250,21175,23100,25025,26950,28875,30800,32725,34650,36575,38500,table-of-1925,1924,/table-of-1924,1923,/table-of-1923,1922,/table-of-1922
1926,3852,5778,7704,9630,11556,13482,15408,17334,19260,21186,23112,25038,26964,28890,30816,32742,34668,36594,38520,table-of-1926,1925,/table-of-1925,1924,/table-of-1924,1923,/table-of-1923
1927,3854,5781,7708,9635,11562,13489,15416,17343,19270,21197,23124,25051,26978,28905,30832,32759,34686,36613,38540,table-of-1927,1926,/table-of-1926,1925,/table-of-1925,1924,/table-of-1924
1928,3856,5784,7712,9640,11568,13496,15424,17352,19280,21208,23136,25064,26992,28920,30848,32776,34704,36632,38560,table-of-1928,1927,/table-of-1927,1926,/table-of-1926,1925,/table-of-1925
1929,3858,5787,7716,9645,11574,13503,15432,17361,19290,21219,23148,25077,27006,28935,30864,32793,34722,36651,38580,table-of-1929,1928,/table-of-1928,1927,/table-of-1927,1926,/table-of-1926
1930,3860,5790,7720,9650,11580,13510,15440,17370,19300,21230,23160,25090,27020,28950,30880,32810,34740,36670,38600,table-of-1930,1929,/table-of-1929,1928,/table-of-1928,1927,/table-of-1927
1931,3862,5793,7724,9655,11586,13517,15448,17379,19310,21241,23172,25103,27034,28965,30896,32827,34758,36689,38620,table-of-1931,1930,/table-of-1930,1929,/table-of-1929,1928,/table-of-1928
1932,3864,5796,7728,9660,11592,13524,15456,17388,19320,21252,23184,25116,27048,28980,30912,32844,34776,36708,38640,table-of-1932,1931,/table-of-1931,1930,/table-of-1930,1929,/table-of-1929
1933,3866,5799,7732,9665,11598,13531,15464,17397,19330,21263,23196,25129,27062,28995,30928,32861,34794,36727,38660,table-of-1933,1932,/table-of-1932,1931,/table-of-1931,1930,/table-of-1930
1934,3868,5802,7736,9670,11604,13538,15472,17406,19340,21274,23208,25142,27076,29010,30944,32878,34812,36746,38680,table-of-1934,1933,/table-of-1933,1932,/table-of-1932,1931,/table-of-1931
1935,3870,5805,7740,9675,11610,13545,15480,17415,19350,21285,23220,25155,27090,29025,30960,32895,34830,36765,38700,table-of-1935,1934,/table-of-1934,1933,/table-of-1933,1932,/table-of-1932
1936,3872,5808,7744,9680,11616,13552,15488,17424,19360,21296,23232,25168,27104,29040,30976,32912,34848,36784,38720,table-of-1936,1935,/table-of-1935,1934,/table-of-1934,1933,/table-of-1933
1937,3874,5811,7748,9685,11622,13559,15496,17433,19370,21307,23244,25181,27118,29055,30992,32929,34866,36803,38740,table-of-1937,1936,/table-of-1936,1935,/table-of-1935,1934,/table-of-1934
1938,3876,5814,7752,9690,11628,13566,15504,17442,19380,21318,23256,25194,27132,29070,31008,32946,34884,36822,38760,table-of-1938,1937,/table-of-1937,1936,/table-of-1936,1935,/table-of-1935
1939,3878,5817,7756,9695,11634,13573,15512,17451,19390,21329,23268,25207,27146,29085,31024,32963,34902,36841,38780,table-of-1939,1938,/table-of-1938,1937,/table-of-1937,1936,/table-of-1936
1940,3880,5820,7760,9700,11640,13580,15520,17460,19400,21340,23280,25220,27160,29100,31040,32980,34920,36860,38800,table-of-1940,1939,/table-of-1939,1938,/table-of-1938,1937,/table-of-1937
1941,3882,5823,7764,9705,11646,13587,15528,17469,19410,21351,23292,25233,27174,29115,31056,32997,34938,36879,38820,table-of-1941,1940,/table-of-1940,1939,/table-of-1939,1938,/table-of-1938
1942,3884,5826,7768,9710,11652,13594,15536,17478,19420,21362,23304,25246,27188,29130,31072,33014,34956,36898,38840,table-of-1942,1941,/table-of-1941,1940,/table-of-1940,1939,/table-of-1939
1943,3886,5829,7772,9715,11658,13601,15544,17487,19430,21373,23316,25259,27202,29145,31088,33031,34974,36917,38860,table-of-1943,1942,/table-of-1942,1941,/table-of-1941,1940,/table-of-1940
1944,3888,5832,7776,9720,11664,13608,15552,17496,19440,21384,23328,25272,27216,29160,31104,33048,34992,36936,38880,table-of-1944,1943,/table-of-1943,1942,/table-of-1942,1941,/table-of-1941
1945,3890,5835,7780,9725,11670,13615,15560,17505,19450,21395,23340,25285,27230,29175,31120,33065,35010,36955,38900,table-of-1945,1944,/table-of-1944,1943,/table-of-1943,1942,/table-of-1942
1946,3892,5838,7784,9730,11676,13622,15568,17514,19460,21406,23352,25298,27244,29190,31136,33082,35028,36974,38920,table-of-1946,1945,/table-of-1945,1944,/table-of-1944,1943,/table-of-1943
1947,3894,5841,7788,9735,11682,13629,15576,17523,19470,21417,23364,25311,27258,29205,31152,33099,35046,36993,38940,table-of-1947,1946,/table-of-1946,1945,/table-of-1945,1944,/table-of-1944
1948,3896,5844,7792,9740,11688,13636,15584,17532,19480,21428,23376,25324,27272,29220,31168,33116,35064,37012,38960,table-of-1948,1947,/table-of-1947,1946,/table-of-1946,1945,/table-of-1945
1949,3898,5847,7796,9745,11694,13643,15592,17541,19490,21439,23388,25337,27286,29235,31184,33133,35082,37031,38980,table-of-1949,1948,/table-of-1948,1947,/table-of-1947,1946,/table-of-1946
1950,3900,5850,7800,9750,11700,13650,15600,17550,19500,21450,23400,25350,27300,29250,31200,33150,35100,37050,39000,table-of-1950,1949,/table-of-1949,1948,/table-of-1948,1947,/table-of-1947
1951,3902,5853,7804,9755,11706,13657,15608,17559,19510,21461,23412,25363,27314,29265,31216,33167,35118,37069,39020,table-of-1951,1950,/table-of-1950,1949,/table-of-1949,1948,/table-of-1948
1952,3904,5856,7808,9760,11712,13664,15616,17568,19520,21472,23424,25376,27328,29280,31232,33184,35136,37088,39040,table-of-1952,1951,/table-of-1951,1950,/table-of-1950,1949,/table-of-1949
1953,3906,5859,7812,9765,11718,13671,15624,17577,19530,21483,23436,25389,27342,29295,31248,33201,35154,37107,39060,table-of-1953,1952,/table-of-1952,1951,/table-of-1951,1950,/table-of-1950
1954,3908,5862,7816,9770,11724,13678,15632,17586,19540,21494,23448,25402,27356,29310,31264,33218,35172,37126,39080,table-of-1954,1953,/table-of-1953,1952,/table-of-1952,1951,/table-of-1951
1955,3910,5865,7820,9775,11730,13685,15640,17595,19550,21505,23460,25415,27370,29325,31280,33235,35190,37145,39100,table-of-1955,1954,/table-of-1954,1953,/table-of-1953,1952,/table-of-1952
1956,3912,5868,7824,9780,11736,13692,15648,17604,19560,21516,23472,25428,27384,29340,31296,33252,35208,37164,39120,table-of-1956,1955,/table-of-1955,1954,/table-of-1954,1953,/table-of-1953
1957,3914,5871,7828,9785,11742,13699,15656,17613,19570,21527,23484,25441,27398,29355,31312,33269,35226,37183,39140,table-of-1957,1956,/table-of-1956,1955,/table-of-1955,1954,/table-of-1954
1958,3916,5874,7832,9790,11748,13706,15664,17622,19580,21538,23496,25454,27412,29370,31328,33286,35244,37202,39160,table-of-1958,1957,/table-of-1957,1956,/table-of-1956,1955,/table-of-1955
1959,3918,5877,7836,9795,11754,13713,15672,17631,19590,21549,23508,25467,27426,29385,31344,33303,35262,37221,39180,table-of-1959,1958,/table-of-1958,1957,/table-of-1957,1956,/table-of-1956
1960,3920,5880,7840,9800,11760,13720,15680,17640,19600,21560,23520,25480,27440,29400,31360,33320,35280,37240,39200,table-of-1960,1959,/table-of-1959,1958,/table-of-1958,1957,/table-of-1957
1961,3922,5883,7844,9805,11766,13727,15688,17649,19610,21571,23532,25493,27454,29415,31376,33337,35298,37259,39220,table-of-1961,1960,/table-of-1960,1959,/table-of-1959,1958,/table-of-1958
1962,3924,5886,7848,9810,11772,13734,15696,17658,19620,21582,23544,25506,27468,29430,31392,33354,35316,37278,39240,table-of-1962,1961,/table-of-1961,1960,/table-of-1960,1959,/table-of-1959
1963,3926,5889,7852,9815,11778,13741,15704,17667,19630,21593,23556,25519,27482,29445,31408,33371,35334,37297,39260,table-of-1963,1962,/table-of-1962,1961,/table-of-1961,1960,/table-of-1960
1964,3928,5892,7856,9820,11784,13748,15712,17676,19640,21604,23568,25532,27496,29460,31424,33388,35352,37316,39280,table-of-1964,1963,/table-of-1963,1962,/table-of-1962,1961,/table-of-1961
1965,3930,5895,7860,9825,11790,13755,15720,17685,19650,21615,23580,25545,27510,29475,31440,33405,35370,37335,39300,table-of-1965,1964,/table-of-1964,1963,/table-of-1963,1962,/table-of-1962
1966,3932,5898,7864,9830,11796,13762,15728,17694,19660,21626,23592,25558,27524,29490,31456,33422,35388,37354,39320,table-of-1966,1965,/table-of-1965,1964,/table-of-1964,1963,/table-of-1963
1967,3934,5901,7868,9835,11802,13769,15736,17703,19670,21637,23604,25571,27538,29505,31472,33439,35406,37373,39340,table-of-1967,1966,/table-of-1966,1965,/table-of-1965,1964,/table-of-1964
1968,3936,5904,7872,9840,11808,13776,15744,17712,19680,21648,23616,25584,27552,29520,31488,33456,35424,37392,39360,table-of-1968,1967,/table-of-1967,1966,/table-of-1966,1965,/table-of-1965
1969,3938,5907,7876,9845,11814,13783,15752,17721,19690,21659,23628,25597,27566,29535,31504,33473,35442,37411,39380,table-of-1969,1968,/table-of-1968,1967,/table-of-1967,1966,/table-of-1966
1970,3940,5910,7880,9850,11820,13790,15760,17730,19700,21670,23640,25610,27580,29550,31520,33490,35460,37430,39400,table-of-1970,1969,/table-of-1969,1968,/table-of-1968,1967,/table-of-1967
1971,3942,5913,7884,9855,11826,13797,15768,17739,19710,21681,23652,25623,27594,29565,31536,33507,35478,37449,39420,table-of-1971,1970,/table-of-1970,1969,/table-of-1969,1968,/table-of-1968
1972,3944,5916,7888,9860,11832,13804,15776,17748,19720,21692,23664,25636,27608,29580,31552,33524,35496,37468,39440,table-of-1972,1971,/table-of-1971,1970,/table-of-1970,1969,/table-of-1969
1973,3946,5919,7892,9865,11838,13811,15784,17757,19730,21703,23676,25649,27622,29595,31568,33541,35514,37487,39460,table-of-1973,1972,/table-of-1972,1971,/table-of-1971,1970,/table-of-1970
1974,3948,5922,7896,9870,11844,13818,15792,17766,19740,21714,23688,25662,27636,29610,31584,33558,35532,37506,39480,table-of-1974,1973,/table-of-1973,1972,/table-of-1972,1971,/table-of-1971
1975,3950,5925,7900,9875,11850,13825,15800,17775,19750,21725,23700,25675,27650,29625,31600,33575,35550,37525,39500,table-of-1975,1974,/table-of-1974,1973,/table-of-1973,1972,/table-of-1972
1976,3952,5928,7904,9880,11856,13832,15808,17784,19760,21736,23712,25688,27664,29640,31616,33592,35568,37544,39520,table-of-1976,1975,/table-of-1975,1974,/table-of-1974,1973,/table-of-1973
1977,3954,5931,7908,9885,11862,13839,15816,17793,19770,21747,23724,25701,27678,29655,31632,33609,35586,37563,39540,table-of-1977,1976,/table-of-1976,1975,/table-of-1975,1974,/table-of-1974
1978,3956,5934,7912,9890,11868,13846,15824,17802,19780,21758,23736,25714,27692,29670,31648,33626,35604,37582,39560,table-of-1978,1977,/table-of-1977,1976,/table-of-1976,1975,/table-of-1975
1979,3958,5937,7916,9895,11874,13853,15832,17811,19790,21769,23748,25727,27706,29685,31664,33643,35622,37601,39580,table-of-1979,1978,/table-of-1978,1977,/table-of-1977,1976,/table-of-1976
1980,3960,5940,7920,9900,11880,13860,15840,17820,19800,21780,23760,25740,27720,29700,31680,33660,35640,37620,39600,table-of-1980,1979,/table-of-1979,1978,/table-of-1978,1977,/table-of-1977
1981,3962,5943,7924,9905,11886,13867,15848,17829,19810,21791,23772,25753,27734,29715,31696,33677,35658,37639,39620,table-of-1981,1980,/table-of-1980,1979,/table-of-1979,1978,/table-of-1978
1982,3964,5946,7928,9910,11892,13874,15856,17838,19820,21802,23784,25766,27748,29730,31712,33694,35676,37658,39640,table-of-1982,1981,/table-of-1981,1980,/table-of-1980,1979,/table-of-1979
1983,3966,5949,7932,9915,11898,13881,15864,17847,19830,21813,23796,25779,27762,29745,31728,33711,35694,37677,39660,table-of-1983,1982,/table-of-1982,1981,/table-of-1981,1980,/table-of-1980
1984,3968,5952,7936,9920,11904,13888,15872,17856,19840,21824,23808,25792,27776,29760,31744,33728,35712,37696,39680,table-of-1984,1983,/table-of-1983,1982,/table-of-1982,1981,/table-of-1981
1985,3970,5955,7940,9925,11910,13895,15880,17865,19850,21835,23820,25805,27790,29775,31760,33745,35730,37715,39700,table-of-1985,1984,/table-of-1984,1983,/table-of-1983,1982,/table-of-1982
1986,3972,5958,7944,9930,11916,13902,15888,17874,19860,21846,23832,25818,27804,29790,31776,33762,35748,37734,39720,table-of-1986,1985,/table-of-1985,1984,/table-of-1984,1983,/table-of-1983
1987,3974,5961,7948,9935,11922,13909,15896,17883,19870,21857,23844,25831,27818,29805,31792,33779,35766,37753,39740,table-of-1987,1986,/table-of-1986,1985,/table-of-1985,1984,/table-of-1984
1988,3976,5964,7952,9940,11928,13916,15904,17892,19880,21868,23856,25844,27832,29820,31808,33796,35784,37772,39760,table-of-1988,1987,/table-of-1987,1986,/table-of-1986,1985,/table-of-1985
1989,3978,5967,7956,9945,11934,13923,15912,17901,19890,21879,23868,25857,27846,29835,31824,33813,35802,37791,39780,table-of-1989,1988,/table-of-1988,1987,/table-of-1987,1986,/table-of-1986
1990,3980,5970,7960,9950,11940,13930,15920,17910,19900,21890,23880,25870,27860,29850,31840,33830,35820,37810,39800,table-of-1990,1989,/table-of-1989,1988,/table-of-1988,1987,/table-of-1987
1991,3982,5973,7964,9955,11946,13937,15928,17919,19910,21901,23892,25883,27874,29865,31856,33847,35838,37829,39820,table-of-1991,1990,/table-of-1990,1989,/table-of-1989,1988,/table-of-1988
1992,3984,5976,7968,9960,11952,13944,15936,17928,19920,21912,23904,25896,27888,29880,31872,33864,35856,37848,39840,table-of-1992,1991,/table-of-1991,1990,/table-of-1990,1989,/table-of-1989
1993,3986,5979,7972,9965,11958,13951,15944,17937,19930,21923,23916,25909,27902,29895,31888,33881,35874,37867,39860,table-of-1993,1992,/table-of-1992,1991,/table-of-1991,1990,/table-of-1990
1994,3988,5982,7976,9970,11964,13958,15952,17946,19940,21934,23928,25922,27916,29910,31904,33898,35892,37886,39880,table-of-1994,1993,/table-of-1993,1992,/table-of-1992,1991,/table-of-1991
1995,3990,5985,7980,9975,11970,13965,15960,17955,19950,21945,23940,25935,27930,29925,31920,33915,35910,37905,39900,table-of-1995,1994,/table-of-1994,1993,/table-of-1993,1992,/table-of-1992
1996,3992,5988,7984,9980,11976,13972,15968,17964,19960,21956,23952,25948,27944,29940,31936,33932,35928,37924,39920,table-of-1996,1995,/table-of-1995,1994,/table-of-1994,1993,/table-of-1993
1997,3994,5991,7988,9985,11982,13979,15976,17973,19970,21967,23964,25961,27958,29955,31952,33949,35946,37943,39940,table-of-1997,1996,/table-of-1996,1995,/table-of-1995,1994,/table-of-1994
1998,3996,5994,7992,9990,11988,13986,15984,17982,19980,21978,23976,25974,27972,29970,31968,33966,35964,37962,39960,table-of-1998,1997,/table-of-1997,1996,/table-of-1996,1995,/table-of-1995
1999,3998,5997,7996,9995,11994,13993,15992,17991,19990,21989,23988,25987,27986,29985,31984,33983,35982,37981,39980,table-of-1999,1998,/table-of-1998,1997,/table-of-1997,1996,/table-of-1996
2000,4000,6000,8000,10000,12000,14000,16000,18000,20000,22000,24000,26000,28000,30000,32000,34000,36000,38000,40000,table-of-2000,1999,/table-of-1999,1998,/table-of-1998,1997,/table-of-1997
2001,4002,6003,8004,10005,12006,14007,16008,18009,20010,22011,24012,26013,28014,30015,32016,34017,36018,38019,40020,table-of-2001,2000,/table-of-2000,1999,/table-of-1999,1998,/table-of-1998
2002,4004,6006,8008,10010,12012,14014,16016,18018,20020,22022,24024,26026,28028,30030,32032,34034,36036,38038,40040,table-of-2002,2001,/table-of-2001,2000,/table-of-2000,1999,/table-of-1999
2003,4006,6009,8012,10015,12018,14021,16024,18027,20030,22033,24036,26039,28042,30045,32048,34051,36054,38057,40060,table-of-2003,2002,/table-of-2002,2001,/table-of-2001,2000,/table-of-2000
2004,4008,6012,8016,10020,12024,14028,16032,18036,20040,22044,24048,26052,28056,30060,32064,34068,36072,38076,40080,table-of-2004,2003,/table-of-2003,2002,/table-of-2002,2001,/table-of-2001
2005,4010,6015,8020,10025,12030,14035,16040,18045,20050,22055,24060,26065,28070,30075,32080,34085,36090,38095,40100,table-of-2005,2004,/table-of-2004,2003,/table-of-2003,2002,/table-of-2002
2006,4012,6018,8024,10030,12036,14042,16048,18054,20060,22066,24072,26078,28084,30090,32096,34102,36108,38114,40120,table-of-2006,2005,/table-of-2005,2004,/table-of-2004,2003,/table-of-2003
2007,4014,6021,8028,10035,12042,14049,16056,18063,20070,22077,24084,26091,28098,30105,32112,34119,36126,38133,40140,table-of-2007,2006,/table-of-2006,2005,/table-of-2005,2004,/table-of-2004
2008,4016,6024,8032,10040,12048,14056,16064,18072,20080,22088,24096,26104,28112,30120,32128,34136,36144,38152,40160,table-of-2008,2007,/table-of-2007,2006,/table-of-2006,2005,/table-of-2005
2009,4018,6027,8036,10045,12054,14063,16072,18081,20090,22099,24108,26117,28126,30135,32144,34153,36162,38171,40180,table-of-2009,2008,/table-of-2008,2007,/table-of-2007,2006,/table-of-2006
2010,4020,6030,8040,10050,12060,14070,16080,18090,20100,22110,24120,26130,28140,30150,32160,34170,36180,38190,40200,table-of-2010,2009,/table-of-2009,2008,/table-of-2008,2007,/table-of-2007
2011,4022,6033,8044,10055,12066,14077,16088,18099,20110,22121,24132,26143,28154,30165,32176,34187,36198,38209,40220,table-of-2011,2010,/table-of-2010,2009,/table-of-2009,2008,/table-of-2008
2012,4024,6036,8048,10060,12072,14084,16096,18108,20120,22132,24144,26156,28168,30180,32192,34204,36216,38228,40240,table-of-2012,2011,/table-of-2011,2010,/table-of-2010,2009,/table-of-2009
2013,4026,6039,8052,10065,12078,14091,16104,18117,20130,22143,24156,26169,28182,30195,32208,34221,36234,38247,40260,table-of-2013,2012,/table-of-2012,2011,/table-of-2011,2010,/table-of-2010
2014,4028,6042,8056,10070,12084,14098,16112,18126,20140,22154,24168,26182,28196,30210,32224,34238,36252,38266,40280,table-of-2014,2013,/table-of-2013,2012,/table-of-2012,2011,/table-of-2011
2015,4030,6045,8060,10075,12090,14105,16120,18135,20150,22165,24180,26195,28210,30225,32240,34255,36270,38285,40300,table-of-2015,2014,/table-of-2014,2013,/table-of-2013,2012,/table-of-2012
2016,4032,6048,8064,10080,12096,14112,16128,18144,20160,22176,24192,26208,28224,30240,32256,34272,36288,38304,40320,table-of-2016,2015,/table-of-2015,2014,/table-of-2014,2013,/table-of-2013
2017,4034,6051,8068,10085,12102,14119,16136,18153,20170,22187,24204,26221,28238,30255,32272,34289,36306,38323,40340,table-of-2017,2016,/table-of-2016,2015,/table-of-2015,2014,/table-of-2014
2018,4036,6054,8072,10090,12108,14126,16144,18162,20180,22198,24216,26234,28252,30270,32288,34306,36324,38342,40360,table-of-2018,2017,/table-of-2017,2016,/table-of-2016,2015,/table-of-2015
2019,4038,6057,8076,10095,12114,14133,16152,18171,20190,22209,24228,26247,28266,30285,32304,34323,36342,38361,40380,table-of-2019,2018,/table-of-2018,2017,/table-of-2017,2016,/table-of-2016
2020,4040,6060,8080,10100,12120,14140,16160,18180,20200,22220,24240,26260,28280,30300,32320,34340,36360,38380,40400,table-of-2020,2019,/table-of-2019,2018,/table-of-2018,2017,/table-of-2017
2021,4042,6063,8084,10105,12126,14147,16168,18189,20210,22231,24252,26273,28294,30315,32336,34357,36378,38399,40420,table-of-2021,2020,/table-of-2020,2019,/table-of-2019,2018,/table-of-2018
2022,4044,6066,8088,10110,12132,14154,16176,18198,20220,22242,24264,26286,28308,30330,32352,34374,36396,38418,40440,table-of-2022,2021,/table-of-2021,2020,/table-of-2020,2019,/table-of-2019
2023,4046,6069,8092,10115,12138,14161,16184,18207,20230,22253,24276,26299,28322,30345,32368,34391,36414,38437,40460,table-of-2023,2022,/table-of-2022,2021,/table-of-2021,2020,/table-of-2020
2024,4048,6072,8096,10120,12144,14168,16192,18216,20240,22264,24288,26312,28336,30360,32384,34408,36432,38456,40480,table-of-2024,2023,/table-of-2023,2022,/table-of-2022,2021,/table-of-2021
2025,4050,6075,8100,10125,12150,14175,16200,18225,20250,22275,24300,26325,28350,30375,32400,34425,36450,38475,40500,table-of-2025,2024,/table-of-2024,2023,/table-of-2023,2022,/table-of-2022
2026,4052,6078,8104,10130,12156,14182,16208,18234,20260,22286,24312,26338,28364,30390,32416,34442,36468,38494,40520,table-of-2026,2025,/table-of-2025,2024,/table-of-2024,2023,/table-of-2023
2027,4054,6081,8108,10135,12162,14189,16216,18243,20270,22297,24324,26351,28378,30405,32432,34459,36486,38513,40540,table-of-2027,2026,/table-of-2026,2025,/table-of-2025,2024,/table-of-2024
2028,4056,6084,8112,10140,12168,14196,16224,18252,20280,22308,24336,26364,28392,30420,32448,34476,36504,38532,40560,table-of-2028,2027,/table-of-2027,2026,/table-of-2026,2025,/table-of-2025
2029,4058,6087,8116,10145,12174,14203,16232,18261,20290,22319,24348,26377,28406,30435,32464,34493,36522,38551,40580,table-of-2029,2028,/table-of-2028,2027,/table-of-2027,2026,/table-of-2026
2030,4060,6090,8120,10150,12180,14210,16240,18270,20300,22330,24360,26390,28420,30450,32480,34510,36540,38570,40600,table-of-2030,2029,/table-of-2029,2028,/table-of-2028,2027,/table-of-2027
2031,4062,6093,8124,10155,12186,14217,16248,18279,20310,22341,24372,26403,28434,30465,32496,34527,36558,38589,40620,table-of-2031,2030,/table-of-2030,2029,/table-of-2029,2028,/table-of-2028
2032,4064,6096,8128,10160,12192,14224,16256,18288,20320,22352,24384,26416,28448,30480,32512,34544,36576,38608,40640,table-of-2032,2031,/table-of-2031,2030,/table-of-2030,2029,/table-of-2029
2033,4066,6099,8132,10165,12198,14231,16264,18297,20330,22363,24396,26429,28462,30495,32528,34561,36594,38627,40660,table-of-2033,2032,/table-of-2032,2031,/table-of-2031,2030,/table-of-2030
2034,4068,6102,8136,10170,12204,14238,16272,18306,20340,22374,24408,26442,28476,30510,32544,34578,36612,38646,40680,table-of-2034,2033,/table-of-2033,2032,/table-of-2032,2031,/table-of-2031
2035,4070,6105,8140,10175,12210,14245,16280,18315,20350,22385,24420,26455,28490,30525,32560,34595,36630,38665,40700,table-of-2035,2034,/table-of-2034,2033,/table-of-2033,2032,/table-of-2032
2036,4072,6108,8144,10180,12216,14252,16288,18324,20360,22396,24432,26468,28504,30540,32576,34612,36648,38684,40720,table-of-2036,2035,/table-of-2035,2034,/table-of-2034,2033,/table-of-2033
2037,4074,6111,8148,10185,12222,14259,16296,18333,20370,22407,24444,26481,28518,30555,32592,34629,36666,38703,40740,table-of-2037,2036,/table-of-2036,2035,/table-of-2035,2034,/table-of-2034
2038,4076,6114,8152,10190,12228,14266,16304,18342,20380,22418,24456,26494,28532,30570,32608,34646,36684,38722,40760,table-of-2038,2037,/table-of-2037,2036,/table-of-2036,2035,/table-of-2035
2039,4078,6117,8156,10195,12234,14273,16312,18351,20390,22429,24468,26507,28546,30585,32624,34663,36702,38741,40780,table-of-2039,2038,/table-of-2038,2037,/table-of-2037,2036,/table-of-2036
2040,4080,6120,8160,10200,12240,14280,16320,18360,20400,22440,24480,26520,28560,30600,32640,34680,36720,38760,40800,table-of-2040,2039,/table-of-2039,2038,/table-of-2038,2037,/table-of-2037
2041,4082,6123,8164,10205,12246,14287,16328,18369,20410,22451,24492,26533,28574,30615,32656,34697,36738,38779,40820,table-of-2041,2040,/table-of-2040,2039,/table-of-2039,2038,/table-of-2038
2042,4084,6126,8168,10210,12252,14294,16336,18378,20420,22462,24504,26546,28588,30630,32672,34714,36756,38798,40840,table-of-2042,2041,/table-of-2041,2040,/table-of-2040,2039,/table-of-2039
2043,4086,6129,8172,10215,12258,14301,16344,18387,20430,22473,24516,26559,28602,30645,32688,34731,36774,38817,40860,table-of-2043,2042,/table-of-2042,2041,/table-of-2041,2040,/table-of-2040
2044,4088,6132,8176,10220,12264,14308,16352,18396,20440,22484,24528,26572,28616,30660,32704,34748,36792,38836,40880,table-of-2044,2043,/table-of-2043,2042,/table-of-2042,2041,/table-of-2041
2045,4090,6135,8180,10225,12270,14315,16360,18405,20450,22495,24540,26585,28630,30675,32720,34765,36810,38855,40900,table-of-2045,2044,/table-of-2044,2043,/table-of-2043,2042,/table-of-2042
2046,4092,6138,8184,10230,12276,14322,16368,18414,20460,22506,24552,26598,28644,30690,32736,34782,36828,38874,40920,table-of-2046,2045,/table-of-2045,2044,/table-of-2044,2043,/table-of-2043
2047,4094,6141,8188,10235,12282,14329,16376,18423,20470,22517,24564,26611,28658,30705,32752,34799,36846,38893,40940,table-of-2047,2046,/table-of-2046,2045,/table-of-2045,2044,/table-of-2044
2048,4096,6144,8192,10240,12288,14336,16384,18432,20480,22528,24576,26624,28672,30720,32768,34816,36864,38912,40960,table-of-2048,2047,/table-of-2047,2046,/table-of-2046,2045,/table-of-2045
2049,4098,6147,8196,10245,12294,14343,16392,18441,20490,22539,24588,26637,28686,30735,32784,34833,36882,38931,40980,table-of-2049,2048,/table-of-2048,2047,/table-of-2047,2046,/table-of-2046
2050,4100,6150,8200,10250,12300,14350,16400,18450,20500,22550,24600,26650,28700,30750,32800,34850,36900,38950,41000,table-of-2050,2049,/table-of-2049,2048,/table-of-2048,2047,/table-of-2047
2051,4102,6153,8204,10255,12306,14357,16408,18459,20510,22561,24612,26663,28714,30765,32816,34867,36918,38969,41020,table-of-2051,2050,/table-of-2050,2049,/table-of-2049,2048,/table-of-2048
2052,4104,6156,8208,10260,12312,14364,16416,18468,20520,22572,24624,26676,28728,30780,32832,34884,36936,38988,41040,table-of-2052,2051,/table-of-2051,2050,/table-of-2050,2049,/table-of-2049
2053,4106,6159,8212,10265,12318,14371,16424,18477,20530,22583,24636,26689,28742,30795,32848,34901,36954,39007,41060,table-of-2053,2052,/table-of-2052,2051,/table-of-2051,2050,/table-of-2050
2054,4108,6162,8216,10270,12324,14378,16432,18486,20540,22594,24648,26702,28756,30810,32864,34918,36972,39026,41080,table-of-2054,2053,/table-of-2053,2052,/table-of-2052,2051,/table-of-2051
2055,4110,6165,8220,10275,12330,14385,16440,18495,20550,22605,24660,26715,28770,30825,32880,34935,36990,39045,41100,table-of-2055,2054,/table-of-2054,2053,/table-of-2053,2052,/table-of-2052
2056,4112,6168,8224,10280,12336,14392,16448,18504,20560,22616,24672,26728,28784,30840,32896,34952,37008,39064,41120,table-of-2056,2055,/table-of-2055,2054,/table-of-2054,2053,/table-of-2053
2057,4114,6171,8228,10285,12342,14399,16456,18513,20570,22627,24684,26741,28798,30855,32912,34969,37026,39083,41140,table-of-2057,2056,/table-of-2056,2055,/table-of-2055,2054,/table-of-2054
2058,4116,6174,8232,10290,12348,14406,16464,18522,20580,22638,24696,26754,28812,30870,32928,34986,37044,39102,41160,table-of-2058,2057,/table-of-2057,2056,/table-of-2056,2055,/table-of-2055
2059,4118,6177,8236,10295,12354,14413,16472,18531,20590,22649,24708,26767,28826,30885,32944,35003,37062,39121,41180,table-of-2059,2058,/table-of-2058,2057,/table-of-2057,2056,/table-of-2056
2060,4120,6180,8240,10300,12360,14420,16480,18540,20600,22660,24720,26780,28840,30900,32960,35020,37080,39140,41200,table-of-2060,2059,/table-of-2059,2058,/table-of-2058,2057,/table-of-2057
2061,4122,6183,8244,10305,12366,14427,16488,18549,20610,22671,24732,26793,28854,30915,32976,35037,37098,39159,41220,table-of-2061,2060,/table-of-2060,2059,/table-of-2059,2058,/table-of-2058
2062,4124,6186,8248,10310,12372,14434,16496,18558,20620,22682,24744,26806,28868,30930,32992,35054,37116,39178,41240,table-of-2062,2061,/table-of-2061,2060,/table-of-2060,2059,/table-of-2059
2063,4126,6189,8252,10315,12378,14441,16504,18567,20630,22693,24756,26819,28882,30945,33008,35071,37134,39197,41260,table-of-2063,2062,/table-of-2062,2061,/table-of-2061,2060,/table-of-2060
2064,4128,6192,8256,10320,12384,14448,16512,18576,20640,22704,24768,26832,28896,30960,33024,35088,37152,39216,41280,table-of-2064,2063,/table-of-2063,2062,/table-of-2062,2061,/table-of-2061
2065,4130,6195,8260,10325,12390,14455,16520,18585,20650,22715,24780,26845,28910,30975,33040,35105,37170,39235,41300,table-of-2065,2064,/table-of-2064,2063,/table-of-2063,2062,/table-of-2062
2066,4132,6198,8264,10330,12396,14462,16528,18594,20660,22726,24792,26858,28924,30990,33056,35122,37188,39254,41320,table-of-2066,2065,/table-of-2065,2064,/table-of-2064,2063,/table-of-2063
2067,4134,6201,8268,10335,12402,14469,16536,18603,20670,22737,24804,26871,28938,31005,33072,35139,37206,39273,41340,table-of-2067,2066,/table-of-2066,2065,/table-of-2065,2064,/table-of-2064
2068,4136,6204,8272,10340,12408,14476,16544,18612,20680,22748,24816,26884,28952,31020,33088,35156,37224,39292,41360,table-of-2068,2067,/table-of-2067,2066,/table-of-2066,2065,/table-of-2065
2069,4138,6207,8276,10345,12414,14483,16552,18621,20690,22759,24828,26897,28966,31035,33104,35173,37242,39311,41380,table-of-2069,2068,/table-of-2068,2067,/table-of-2067,2066,/table-of-2066
2070,4140,6210,8280,10350,12420,14490,16560,18630,20700,22770,24840,26910,28980,31050,33120,35190,37260,39330,41400,table-of-2070,2069,/table-of-2069,2068,/table-of-2068,2067,/table-of-2067
2071,4142,6213,8284,10355,12426,14497,16568,18639,20710,22781,24852,26923,28994,31065,33136,35207,37278,39349,41420,table-of-2071,2070,/table-of-2070,2069,/table-of-2069,2068,/table-of-2068
2072,4144,6216,8288,10360,12432,14504,16576,18648,20720,22792,24864,26936,29008,31080,33152,35224,37296,39368,41440,table-of-2072,2071,/table-of-2071,2070,/table-of-2070,2069,/table-of-2069
2073,4146,6219,8292,10365,12438,14511,16584,18657,20730,22803,24876,26949,29022,31095,33168,35241,37314,39387,41460,table-of-2073,2072,/table-of-2072,2071,/table-of-2071,2070,/table-of-2070
2074,4148,6222,8296,10370,12444,14518,16592,18666,20740,22814,24888,26962,29036,31110,33184,35258,37332,39406,41480,table-of-2074,2073,/table-of-2073,2072,/table-of-2072,2071,/table-of-2071
2075,4150,6225,8300,10375,12450,14525,16600,18675,20750,22825,24900,26975,29050,31125,33200,35275,37350,39425,41500,table-of-2075,2074,/table-of-2074,2073,/table-of-2073,2072,/table-of-2072
2076,4152,6228,8304,10380,12456,14532,16608,18684,20760,22836,24912,26988,29064,31140,33216,35292,37368,39444,41520,table-of-2076,2075,/table-of-2075,2074,/table-of-2074,2073,/table-of-2073
2077,4154,6231,8308,10385,12462,14539,16616,18693,20770,22847,24924,27001,29078,31155,33232,35309,37386,39463,41540,table-of-2077,2076,/table-of-2076,2075,/table-of-2075,2074,/table-of-2074
2078,4156,6234,8312,10390,12468,14546,16624,18702,20780,22858,24936,27014,29092,31170,33248,35326,37404,39482,41560,table-of-2078,2077,/table-of-2077,2076,/table-of-2076,2075,/table-of-2075
2079,4158,6237,8316,10395,12474,14553,16632,18711,20790,22869,24948,27027,29106,31185,33264,35343,37422,39501,41580,table-of-2079,2078,/table-of-2078,2077,/table-of-2077,2076,/table-of-2076
2080,4160,6240,8320,10400,12480,14560,16640,18720,20800,22880,24960,27040,29120,31200,33280,35360,37440,39520,41600,table-of-2080,2079,/table-of-2079,2078,/table-of-2078,2077,/table-of-2077
2081,4162,6243,8324,10405,12486,14567,16648,18729,20810,22891,24972,27053,29134,31215,33296,35377,37458,39539,41620,table-of-2081,2080,/table-of-2080,2079,/table-of-2079,2078,/table-of-2078
2082,4164,6246,8328,10410,12492,14574,16656,18738,20820,22902,24984,27066,29148,31230,33312,35394,37476,39558,41640,table-of-2082,2081,/table-of-2081,2080,/table-of-2080,2079,/table-of-2079
2083,4166,6249,8332,10415,12498,14581,16664,18747,20830,22913,24996,27079,29162,31245,33328,35411,37494,39577,41660,table-of-2083,2082,/table-of-2082,2081,/table-of-2081,2080,/table-of-2080
2084,4168,6252,8336,10420,12504,14588,16672,18756,20840,22924,25008,27092,29176,31260,33344,35428,37512,39596,41680,table-of-2084,2083,/table-of-2083,2082,/table-of-2082,2081,/table-of-2081
2085,4170,6255,8340,10425,12510,14595,16680,18765,20850,22935,25020,27105,29190,31275,33360,35445,37530,39615,41700,table-of-2085,2084,/table-of-2084,2083,/table-of-2083,2082,/table-of-2082
2086,4172,6258,8344,10430,12516,14602,16688,18774,20860,22946,25032,27118,29204,31290,33376,35462,37548,39634,41720,table-of-2086,2085,/table-of-2085,2084,/table-of-2084,2083,/table-of-2083
2087,4174,6261,8348,10435,12522,14609,16696,18783,20870,22957,25044,27131,29218,31305,33392,35479,37566,39653,41740,table-of-2087,2086,/table-of-2086,2085,/table-of-2085,2084,/table-of-2084
2088,4176,6264,8352,10440,12528,14616,16704,18792,20880,22968,25056,27144,29232,31320,33408,35496,37584,39672,41760,table-of-2088,2087,/table-of-2087,2086,/table-of-2086,2085,/table-of-2085
2089,4178,6267,8356,10445,12534,14623,16712,18801,20890,22979,25068,27157,29246,31335,33424,35513,37602,39691,41780,table-of-2089,2088,/table-of-2088,2087,/table-of-2087,2086,/table-of-2086
2090,4180,6270,8360,10450,12540,14630,16720,18810,20900,22990,25080,27170,29260,31350,33440,35530,37620,39710,41800,table-of-2090,2089,/table-of-2089,2088,/table-of-2088,2087,/table-of-2087
2091,4182,6273,8364,10455,12546,14637,16728,18819,20910,23001,25092,27183,29274,31365,33456,35547,37638,39729,41820,table-of-2091,2090,/table-of-2090,2089,/table-of-2089,2088,/table-of-2088
2092,4184,6276,8368,10460,12552,14644,16736,18828,20920,23012,25104,27196,29288,31380,33472,35564,37656,39748,41840,table-of-2092,2091,/table-of-2091,2090,/table-of-2090,2089,/table-of-2089
2093,4186,6279,8372,10465,12558,14651,16744,18837,20930,23023,25116,27209,29302,31395,33488,35581,37674,39767,41860,table-of-2093,2092,/table-of-2092,2091,/table-of-2091,2090,/table-of-2090
2094,4188,6282,8376,10470,12564,14658,16752,18846,20940,23034,25128,27222,29316,31410,33504,35598,37692,39786,41880,table-of-2094,2093,/table-of-2093,2092,/table-of-2092,2091,/table-of-2091
2095,4190,6285,8380,10475,12570,14665,16760,18855,20950,23045,25140,27235,29330,31425,33520,35615,37710,39805,41900,table-of-2095,2094,/table-of-2094,2093,/table-of-2093,2092,/table-of-2092
2096,4192,6288,8384,10480,12576,14672,16768,18864,20960,23056,25152,27248,29344,31440,33536,35632,37728,39824,41920,table-of-2096,2095,/table-of-2095,2094,/table-of-2094,2093,/table-of-2093
2097,4194,6291,8388,10485,12582,14679,16776,18873,20970,23067,25164,27261,29358,31455,33552,35649,37746,39843,41940,table-of-2097,2096,/table-of-2096,2095,/table-of-2095,2094,/table-of-2094
2098,4196,6294,8392,10490,12588,14686,16784,18882,20980,23078,25176,27274,29372,31470,33568,35666,37764,39862,41960,table-of-2098,2097,/table-of-2097,2096,/table-of-2096,2095,/table-of-2095
2099,4198,6297,8396,10495,12594,14693,16792,18891,20990,23089,25188,27287,29386,31485,33584,35683,37782,39881,41980,table-of-2099,2098,/table-of-2098,2097,/table-of-2097,2096,/table-of-2096
2100,4200,6300,8400,10500,12600,14700,16800,18900,21000,23100,25200,27300,29400,31500,33600,35700,37800,39900,42000,table-of-2100,2099,/table-of-2099,2098,/table-of-2098,2097,/table-of-2097
2101,4202,6303,8404,10505,12606,14707,16808,18909,21010,23111,25212,27313,29414,31515,33616,35717,37818,39919,42020,table-of-2101,2100,/table-of-2100,2099,/table-of-2099,2098,/table-of-2098
2102,4204,6306,8408,10510,12612,14714,16816,18918,21020,23122,25224,27326,29428,31530,33632,35734,37836,39938,42040,table-of-2102,2101,/table-of-2101,2100,/table-of-2100,2099,/table-of-2099
2103,4206,6309,8412,10515,12618,14721,16824,18927,21030,23133,25236,27339,29442,31545,33648,35751,37854,39957,42060,table-of-2103,2102,/table-of-2102,2101,/table-of-2101,2100,/table-of-2100
2104,4208,6312,8416,10520,12624,14728,16832,18936,21040,23144,25248,27352,29456,31560,33664,35768,37872,39976,42080,table-of-2104,2103,/table-of-2103,2102,/table-of-2102,2101,/table-of-2101
2105,4210,6315,8420,10525,12630,14735,16840,18945,21050,23155,25260,27365,29470,31575,33680,35785,37890,39995,42100,table-of-2105,2104,/table-of-2104,2103,/table-of-2103,2102,/table-of-2102
2106,4212,6318,8424,10530,12636,14742,16848,18954,21060,23166,25272,27378,29484,31590,33696,35802,37908,40014,42120,table-of-2106,2105,/table-of-2105,2104,/table-of-2104,2103,/table-of-2103
2107,4214,6321,8428,10535,12642,14749,16856,18963,21070,23177,25284,27391,29498,31605,33712,35819,37926,40033,42140,table-of-2107,2106,/table-of-2106,2105,/table-of-2105,2104,/table-of-2104
2108,4216,6324,8432,10540,12648,14756,16864,18972,21080,23188,25296,27404,29512,31620,33728,35836,37944,40052,42160,table-of-2108,2107,/table-of-2107,2106,/table-of-2106,2105,/table-of-2105
2109,4218,6327,8436,10545,12654,14763,16872,18981,21090,23199,25308,27417,29526,31635,33744,35853,37962,40071,42180,table-of-2109,2108,/table-of-2108,2107,/table-of-2107,2106,/table-of-2106
2110,4220,6330,8440,10550,12660,14770,16880,18990,21100,23210,25320,27430,29540,31650,33760,35870,37980,40090,42200,table-of-2110,2109,/table-of-2109,2108,/table-of-2108,2107,/table-of-2107
2111,4222,6333,8444,10555,12666,14777,16888,18999,21110,23221,25332,27443,29554,31665,33776,35887,37998,40109,42220,table-of-2111,2110,/table-of-2110,2109,/table-of-2109,2108,/table-of-2108
2112,4224,6336,8448,10560,12672,14784,16896,19008,21120,23232,25344,27456,29568,31680,33792,35904,38016,40128,42240,table-of-2112,2111,/table-of-2111,2110,/table-of-2110,2109,/table-of-2109
2113,4226,6339,8452,10565,12678,14791,16904,19017,21130,23243,25356,27469,29582,31695,33808,35921,38034,40147,42260,table-of-2113,2112,/table-of-2112,2111,/table-of-2111,2110,/table-of-2110
2114,4228,6342,8456,10570,12684,14798,16912,19026,21140,23254,25368,27482,29596,31710,33824,35938,38052,40166,42280,table-of-2114,2113,/table-of-2113,2112,/table-of-2112,2111,/table-of-2111
2115,4230,6345,8460,10575,12690,14805,16920,19035,21150,23265,25380,27495,29610,31725,33840,35955,38070,40185,42300,table-of-2115,2114,/table-of-2114,2113,/table-of-2113,2112,/table-of-2112
2116,4232,6348,8464,10580,12696,14812,16928,19044,21160,23276,25392,27508,29624,31740,33856,35972,38088,40204,42320,table-of-2116,2115,/table-of-2115,2114,/table-of-2114,2113,/table-of-2113
2117,4234,6351,8468,10585,12702,14819,16936,19053,21170,23287,25404,27521,29638,31755,33872,35989,38106,40223,42340,table-of-2117,2116,/table-of-2116,2115,/table-of-2115,2114,/table-of-2114
2118,4236,6354,8472,10590,12708,14826,16944,19062,21180,23298,25416,27534,29652,31770,33888,36006,38124,40242,42360,table-of-2118,2117,/table-of-2117,2116,/table-of-2116,2115,/table-of-2115
2119,4238,6357,8476,10595,12714,14833,16952,19071,21190,23309,25428,27547,29666,31785,33904,36023,38142,40261,42380,table-of-2119,2118,/table-of-2118,2117,/table-of-2117,2116,/table-of-2116
2120,4240,6360,8480,10600,12720,14840,16960,19080,21200,23320,25440,27560,29680,31800,33920,36040,38160,40280,42400,table-of-2120,2119,/table-of-2119,2118,/table-of-2118,2117,/table-of-2117
2121,4242,6363,8484,10605,12726,14847,16968,19089,21210,23331,25452,27573,29694,31815,33936,36057,38178,40299,42420,table-of-2121,2120,/table-of-2120,2119,/table-of-2119,2118,/table-of-2118
2122,4244,6366,8488,10610,12732,14854,16976,19098,21220,23342,25464,27586,29708,31830,33952,36074,38196,40318,42440,table-of-2122,2121,/table-of-2121,2120,/table-of-2120,2119,/table-of-2119
2123,4246,6369,8492,10615,12738,14861,16984,19107,21230,23353,25476,27599,29722,31845,33968,36091,38214,40337,42460,table-of-2123,2122,/table-of-2122,2121,/table-of-2121,2120,/table-of-2120
2124,4248,6372,8496,10620,12744,14868,16992,19116,21240,23364,25488,27612,29736,31860,33984,36108,38232,40356,42480,table-of-2124,2123,/table-of-2123,2122,/table-of-2122,2121,/table-of-2121
2125,4250,6375,8500,10625,12750,14875,17000,19125,21250,23375,25500,27625,29750,31875,34000,36125,38250,40375,42500,table-of-2125,2124,/table-of-2124,2123,/table-of-2123,2122,/table-of-2122
2126,4252,6378,8504,10630,12756,14882,17008,19134,21260,23386,25512,27638,29764,31890,34016,36142,38268,40394,42520,table-of-2126,2125,/table-of-2125,2124,/table-of-2124,2123,/table-of-2123
2127,4254,6381,8508,10635,12762,14889,17016,19143,21270,23397,25524,27651,29778,31905,34032,36159,38286,40413,42540,table-of-2127,2126,/table-of-2126,2125,/table-of-2125,2124,/table-of-2124
2128,4256,6384,8512,10640,12768,14896,17024,19152,21280,23408,25536,27664,29792,31920,34048,36176,38304,40432,42560,table-of-2128,2127,/table-of-2127,2126,/table-of-2126,2125,/table-of-2125
2129,4258,6387,8516,10645,12774,14903,17032,19161,21290,23419,25548,27677,29806,31935,34064,36193,38322,40451,42580,table-of-2129,2128,/table-of-2128,2127,/table-of-2127,2126,/table-of-2126
2130,4260,6390,8520,10650,12780,14910,17040,19170,21300,23430,25560,27690,29820,31950,34080,36210,38340,40470,42600,table-of-2130,2129,/table-of-2129,2128,/table-of-2128,2127,/table-of-2127
2131,4262,6393,8524,10655,12786,14917,17048,19179,21310,23441,25572,27703,29834,31965,34096,36227,38358,40489,42620,table-of-2131,2130,/table-of-2130,2129,/table-of-2129,2128,/table-of-2128
2132,4264,6396,8528,10660,12792,14924,17056,19188,21320,23452,25584,27716,29848,31980,34112,36244,38376,40508,42640,table-of-2132,2131,/table-of-2131,2130,/table-of-2130,2129,/table-of-2129
2133,4266,6399,8532,10665,12798,14931,17064,19197,21330,23463,25596,27729,29862,31995,34128,36261,38394,40527,42660,table-of-2133,2132,/table-of-2132,2131,/table-of-2131,2130,/table-of-2130
2134,4268,6402,8536,10670,12804,14938,17072,19206,21340,23474,25608,27742,29876,32010,34144,36278,38412,40546,42680,table-of-2134,2133,/table-of-2133,2132,/table-of-2132,2131,/table-of-2131
2135,4270,6405,8540,10675,12810,14945,17080,19215,21350,23485,25620,27755,29890,32025,34160,36295,38430,40565,42700,table-of-2135,2134,/table-of-2134,2133,/table-of-2133,2132,/table-of-2132
2136,4272,6408,8544,10680,12816,14952,17088,19224,21360,23496,25632,27768,29904,32040,34176,36312,38448,40584,42720,table-of-2136,2135,/table-of-2135,2134,/table-of-2134,2133,/table-of-2133
2137,4274,6411,8548,10685,12822,14959,17096,19233,21370,23507,25644,27781,29918,32055,34192,36329,38466,40603,42740,table-of-2137,2136,/table-of-2136,2135,/table-of-2135,2134,/table-of-2134
2138,4276,6414,8552,10690,12828,14966,17104,19242,21380,23518,25656,27794,29932,32070,34208,36346,38484,40622,42760,table-of-2138,2137,/table-of-2137,2136,/table-of-2136,2135,/table-of-2135
2139,4278,6417,8556,10695,12834,14973,17112,19251,21390,23529,25668,27807,29946,32085,34224,36363,38502,40641,42780,table-of-2139,2138,/table-of-2138,2137,/table-of-2137,2136,/table-of-2136
2140,4280,6420,8560,10700,12840,14980,17120,19260,21400,23540,25680,27820,29960,32100,34240,36380,38520,40660,42800,table-of-2140,2139,/table-of-2139,2138,/table-of-2138,2137,/table-of-2137
2141,4282,6423,8564,10705,12846,14987,17128,19269,21410,23551,25692,27833,29974,32115,34256,36397,38538,40679,42820,table-of-2141,2140,/table-of-2140,2139,/table-of-2139,2138,/table-of-2138
2142,4284,6426,8568,10710,12852,14994,17136,19278,21420,23562,25704,27846,29988,32130,34272,36414,38556,40698,42840,table-of-2142,2141,/table-of-2141,2140,/table-of-2140,2139,/table-of-2139
2143,4286,6429,8572,10715,12858,15001,17144,19287,21430,23573,25716,27859,30002,32145,34288,36431,38574,40717,42860,table-of-2143,2142,/table-of-2142,2141,/table-of-2141,2140,/table-of-2140
2144,4288,6432,8576,10720,12864,15008,17152,19296,21440,23584,25728,27872,30016,32160,34304,36448,38592,40736,42880,table-of-2144,2143,/table-of-2143,2142,/table-of-2142,2141,/table-of-2141
2145,4290,6435,8580,10725,12870,15015,17160,19305,21450,23595,25740,27885,30030,32175,34320,36465,38610,40755,42900,table-of-2145,2144,/table-of-2144,2143,/table-of-2143,2142,/table-of-2142
2146,4292,6438,8584,10730,12876,15022,17168,19314,21460,23606,25752,27898,30044,32190,34336,36482,38628,40774,42920,table-of-2146,2145,/table-of-2145,2144,/table-of-2144,2143,/table-of-2143
2147,4294,6441,8588,10735,12882,15029,17176,19323,21470,23617,25764,27911,30058,32205,34352,36499,38646,40793,42940,table-of-2147,2146,/table-of-2146,2145,/table-of-2145,2144,/table-of-2144
2148,4296,6444,8592,10740,12888,15036,17184,19332,21480,23628,25776,27924,30072,32220,34368,36516,38664,40812,42960,table-of-2148,2147,/table-of-2147,2146,/table-of-2146,2145,/table-of-2145
2149,4298,6447,8596,10745,12894,15043,17192,19341,21490,23639,25788,27937,30086,32235,34384,36533,38682,40831,42980,table-of-2149,2148,/table-of-2148,2147,/table-of-2147,2146,/table-of-2146
2150,4300,6450,8600,10750,12900,15050,17200,19350,21500,23650,25800,27950,30100,32250,34400,36550,38700,40850,43000,table-of-2150,2149,/table-of-2149,2148,/table-of-2148,2147,/table-of-2147
2151,4302,6453,8604,10755,12906,15057,17208,19359,21510,23661,25812,27963,30114,32265,34416,36567,38718,40869,43020,table-of-2151,2150,/table-of-2150,2149,/table-of-2149,2148,/table-of-2148
2152,4304,6456,8608,10760,12912,15064,17216,19368,21520,23672,25824,27976,30128,32280,34432,36584,38736,40888,43040,table-of-2152,2151,/table-of-2151,2150,/table-of-2150,2149,/table-of-2149
2153,4306,6459,8612,10765,12918,15071,17224,19377,21530,23683,25836,27989,30142,32295,34448,36601,38754,40907,43060,table-of-2153,2152,/table-of-2152,2151,/table-of-2151,2150,/table-of-2150
2154,4308,6462,8616,10770,12924,15078,17232,19386,21540,23694,25848,28002,30156,32310,34464,36618,38772,40926,43080,table-of-2154,2153,/table-of-2153,2152,/table-of-2152,2151,/table-of-2151
2155,4310,6465,8620,10775,12930,15085,17240,19395,21550,23705,25860,28015,30170,32325,34480,36635,38790,40945,43100,table-of-2155,2154,/table-of-2154,2153,/table-of-2153,2152,/table-of-2152
2156,4312,6468,8624,10780,12936,15092,17248,19404,21560,23716,25872,28028,30184,32340,34496,36652,38808,40964,43120,table-of-2156,2155,/table-of-2155,2154,/table-of-2154,2153,/table-of-2153
2157,4314,6471,8628,10785,12942,15099,17256,19413,21570,23727,25884,28041,30198,32355,34512,36669,38826,40983,43140,table-of-2157,2156,/table-of-2156,2155,/table-of-2155,2154,/table-of-2154
2158,4316,6474,8632,10790,12948,15106,17264,19422,21580,23738,25896,28054,30212,32370,34528,36686,38844,41002,43160,table-of-2158,2157,/table-of-2157,2156,/table-of-2156,2155,/table-of-2155
2159,4318,6477,8636,10795,12954,15113,17272,19431,21590,23749,25908,28067,30226,32385,34544,36703,38862,41021,43180,table-of-2159,2158,/table-of-2158,2157,/table-of-2157,2156,/table-of-2156
2160,4320,6480,8640,10800,12960,15120,17280,19440,21600,23760,25920,28080,30240,32400,34560,36720,38880,41040,43200,table-of-2160,2159,/table-of-2159,2158,/table-of-2158,2157,/table-of-2157
2161,4322,6483,8644,10805,12966,15127,17288,19449,21610,23771,25932,28093,30254,32415,34576,36737,38898,41059,43220,table-of-2161,2160,/table-of-2160,2159,/table-of-2159,2158,/table-of-2158
2162,4324,6486,8648,10810,12972,15134,17296,19458,21620,23782,25944,28106,30268,32430,34592,36754,38916,41078,43240,table-of-2162,2161,/table-of-2161,2160,/table-of-2160,2159,/table-of-2159
2163,4326,6489,8652,10815,12978,15141,17304,19467,21630,23793,25956,28119,30282,32445,34608,36771,38934,41097,43260,table-of-2163,2162,/table-of-2162,2161,/table-of-2161,2160,/table-of-2160
2164,4328,6492,8656,10820,12984,15148,17312,19476,21640,23804,25968,28132,30296,32460,34624,36788,38952,41116,43280,table-of-2164,2163,/table-of-2163,2162,/table-of-2162,2161,/table-of-2161
2165,4330,6495,8660,10825,12990,15155,17320,19485,21650,23815,25980,28145,30310,32475,34640,36805,38970,41135,43300,table-of-2165,2164,/table-of-2164,2163,/table-of-2163,2162,/table-of-2162
2166,4332,6498,8664,10830,12996,15162,17328,19494,21660,23826,25992,28158,30324,32490,34656,36822,38988,41154,43320,table-of-2166,2165,/table-of-2165,2164,/table-of-2164,2163,/table-of-2163
2167,4334,6501,8668,10835,13002,15169,17336,19503,21670,23837,26004,28171,30338,32505,34672,36839,39006,41173,43340,table-of-2167,2166,/table-of-2166,2165,/table-of-2165,2164,/table-of-2164
2168,4336,6504,8672,10840,13008,15176,17344,19512,21680,23848,26016,28184,30352,32520,34688,36856,39024,41192,43360,table-of-2168,2167,/table-of-2167,2166,/table-of-2166,2165,/table-of-2165
2169,4338,6507,8676,10845,13014,15183,17352,19521,21690,23859,26028,28197,30366,32535,34704,36873,39042,41211,43380,table-of-2169,2168,/table-of-2168,2167,/table-of-2167,2166,/table-of-2166
2170,4340,6510,8680,10850,13020,15190,17360,19530,21700,23870,26040,28210,30380,32550,34720,36890,39060,41230,43400,table-of-2170,2169,/table-of-2169,2168,/table-of-2168,2167,/table-of-2167
2171,4342,6513,8684,10855,13026,15197,17368,19539,21710,23881,26052,28223,30394,32565,34736,36907,39078,41249,43420,table-of-2171,2170,/table-of-2170,2169,/table-of-2169,2168,/table-of-2168
2172,4344,6516,8688,10860,13032,15204,17376,19548,21720,23892,26064,28236,30408,32580,34752,36924,39096,41268,43440,table-of-2172,2171,/table-of-2171,2170,/table-of-2170,2169,/table-of-2169
2173,4346,6519,8692,10865,13038,15211,17384,19557,21730,23903,26076,28249,30422,32595,34768,36941,39114,41287,43460,table-of-2173,2172,/table-of-2172,2171,/table-of-2171,2170,/table-of-2170
2174,4348,6522,8696,10870,13044,15218,17392,19566,21740,23914,26088,28262,30436,32610,34784,36958,39132,41306,43480,table-of-2174,2173,/table-of-2173,2172,/table-of-2172,2171,/table-of-2171
2175,4350,6525,8700,10875,13050,15225,17400,19575,21750,23925,26100,28275,30450,32625,34800,36975,39150,41325,43500,table-of-2175,2174,/table-of-2174,2173,/table-of-2173,2172,/table-of-2172
2176,4352,6528,8704,10880,13056,15232,17408,19584,21760,23936,26112,28288,30464,32640,34816,36992,39168,41344,43520,table-of-2176,2175,/table-of-2175,2174,/table-of-2174,2173,/table-of-2173
2177,4354,6531,8708,10885,13062,15239,17416,19593,21770,23947,26124,28301,30478,32655,34832,37009,39186,41363,43540,table-of-2177,2176,/table-of-2176,2175,/table-of-2175,2174,/table-of-2174
2178,4356,6534,8712,10890,13068,15246,17424,19602,21780,23958,26136,28314,30492,32670,34848,37026,39204,41382,43560,table-of-2178,2177,/table-of-2177,2176,/table-of-2176,2175,/table-of-2175
2179,4358,6537,8716,10895,13074,15253,17432,19611,21790,23969,26148,28327,30506,32685,34864,37043,39222,41401,43580,table-of-2179,2178,/table-of-2178,2177,/table-of-2177,2176,/table-of-2176
2180,4360,6540,8720,10900,13080,15260,17440,19620,21800,23980,26160,28340,30520,32700,34880,37060,39240,41420,43600,table-of-2180,2179,/table-of-2179,2178,/table-of-2178,2177,/table-of-2177
2181,4362,6543,8724,10905,13086,15267,17448,19629,21810,23991,26172,28353,30534,32715,34896,37077,39258,41439,43620,table-of-2181,2180,/table-of-2180,2179,/table-of-2179,2178,/table-of-2178
2182,4364,6546,8728,10910,13092,15274,17456,19638,21820,24002,26184,28366,30548,32730,34912,37094,39276,41458,43640,table-of-2182,2181,/table-of-2181,2180,/table-of-2180,2179,/table-of-2179
2183,4366,6549,8732,10915,13098,15281,17464,19647,21830,24013,26196,28379,30562,32745,34928,37111,39294,41477,43660,table-of-2183,2182,/table-of-2182,2181,/table-of-2181,2180,/table-of-2180
2184,4368,6552,8736,10920,13104,15288,17472,19656,21840,24024,26208,28392,30576,32760,34944,37128,39312,41496,43680,table-of-2184,2183,/table-of-2183,2182,/table-of-2182,2181,/table-of-2181
2185,4370,6555,8740,10925,13110,15295,17480,19665,21850,24035,26220,28405,30590,32775,34960,37145,39330,41515,43700,table-of-2185,2184,/table-of-2184,2183,/table-of-2183,2182,/table-of-2182
2186,4372,6558,8744,10930,13116,15302,17488,19674,21860,24046,26232,28418,30604,32790,34976,37162,39348,41534,43720,table-of-2186,2185,/table-of-2185,2184,/table-of-2184,2183,/table-of-2183
2187,4374,6561,8748,10935,13122,15309,17496,19683,21870,24057,26244,28431,30618,32805,34992,37179,39366,41553,43740,table-of-2187,2186,/table-of-2186,2185,/table-of-2185,2184,/table-of-2184
2188,4376,6564,8752,10940,13128,15316,17504,19692,21880,24068,26256,28444,30632,32820,35008,37196,39384,41572,43760,table-of-2188,2187,/table-of-2187,2186,/table-of-2186,2185,/table-of-2185
2189,4378,6567,8756,10945,13134,15323,17512,19701,21890,24079,26268,28457,30646,32835,35024,37213,39402,41591,43780,table-of-2189,2188,/table-of-2188,2187,/table-of-2187,2186,/table-of-2186
2190,4380,6570,8760,10950,13140,15330,17520,19710,21900,24090,26280,28470,30660,32850,35040,37230,39420,41610,43800,table-of-2190,2189,/table-of-2189,2188,/table-of-2188,2187,/table-of-2187
2191,4382,6573,8764,10955,13146,15337,17528,19719,21910,24101,26292,28483,30674,32865,35056,37247,39438,41629,43820,table-of-2191,2190,/table-of-2190,2189,/table-of-2189,2188,/table-of-2188
2192,4384,6576,8768,10960,13152,15344,17536,19728,21920,24112,26304,28496,30688,32880,35072,37264,39456,41648,43840,table-of-2192,2191,/table-of-2191,2190,/table-of-2190,2189,/table-of-2189
2193,4386,6579,8772,10965,13158,15351,17544,19737,21930,24123,26316,28509,30702,32895,35088,37281,39474,41667,43860,table-of-2193,2192,/table-of-2192,2191,/table-of-2191,2190,/table-of-2190
2194,4388,6582,8776,10970,13164,15358,17552,19746,21940,24134,26328,28522,30716,32910,35104,37298,39492,41686,43880,table-of-2194,2193,/table-of-2193,2192,/table-of-2192,2191,/table-of-2191
2195,4390,6585,8780,10975,13170,15365,17560,19755,21950,24145,26340,28535,30730,32925,35120,37315,39510,41705,43900,table-of-2195,2194,/table-of-2194,2193,/table-of-2193,2192,/table-of-2192
2196,4392,6588,8784,10980,13176,15372,17568,19764,21960,24156,26352,28548,30744,32940,35136,37332,39528,41724,43920,table-of-2196,2195,/table-of-2195,2194,/table-of-2194,2193,/table-of-2193
2197,4394,6591,8788,10985,13182,15379,17576,19773,21970,24167,26364,28561,30758,32955,35152,37349,39546,41743,43940,table-of-2197,2196,/table-of-2196,2195,/table-of-2195,2194,/table-of-2194
2198,4396,6594,8792,10990,13188,15386,17584,19782,21980,24178,26376,28574,30772,32970,35168,37366,39564,41762,43960,table-of-2198,2197,/table-of-2197,2196,/table-of-2196,2195,/table-of-2195
2199,4398,6597,8796,10995,13194,15393,17592,19791,21990,24189,26388,28587,30786,32985,35184,37383,39582,41781,43980,table-of-2199,2198,/table-of-2198,2197,/table-of-2197,2196,/table-of-2196
2200,4400,6600,8800,11000,13200,15400,17600,19800,22000,24200,26400,28600,30800,33000,35200,37400,39600,41800,44000,table-of-2200,2199,/table-of-2199,2198,/table-of-2198,2197,/table-of-2197
2201,4402,6603,8804,11005,13206,15407,17608,19809,22010,24211,26412,28613,30814,33015,35216,37417,39618,41819,44020,table-of-2201,2200,/table-of-2200,2199,/table-of-2199,2198,/table-of-2198
2202,4404,6606,8808,11010,13212,15414,17616,19818,22020,24222,26424,28626,30828,33030,35232,37434,39636,41838,44040,table-of-2202,2201,/table-of-2201,2200,/table-of-2200,2199,/table-of-2199
2203,4406,6609,8812,11015,13218,15421,17624,19827,22030,24233,26436,28639,30842,33045,35248,37451,39654,41857,44060,table-of-2203,2202,/table-of-2202,2201,/table-of-2201,2200,/table-of-2200
2204,4408,6612,8816,11020,13224,15428,17632,19836,22040,24244,26448,28652,30856,33060,35264,37468,39672,41876,44080,table-of-2204,2203,/table-of-2203,2202,/table-of-2202,2201,/table-of-2201
2205,4410,6615,8820,11025,13230,15435,17640,19845,22050,24255,26460,28665,30870,33075,35280,37485,39690,41895,44100,table-of-2205,2204,/table-of-2204,2203,/table-of-2203,2202,/table-of-2202
2206,4412,6618,8824,11030,13236,15442,17648,19854,22060,24266,26472,28678,30884,33090,35296,37502,39708,41914,44120,table-of-2206,2205,/table-of-2205,2204,/table-of-2204,2203,/table-of-2203
2207,4414,6621,8828,11035,13242,15449,17656,19863,22070,24277,26484,28691,30898,33105,35312,37519,39726,41933,44140,table-of-2207,2206,/table-of-2206,2205,/table-of-2205,2204,/table-of-2204
2208,4416,6624,8832,11040,13248,15456,17664,19872,22080,24288,26496,28704,30912,33120,35328,37536,39744,41952,44160,table-of-2208,2207,/table-of-2207,2206,/table-of-2206,2205,/table-of-2205
2209,4418,6627,8836,11045,13254,15463,17672,19881,22090,24299,26508,28717,30926,33135,35344,37553,39762,41971,44180,table-of-2209,2208,/table-of-2208,2207,/table-of-2207,2206,/table-of-2206
2210,4420,6630,8840,11050,13260,15470,17680,19890,22100,24310,26520,28730,30940,33150,35360,37570,39780,41990,44200,table-of-2210,2209,/table-of-2209,2208,/table-of-2208,2207,/table-of-2207
2211,4422,6633,8844,11055,13266,15477,17688,19899,22110,24321,26532,28743,30954,33165,35376,37587,39798,42009,44220,table-of-2211,2210,/table-of-2210,2209,/table-of-2209,2208,/table-of-2208
2212,4424,6636,8848,11060,13272,15484,17696,19908,22120,24332,26544,28756,30968,33180,35392,37604,39816,42028,44240,table-of-2212,2211,/table-of-2211,2210,/table-of-2210,2209,/table-of-2209
2213,4426,6639,8852,11065,13278,15491,17704,19917,22130,24343,26556,28769,30982,33195,35408,37621,39834,42047,44260,table-of-2213,2212,/table-of-2212,2211,/table-of-2211,2210,/table-of-2210
2214,4428,6642,8856,11070,13284,15498,17712,19926,22140,24354,26568,28782,30996,33210,35424,37638,39852,42066,44280,table-of-2214,2213,/table-of-2213,2212,/table-of-2212,2211,/table-of-2211
2215,4430,6645,8860,11075,13290,15505,17720,19935,22150,24365,26580,28795,31010,33225,35440,37655,39870,42085,44300,table-of-2215,2214,/table-of-2214,2213,/table-of-2213,2212,/table-of-2212
2216,4432,6648,8864,11080,13296,15512,17728,19944,22160,24376,26592,28808,31024,33240,35456,37672,39888,42104,44320,table-of-2216,2215,/table-of-2215,2214,/table-of-2214,2213,/table-of-2213
2217,4434,6651,8868,11085,13302,15519,17736,19953,22170,24387,26604,28821,31038,33255,35472,37689,39906,42123,44340,table-of-2217,2216,/table-of-2216,2215,/table-of-2215,2214,/table-of-2214
2218,4436,6654,8872,11090,13308,15526,17744,19962,22180,24398,26616,28834,31052,33270,35488,37706,39924,42142,44360,table-of-2218,2217,/table-of-2217,2216,/table-of-2216,2215,/table-of-2215
2219,4438,6657,8876,11095,13314,15533,17752,19971,22190,24409,26628,28847,31066,33285,35504,37723,39942,42161,44380,table-of-2219,2218,/table-of-2218,2217,/table-of-2217,2216,/table-of-2216
2220,4440,6660,8880,11100,13320,15540,17760,19980,22200,24420,26640,28860,31080,33300,35520,37740,39960,42180,44400,table-of-2220,2219,/table-of-2219,2218,/table-of-2218,2217,/table-of-2217
2221,4442,6663,8884,11105,13326,15547,17768,19989,22210,24431,26652,28873,31094,33315,35536,37757,39978,42199,44420,table-of-2221,2220,/table-of-2220,2219,/table-of-2219,2218,/table-of-2218
2222,4444,6666,8888,11110,13332,15554,17776,19998,22220,24442,26664,28886,31108,33330,35552,37774,39996,42218,44440,table-of-2222,2221,/table-of-2221,2220,/table-of-2220,2219,/table-of-2219
2223,4446,6669,8892,11115,13338,15561,17784,20007,22230,24453,26676,28899,31122,33345,35568,37791,40014,42237,44460,table-of-2223,2222,/table-of-2222,2221,/table-of-2221,2220,/table-of-2220
2224,4448,6672,8896,11120,13344,15568,17792,20016,22240,24464,26688,28912,31136,33360,35584,37808,40032,42256,44480,table-of-2224,2223,/table-of-2223,2222,/table-of-2222,2221,/table-of-2221
2225,4450,6675,8900,11125,13350,15575,17800,20025,22250,24475,26700,28925,31150,33375,35600,37825,40050,42275,44500,table-of-2225,2224,/table-of-2224,2223,/table-of-2223,2222,/table-of-2222
2226,4452,6678,8904,11130,13356,15582,17808,20034,22260,24486,26712,28938,31164,33390,35616,37842,40068,42294,44520,table-of-2226,2225,/table-of-2225,2224,/table-of-2224,2223,/table-of-2223
2227,4454,6681,8908,11135,13362,15589,17816,20043,22270,24497,26724,28951,31178,33405,35632,37859,40086,42313,44540,table-of-2227,2226,/table-of-2226,2225,/table-of-2225,2224,/table-of-2224
2228,4456,6684,8912,11140,13368,15596,17824,20052,22280,24508,26736,28964,31192,33420,35648,37876,40104,42332,44560,table-of-2228,2227,/table-of-2227,2226,/table-of-2226,2225,/table-of-2225
2229,4458,6687,8916,11145,13374,15603,17832,20061,22290,24519,26748,28977,31206,33435,35664,37893,40122,42351,44580,table-of-2229,2228,/table-of-2228,2227,/table-of-2227,2226,/table-of-2226
2230,4460,6690,8920,11150,13380,15610,17840,20070,22300,24530,26760,28990,31220,33450,35680,37910,40140,42370,44600,table-of-2230,2229,/table-of-2229,2228,/table-of-2228,2227,/table-of-2227
2231,4462,6693,8924,11155,13386,15617,17848,20079,22310,24541,26772,29003,31234,33465,35696,37927,40158,42389,44620,table-of-2231,2230,/table-of-2230,2229,/table-of-2229,2228,/table-of-2228
2232,4464,6696,8928,11160,13392,15624,17856,20088,22320,24552,26784,29016,31248,33480,35712,37944,40176,42408,44640,table-of-2232,2231,/table-of-2231,2230,/table-of-2230,2229,/table-of-2229
2233,4466,6699,8932,11165,13398,15631,17864,20097,22330,24563,26796,29029,31262,33495,35728,37961,40194,42427,44660,table-of-2233,2232,/table-of-2232,2231,/table-of-2231,2230,/table-of-2230
2234,4468,6702,8936,11170,13404,15638,17872,20106,22340,24574,26808,29042,31276,33510,35744,37978,40212,42446,44680,table-of-2234,2233,/table-of-2233,2232,/table-of-2232,2231,/table-of-2231
2235,4470,6705,8940,11175,13410,15645,17880,20115,22350,24585,26820,29055,31290,33525,35760,37995,40230,42465,44700,table-of-2235,2234,/table-of-2234,2233,/table-of-2233,2232,/table-of-2232
2236,4472,6708,8944,11180,13416,15652,17888,20124,22360,24596,26832,29068,31304,33540,35776,38012,40248,42484,44720,table-of-2236,2235,/table-of-2235,2234,/table-of-2234,2233,/table-of-2233
2237,4474,6711,8948,11185,13422,15659,17896,20133,22370,24607,26844,29081,31318,33555,35792,38029,40266,42503,44740,table-of-2237,2236,/table-of-2236,2235,/table-of-2235,2234,/table-of-2234
2238,4476,6714,8952,11190,13428,15666,17904,20142,22380,24618,26856,29094,31332,33570,35808,38046,40284,42522,44760,table-of-2238,2237,/table-of-2237,2236,/table-of-2236,2235,/table-of-2235
2239,4478,6717,8956,11195,13434,15673,17912,20151,22390,24629,26868,29107,31346,33585,35824,38063,40302,42541,44780,table-of-2239,2238,/table-of-2238,2237,/table-of-2237,2236,/table-of-2236
2240,4480,6720,8960,11200,13440,15680,17920,20160,22400,24640,26880,29120,31360,33600,35840,38080,40320,42560,44800,table-of-2240,2239,/table-of-2239,2238,/table-of-2238,2237,/table-of-2237
2241,4482,6723,8964,11205,13446,15687,17928,20169,22410,24651,26892,29133,31374,33615,35856,38097,40338,42579,44820,table-of-2241,2240,/table-of-2240,2239,/table-of-2239,2238,/table-of-2238
2242,4484,6726,8968,11210,13452,15694,17936,20178,22420,24662,26904,29146,31388,33630,35872,38114,40356,42598,44840,table-of-2242,2241,/table-of-2241,2240,/table-of-2240,2239,/table-of-2239
2243,4486,6729,8972,11215,13458,15701,17944,20187,22430,24673,26916,29159,31402,33645,35888,38131,40374,42617,44860,table-of-2243,2242,/table-of-2242,2241,/table-of-2241,2240,/table-of-2240
2244,4488,6732,8976,11220,13464,15708,17952,20196,22440,24684,26928,29172,31416,33660,35904,38148,40392,42636,44880,table-of-2244,2243,/table-of-2243,2242,/table-of-2242,2241,/table-of-2241
2245,4490,6735,8980,11225,13470,15715,17960,20205,22450,24695,26940,29185,31430,33675,35920,38165,40410,42655,44900,table-of-2245,2244,/table-of-2244,2243,/table-of-2243,2242,/table-of-2242
2246,4492,6738,8984,11230,13476,15722,17968,20214,22460,24706,26952,29198,31444,33690,35936,38182,40428,42674,44920,table-of-2246,2245,/table-of-2245,2244,/table-of-2244,2243,/table-of-2243
2247,4494,6741,8988,11235,13482,15729,17976,20223,22470,24717,26964,29211,31458,33705,35952,38199,40446,42693,44940,table-of-2247,2246,/table-of-2246,2245,/table-of-2245,2244,/table-of-2244
2248,4496,6744,8992,11240,13488,15736,17984,20232,22480,24728,26976,29224,31472,33720,35968,38216,40464,42712,44960,table-of-2248,2247,/table-of-2247,2246,/table-of-2246,2245,/table-of-2245
2249,4498,6747,8996,11245,13494,15743,17992,20241,22490,24739,26988,29237,31486,33735,35984,38233,40482,42731,44980,table-of-2249,2248,/table-of-2248,2247,/table-of-2247,2246,/table-of-2246
2250,4500,6750,9000,11250,13500,15750,18000,20250,22500,24750,27000,29250,31500,33750,36000,38250,40500,42750,45000,table-of-2250,2249,/table-of-2249,2248,/table-of-2248,2247,/table-of-2247
2251,4502,6753,9004,11255,13506,15757,18008,20259,22510,24761,27012,29263,31514,33765,36016,38267,40518,42769,45020,table-of-2251,2250,/table-of-2250,2249,/table-of-2249,2248,/table-of-2248
2252,4504,6756,9008,11260,13512,15764,18016,20268,22520,24772,27024,29276,31528,33780,36032,38284,40536,42788,45040,table-of-2252,2251,/table-of-2251,2250,/table-of-2250,2249,/table-of-2249
2253,4506,6759,9012,11265,13518,15771,18024,20277,22530,24783,27036,29289,31542,33795,36048,38301,40554,42807,45060,table-of-2253,2252,/table-of-2252,2251,/table-of-2251,2250,/table-of-2250
2254,4508,6762,9016,11270,13524,15778,18032,20286,22540,24794,27048,29302,31556,33810,36064,38318,40572,42826,45080,table-of-2254,2253,/table-of-2253,2252,/table-of-2252,2251,/table-of-2251
2255,4510,6765,9020,11275,13530,15785,18040,20295,22550,24805,27060,29315,31570,33825,36080,38335,40590,42845,45100,table-of-2255,2254,/table-of-2254,2253,/table-of-2253,2252,/table-of-2252
2256,4512,6768,9024,11280,13536,15792,18048,20304,22560,24816,27072,29328,31584,33840,36096,38352,40608,42864,45120,table-of-2256,2255,/table-of-2255,2254,/table-of-2254,2253,/table-of-2253
2257,4514,6771,9028,11285,13542,15799,18056,20313,22570,24827,27084,29341,31598,33855,36112,38369,40626,42883,45140,table-of-2257,2256,/table-of-2256,2255,/table-of-2255,2254,/table-of-2254
2258,4516,6774,9032,11290,13548,15806,18064,20322,22580,24838,27096,29354,31612,33870,36128,38386,40644,42902,45160,table-of-2258,2257,/table-of-2257,2256,/table-of-2256,2255,/table-of-2255
2259,4518,6777,9036,11295,13554,15813,18072,20331,22590,24849,27108,29367,31626,33885,36144,38403,40662,42921,45180,table-of-2259,2258,/table-of-2258,2257,/table-of-2257,2256,/table-of-2256
2260,4520,6780,9040,11300,13560,15820,18080,20340,22600,24860,27120,29380,31640,33900,36160,38420,40680,42940,45200,table-of-2260,2259,/table-of-2259,2258,/table-of-2258,2257,/table-of-2257
2261,4522,6783,9044,11305,13566,15827,18088,20349,22610,24871,27132,29393,31654,33915,36176,38437,40698,42959,45220,table-of-2261,2260,/table-of-2260,2259,/table-of-2259,2258,/table-of-2258
2262,4524,6786,9048,11310,13572,15834,18096,20358,22620,24882,27144,29406,31668,33930,36192,38454,40716,42978,45240,table-of-2262,2261,/table-of-2261,2260,/table-of-2260,2259,/table-of-2259
2263,4526,6789,9052,11315,13578,15841,18104,20367,22630,24893,27156,29419,31682,33945,36208,38471,40734,42997,45260,table-of-2263,2262,/table-of-2262,2261,/table-of-2261,2260,/table-of-2260
2264,4528,6792,9056,11320,13584,15848,18112,20376,22640,24904,27168,29432,31696,33960,36224,38488,40752,43016,45280,table-of-2264,2263,/table-of-2263,2262,/table-of-2262,2261,/table-of-2261
2265,4530,6795,9060,11325,13590,15855,18120,20385,22650,24915,27180,29445,31710,33975,36240,38505,40770,43035,45300,table-of-2265,2264,/table-of-2264,2263,/table-of-2263,2262,/table-of-2262
2266,4532,6798,9064,11330,13596,15862,18128,20394,22660,24926,27192,29458,31724,33990,36256,38522,40788,43054,45320,table-of-2266,2265,/table-of-2265,2264,/table-of-2264,2263,/table-of-2263
2267,4534,6801,9068,11335,13602,15869,18136,20403,22670,24937,27204,29471,31738,34005,36272,38539,40806,43073,45340,table-of-2267,2266,/table-of-2266,2265,/table-of-2265,2264,/table-of-2264
2268,4536,6804,9072,11340,13608,15876,18144,20412,22680,24948,27216,29484,31752,34020,36288,38556,40824,43092,45360,table-of-2268,2267,/table-of-2267,2266,/table-of-2266,2265,/table-of-2265
2269,4538,6807,9076,11345,13614,15883,18152,20421,22690,24959,27228,29497,31766,34035,36304,38573,40842,43111,45380,table-of-2269,2268,/table-of-2268,2267,/table-of-2267,2266,/table-of-2266
2270,4540,6810,9080,11350,13620,15890,18160,20430,22700,24970,27240,29510,31780,34050,36320,38590,40860,43130,45400,table-of-2270,2269,/table-of-2269,2268,/table-of-2268,2267,/table-of-2267
2271,4542,6813,9084,11355,13626,15897,18168,20439,22710,24981,27252,29523,31794,34065,36336,38607,40878,43149,45420,table-of-2271,2270,/table-of-2270,2269,/table-of-2269,2268,/table-of-2268
2272,4544,6816,9088,11360,13632,15904,18176,20448,22720,24992,27264,29536,31808,34080,36352,38624,40896,43168,45440,table-of-2272,2271,/table-of-2271,2270,/table-of-2270,2269,/table-of-2269
2273,4546,6819,9092,11365,13638,15911,18184,20457,22730,25003,27276,29549,31822,34095,36368,38641,40914,43187,45460,table-of-2273,2272,/table-of-2272,2271,/table-of-2271,2270,/table-of-2270
2274,4548,6822,9096,11370,13644,15918,18192,20466,22740,25014,27288,29562,31836,34110,36384,38658,40932,43206,45480,table-of-2274,2273,/table-of-2273,2272,/table-of-2272,2271,/table-of-2271
2275,4550,6825,9100,11375,13650,15925,18200,20475,22750,25025,27300,29575,31850,34125,36400,38675,40950,43225,45500,table-of-2275,2274,/table-of-2274,2273,/table-of-2273,2272,/table-of-2272
2276,4552,6828,9104,11380,13656,15932,18208,20484,22760,25036,27312,29588,31864,34140,36416,38692,40968,43244,45520,table-of-2276,2275,/table-of-2275,2274,/table-of-2274,2273,/table-of-2273
2277,4554,6831,9108,11385,13662,15939,18216,20493,22770,25047,27324,29601,31878,34155,36432,38709,40986,43263,45540,table-of-2277,2276,/table-of-2276,2275,/table-of-2275,2274,/table-of-2274
2278,4556,6834,9112,11390,13668,15946,18224,20502,22780,25058,27336,29614,31892,34170,36448,38726,41004,43282,45560,table-of-2278,2277,/table-of-2277,2276,/table-of-2276,2275,/table-of-2275
2279,4558,6837,9116,11395,13674,15953,18232,20511,22790,25069,27348,29627,31906,34185,36464,38743,41022,43301,45580,table-of-2279,2278,/table-of-2278,2277,/table-of-2277,2276,/table-of-2276
2280,4560,6840,9120,11400,13680,15960,18240,20520,22800,25080,27360,29640,31920,34200,36480,38760,41040,43320,45600,table-of-2280,2279,/table-of-2279,2278,/table-of-2278,2277,/table-of-2277
2281,4562,6843,9124,11405,13686,15967,18248,20529,22810,25091,27372,29653,31934,34215,36496,38777,41058,43339,45620,table-of-2281,2280,/table-of-2280,2279,/table-of-2279,2278,/table-of-2278
2282,4564,6846,9128,11410,13692,15974,18256,20538,22820,25102,27384,29666,31948,34230,36512,38794,41076,43358,45640,table-of-2282,2281,/table-of-2281,2280,/table-of-2280,2279,/table-of-2279
2283,4566,6849,9132,11415,13698,15981,18264,20547,22830,25113,27396,29679,31962,34245,36528,38811,41094,43377,45660,table-of-2283,2282,/table-of-2282,2281,/table-of-2281,2280,/table-of-2280
2284,4568,6852,9136,11420,13704,15988,18272,20556,22840,25124,27408,29692,31976,34260,36544,38828,41112,43396,45680,table-of-2284,2283,/table-of-2283,2282,/table-of-2282,2281,/table-of-2281
2285,4570,6855,9140,11425,13710,15995,18280,20565,22850,25135,27420,29705,31990,34275,36560,38845,41130,43415,45700,table-of-2285,2284,/table-of-2284,2283,/table-of-2283,2282,/table-of-2282
2286,4572,6858,9144,11430,13716,16002,18288,20574,22860,25146,27432,29718,32004,34290,36576,38862,41148,43434,45720,table-of-2286,2285,/table-of-2285,2284,/table-of-2284,2283,/table-of-2283
2287,4574,6861,9148,11435,13722,16009,18296,20583,22870,25157,27444,29731,32018,34305,36592,38879,41166,43453,45740,table-of-2287,2286,/table-of-2286,2285,/table-of-2285,2284,/table-of-2284
2288,4576,6864,9152,11440,13728,16016,18304,20592,22880,25168,27456,29744,32032,34320,36608,38896,41184,43472,45760,table-of-2288,2287,/table-of-2287,2286,/table-of-2286,2285,/table-of-2285
2289,4578,6867,9156,11445,13734,16023,18312,20601,22890,25179,27468,29757,32046,34335,36624,38913,41202,43491,45780,table-of-2289,2288,/table-of-2288,2287,/table-of-2287,2286,/table-of-2286
2290,4580,6870,9160,11450,13740,16030,18320,20610,22900,25190,27480,29770,32060,34350,36640,38930,41220,43510,45800,table-of-2290,2289,/table-of-2289,2288,/table-of-2288,2287,/table-of-2287
2291,4582,6873,9164,11455,13746,16037,18328,20619,22910,25201,27492,29783,32074,34365,36656,38947,41238,43529,45820,table-of-2291,2290,/table-of-2290,2289,/table-of-2289,2288,/table-of-2288
2292,4584,6876,9168,11460,13752,16044,18336,20628,22920,25212,27504,29796,32088,34380,36672,38964,41256,43548,45840,table-of-2292,2291,/table-of-2291,2290,/table-of-2290,2289,/table-of-2289
2293,4586,6879,9172,11465,13758,16051,18344,20637,22930,25223,27516,29809,32102,34395,36688,38981,41274,43567,45860,table-of-2293,2292,/table-of-2292,2291,/table-of-2291,2290,/table-of-2290
2294,4588,6882,9176,11470,13764,16058,18352,20646,22940,25234,27528,29822,32116,34410,36704,38998,41292,43586,45880,table-of-2294,2293,/table-of-2293,2292,/table-of-2292,2291,/table-of-2291
2295,4590,6885,9180,11475,13770,16065,18360,20655,22950,25245,27540,29835,32130,34425,36720,39015,41310,43605,45900,table-of-2295,2294,/table-of-2294,2293,/table-of-2293,2292,/table-of-2292
2296,4592,6888,9184,11480,13776,16072,18368,20664,22960,25256,27552,29848,32144,34440,36736,39032,41328,43624,45920,table-of-2296,2295,/table-of-2295,2294,/table-of-2294,2293,/table-of-2293
2297,4594,6891,9188,11485,13782,16079,18376,20673,22970,25267,27564,29861,32158,34455,36752,39049,41346,43643,45940,table-of-2297,2296,/table-of-2296,2295,/table-of-2295,2294,/table-of-2294
2298,4596,6894,9192,11490,13788,16086,18384,20682,22980,25278,27576,29874,32172,34470,36768,39066,41364,43662,45960,table-of-2298,2297,/table-of-2297,2296,/table-of-2296,2295,/table-of-2295
2299,4598,6897,9196,11495,13794,16093,18392,20691,22990,25289,27588,29887,32186,34485,36784,39083,41382,43681,45980,table-of-2299,2298,/table-of-2298,2297,/table-of-2297,2296,/table-of-2296
2300,4600,6900,9200,11500,13800,16100,18400,20700,23000,25300,27600,29900,32200,34500,36800,39100,41400,43700,46000,table-of-2300,2299,/table-of-2299,2298,/table-of-2298,2297,/table-of-2297
2301,4602,6903,9204,11505,13806,16107,18408,20709,23010,25311,27612,29913,32214,34515,36816,39117,41418,43719,46020,table-of-2301,2300,/table-of-2300,2299,/table-of-2299,2298,/table-of-2298
2302,4604,6906,9208,11510,13812,16114,18416,20718,23020,25322,27624,29926,32228,34530,36832,39134,41436,43738,46040,table-of-2302,2301,/table-of-2301,2300,/table-of-2300,2299,/table-of-2299
2303,4606,6909,9212,11515,13818,16121,18424,20727,23030,25333,27636,29939,32242,34545,36848,39151,41454,43757,46060,table-of-2303,2302,/table-of-2302,2301,/table-of-2301,2300,/table-of-2300
2304,4608,6912,9216,11520,13824,16128,18432,20736,23040,25344,27648,29952,32256,34560,36864,39168,41472,43776,46080,table-of-2304,2303,/table-of-2303,2302,/table-of-2302,2301,/table-of-2301
2305,4610,6915,9220,11525,13830,16135,18440,20745,23050,25355,27660,29965,32270,34575,36880,39185,41490,43795,46100,table-of-2305,2304,/table-of-2304,2303,/table-of-2303,2302,/table-of-2302
2306,4612,6918,9224,11530,13836,16142,18448,20754,23060,25366,27672,29978,32284,34590,36896,39202,41508,43814,46120,table-of-2306,2305,/table-of-2305,2304,/table-of-2304,2303,/table-of-2303
2307,4614,6921,9228,11535,13842,16149,18456,20763,23070,25377,27684,29991,32298,34605,36912,39219,41526,43833,46140,table-of-2307,2306,/table-of-2306,2305,/table-of-2305,2304,/table-of-2304
2308,4616,6924,9232,11540,13848,16156,18464,20772,23080,25388,27696,30004,32312,34620,36928,39236,41544,43852,46160,table-of-2308,2307,/table-of-2307,2306,/table-of-2306,2305,/table-of-2305
2309,4618,6927,9236,11545,13854,16163,18472,20781,23090,25399,27708,30017,32326,34635,36944,39253,41562,43871,46180,table-of-2309,2308,/table-of-2308,2307,/table-of-2307,2306,/table-of-2306
2310,4620,6930,9240,11550,13860,16170,18480,20790,23100,25410,27720,30030,32340,34650,36960,39270,41580,43890,46200,table-of-2310,2309,/table-of-2309,2308,/table-of-2308,2307,/table-of-2307
2311,4622,6933,9244,11555,13866,16177,18488,20799,23110,25421,27732,30043,32354,34665,36976,39287,41598,43909,46220,table-of-2311,2310,/table-of-2310,2309,/table-of-2309,2308,/table-of-2308
2312,4624,6936,9248,11560,13872,16184,18496,20808,23120,25432,27744,30056,32368,34680,36992,39304,41616,43928,46240,table-of-2312,2311,/table-of-2311,2310,/table-of-2310,2309,/table-of-2309
2313,4626,6939,9252,11565,13878,16191,18504,20817,23130,25443,27756,30069,32382,34695,37008,39321,41634,43947,46260,table-of-2313,2312,/table-of-2312,2311,/table-of-2311,2310,/table-of-2310
2314,4628,6942,9256,11570,13884,16198,18512,20826,23140,25454,27768,30082,32396,34710,37024,39338,41652,43966,46280,table-of-2314,2313,/table-of-2313,2312,/table-of-2312,2311,/table-of-2311
2315,4630,6945,9260,11575,13890,16205,18520,20835,23150,25465,27780,30095,32410,34725,37040,39355,41670,43985,46300,table-of-2315,2314,/table-of-2314,2313,/table-of-2313,2312,/table-of-2312
2316,4632,6948,9264,11580,13896,16212,18528,20844,23160,25476,27792,30108,32424,34740,37056,39372,41688,44004,46320,table-of-2316,2315,/table-of-2315,2314,/table-of-2314,2313,/table-of-2313
2317,4634,6951,9268,11585,13902,16219,18536,20853,23170,25487,27804,30121,32438,34755,37072,39389,41706,44023,46340,table-of-2317,2316,/table-of-2316,2315,/table-of-2315,2314,/table-of-2314
2318,4636,6954,9272,11590,13908,16226,18544,20862,23180,25498,27816,30134,32452,34770,37088,39406,41724,44042,46360,table-of-2318,2317,/table-of-2317,2316,/table-of-2316,2315,/table-of-2315
2319,4638,6957,9276,11595,13914,16233,18552,20871,23190,25509,27828,30147,32466,34785,37104,39423,41742,44061,46380,table-of-2319,2318,/table-of-2318,2317,/table-of-2317,2316,/table-of-2316
2320,4640,6960,9280,11600,13920,16240,18560,20880,23200,25520,27840,30160,32480,34800,37120,39440,41760,44080,46400,table-of-2320,2319,/table-of-2319,2318,/table-of-2318,2317,/table-of-2317
2321,4642,6963,9284,11605,13926,16247,18568,20889,23210,25531,27852,30173,32494,34815,37136,39457,41778,44099,46420,table-of-2321,2320,/table-of-2320,2319,/table-of-2319,2318,/table-of-2318
2322,4644,6966,9288,11610,13932,16254,18576,20898,23220,25542,27864,30186,32508,34830,37152,39474,41796,44118,46440,table-of-2322,2321,/table-of-2321,2320,/table-of-2320,2319,/table-of-2319
2323,4646,6969,9292,11615,13938,16261,18584,20907,23230,25553,27876,30199,32522,34845,37168,39491,41814,44137,46460,table-of-2323,2322,/table-of-2322,2321,/table-of-2321,2320,/table-of-2320
2324,4648,6972,9296,11620,13944,16268,18592,20916,23240,25564,27888,30212,32536,34860,37184,39508,41832,44156,46480,table-of-2324,2323,/table-of-2323,2322,/table-of-2322,2321,/table-of-2321
2325,4650,6975,9300,11625,13950,16275,18600,20925,23250,25575,27900,30225,32550,34875,37200,39525,41850,44175,46500,table-of-2325,2324,/table-of-2324,2323,/table-of-2323,2322,/table-of-2322
2326,4652,6978,9304,11630,13956,16282,18608,20934,23260,25586,27912,30238,32564,34890,37216,39542,41868,44194,46520,table-of-2326,2325,/table-of-2325,2324,/table-of-2324,2323,/table-of-2323
2327,4654,6981,9308,11635,13962,16289,18616,20943,23270,25597,27924,30251,32578,34905,37232,39559,41886,44213,46540,table-of-2327,2326,/table-of-2326,2325,/table-of-2325,2324,/table-of-2324
2328,4656,6984,9312,11640,13968,16296,18624,20952,23280,25608,27936,30264,32592,34920,37248,39576,41904,44232,46560,table-of-2328,2327,/table-of-2327,2326,/table-of-2326,2325,/table-of-2325
2329,4658,6987,9316,11645,13974,16303,18632,20961,23290,25619,27948,30277,32606,34935,37264,39593,41922,44251,46580,table-of-2329,2328,/table-of-2328,2327,/table-of-2327,2326,/table-of-2326
2330,4660,6990,9320,11650,13980,16310,18640,20970,23300,25630,27960,30290,32620,34950,37280,39610,41940,44270,46600,table-of-2330,2329,/table-of-2329,2328,/table-of-2328,2327,/table-of-2327
2331,4662,6993,9324,11655,13986,16317,18648,20979,23310,25641,27972,30303,32634,34965,37296,39627,41958,44289,46620,table-of-2331,2330,/table-of-2330,2329,/table-of-2329,2328,/table-of-2328
2332,4664,6996,9328,11660,13992,16324,18656,20988,23320,25652,27984,30316,32648,34980,37312,39644,41976,44308,46640,table-of-2332,2331,/table-of-2331,2330,/table-of-2330,2329,/table-of-2329
2333,4666,6999,9332,11665,13998,16331,18664,20997,23330,25663,27996,30329,32662,34995,37328,39661,41994,44327,46660,table-of-2333,2332,/table-of-2332,2331,/table-of-2331,2330,/table-of-2330
2334,4668,7002,9336,11670,14004,16338,18672,21006,23340,25674,28008,30342,32676,35010,37344,39678,42012,44346,46680,table-of-2334,2333,/table-of-2333,2332,/table-of-2332,2331,/table-of-2331
2335,4670,7005,9340,11675,14010,16345,18680,21015,23350,25685,28020,30355,32690,35025,37360,39695,42030,44365,46700,table-of-2335,2334,/table-of-2334,2333,/table-of-2333,2332,/table-of-2332
2336,4672,7008,9344,11680,14016,16352,18688,21024,23360,25696,28032,30368,32704,35040,37376,39712,42048,44384,46720,table-of-2336,2335,/table-of-2335,2334,/table-of-2334,2333,/table-of-2333
2337,4674,7011,9348,11685,14022,16359,18696,21033,23370,25707,28044,30381,32718,35055,37392,39729,42066,44403,46740,table-of-2337,2336,/table-of-2336,2335,/table-of-2335,2334,/table-of-2334
2338,4676,7014,9352,11690,14028,16366,18704,21042,23380,25718,28056,30394,32732,35070,37408,39746,42084,44422,46760,table-of-2338,2337,/table-of-2337,2336,/table-of-2336,2335,/table-of-2335
2339,4678,7017,9356,11695,14034,16373,18712,21051,23390,25729,28068,30407,32746,35085,37424,39763,42102,44441,46780,table-of-2339,2338,/table-of-2338,2337,/table-of-2337,2336,/table-of-2336
2340,4680,7020,9360,11700,14040,16380,18720,21060,23400,25740,28080,30420,32760,35100,37440,39780,42120,44460,46800,table-of-2340,2339,/table-of-2339,2338,/table-of-2338,2337,/table-of-2337
2341,4682,7023,9364,11705,14046,16387,18728,21069,23410,25751,28092,30433,32774,35115,37456,39797,42138,44479,46820,table-of-2341,2340,/table-of-2340,2339,/table-of-2339,2338,/table-of-2338
2342,4684,7026,9368,11710,14052,16394,18736,21078,23420,25762,28104,30446,32788,35130,37472,39814,42156,44498,46840,table-of-2342,2341,/table-of-2341,2340,/table-of-2340,2339,/table-of-2339
2343,4686,7029,9372,11715,14058,16401,18744,21087,23430,25773,28116,30459,32802,35145,37488,39831,42174,44517,46860,table-of-2343,2342,/table-of-2342,2341,/table-of-2341,2340,/table-of-2340
2344,4688,7032,9376,11720,14064,16408,18752,21096,23440,25784,28128,30472,32816,35160,37504,39848,42192,44536,46880,table-of-2344,2343,/table-of-2343,2342,/table-of-2342,2341,/table-of-2341
2345,4690,7035,9380,11725,14070,16415,18760,21105,23450,25795,28140,30485,32830,35175,37520,39865,42210,44555,46900,table-of-2345,2344,/table-of-2344,2343,/table-of-2343,2342,/table-of-2342
2346,4692,7038,9384,11730,14076,16422,18768,21114,23460,25806,28152,30498,32844,35190,37536,39882,42228,44574,46920,table-of-2346,2345,/table-of-2345,2344,/table-of-2344,2343,/table-of-2343
2347,4694,7041,9388,11735,14082,16429,18776,21123,23470,25817,28164,30511,32858,35205,37552,39899,42246,44593,46940,table-of-2347,2346,/table-of-2346,2345,/table-of-2345,2344,/table-of-2344
2348,4696,7044,9392,11740,14088,16436,18784,21132,23480,25828,28176,30524,32872,35220,37568,39916,42264,44612,46960,table-of-2348,2347,/table-of-2347,2346,/table-of-2346,2345,/table-of-2345
2349,4698,7047,9396,11745,14094,16443,18792,21141,23490,25839,28188,30537,32886,35235,37584,39933,42282,44631,46980,table-of-2349,2348,/table-of-2348,2347,/table-of-2347,2346,/table-of-2346
2350,4700,7050,9400,11750,14100,16450,18800,21150,23500,25850,28200,30550,32900,35250,37600,39950,42300,44650,47000,table-of-2350,2349,/table-of-2349,2348,/table-of-2348,2347,/table-of-2347
2351,4702,7053,9404,11755,14106,16457,18808,21159,23510,25861,28212,30563,32914,35265,37616,39967,42318,44669,47020,table-of-2351,2350,/table-of-2350,2349,/table-of-2349,2348,/table-of-2348
2352,4704,7056,9408,11760,14112,16464,18816,21168,23520,25872,28224,30576,32928,35280,37632,39984,42336,44688,47040,table-of-2352,2351,/table-of-2351,2350,/table-of-2350,2349,/table-of-2349
2353,4706,7059,9412,11765,14118,16471,18824,21177,23530,25883,28236,30589,32942,35295,37648,40001,42354,44707,47060,table-of-2353,2352,/table-of-2352,2351,/table-of-2351,2350,/table-of-2350
2354,4708,7062,9416,11770,14124,16478,18832,21186,23540,25894,28248,30602,32956,35310,37664,40018,42372,44726,47080,table-of-2354,2353,/table-of-2353,2352,/table-of-2352,2351,/table-of-2351
2355,4710,7065,9420,11775,14130,16485,18840,21195,23550,25905,28260,30615,32970,35325,37680,40035,42390,44745,47100,table-of-2355,2354,/table-of-2354,2353,/table-of-2353,2352,/table-of-2352
2356,4712,7068,9424,11780,14136,16492,18848,21204,23560,25916,28272,30628,32984,35340,37696,40052,42408,44764,47120,table-of-2356,2355,/table-of-2355,2354,/table-of-2354,2353,/table-of-2353
2357,4714,7071,9428,11785,14142,16499,18856,21213,23570,25927,28284,30641,32998,35355,37712,40069,42426,44783,47140,table-of-2357,2356,/table-of-2356,2355,/table-of-2355,2354,/table-of-2354
2358,4716,7074,9432,11790,14148,16506,18864,21222,23580,25938,28296,30654,33012,35370,37728,40086,42444,44802,47160,table-of-2358,2357,/table-of-2357,2356,/table-of-2356,2355,/table-of-2355
2359,4718,7077,9436,11795,14154,16513,18872,21231,23590,25949,28308,30667,33026,35385,37744,40103,42462,44821,47180,table-of-2359,2358,/table-of-2358,2357,/table-of-2357,2356,/table-of-2356
2360,4720,7080,9440,11800,14160,16520,18880,21240,23600,25960,28320,30680,33040,35400,37760,40120,42480,44840,47200,table-of-2360,2359,/table-of-2359,2358,/table-of-2358,2357,/table-of-2357
2361,4722,7083,9444,11805,14166,16527,18888,21249,23610,25971,28332,30693,33054,35415,37776,40137,42498,44859,47220,table-of-2361,2360,/table-of-2360,2359,/table-of-2359,2358,/table-of-2358
2362,4724,7086,9448,11810,14172,16534,18896,21258,23620,25982,28344,30706,33068,35430,37792,40154,42516,44878,47240,table-of-2362,2361,/table-of-2361,2360,/table-of-2360,2359,/table-of-2359
2363,4726,7089,9452,11815,14178,16541,18904,21267,23630,25993,28356,30719,33082,35445,37808,40171,42534,44897,47260,table-of-2363,2362,/table-of-2362,2361,/table-of-2361,2360,/table-of-2360
2364,4728,7092,9456,11820,14184,16548,18912,21276,23640,26004,28368,30732,33096,35460,37824,40188,42552,44916,47280,table-of-2364,2363,/table-of-2363,2362,/table-of-2362,2361,/table-of-2361
2365,4730,7095,9460,11825,14190,16555,18920,21285,23650,26015,28380,30745,33110,35475,37840,40205,42570,44935,47300,table-of-2365,2364,/table-of-2364,2363,/table-of-2363,2362,/table-of-2362
2366,4732,7098,9464,11830,14196,16562,18928,21294,23660,26026,28392,30758,33124,35490,37856,40222,42588,44954,47320,table-of-2366,2365,/table-of-2365,2364,/table-of-2364,2363,/table-of-2363
2367,4734,7101,9468,11835,14202,16569,18936,21303,23670,26037,28404,30771,33138,35505,37872,40239,42606,44973,47340,table-of-2367,2366,/table-of-2366,2365,/table-of-2365,2364,/table-of-2364
2368,4736,7104,9472,11840,14208,16576,18944,21312,23680,26048,28416,30784,33152,35520,37888,40256,42624,44992,47360,table-of-2368,2367,/table-of-2367,2366,/table-of-2366,2365,/table-of-2365
2369,4738,7107,9476,11845,14214,16583,18952,21321,23690,26059,28428,30797,33166,35535,37904,40273,42642,45011,47380,table-of-2369,2368,/table-of-2368,2367,/table-of-2367,2366,/table-of-2366
2370,4740,7110,9480,11850,14220,16590,18960,21330,23700,26070,28440,30810,33180,35550,37920,40290,42660,45030,47400,table-of-2370,2369,/table-of-2369,2368,/table-of-2368,2367,/table-of-2367
2371,4742,7113,9484,11855,14226,16597,18968,21339,23710,26081,28452,30823,33194,35565,37936,40307,42678,45049,47420,table-of-2371,2370,/table-of-2370,2369,/table-of-2369,2368,/table-of-2368
2372,4744,7116,9488,11860,14232,16604,18976,21348,23720,26092,28464,30836,33208,35580,37952,40324,42696,45068,47440,table-of-2372,2371,/table-of-2371,2370,/table-of-2370,2369,/table-of-2369
2373,4746,7119,9492,11865,14238,16611,18984,21357,23730,26103,28476,30849,33222,35595,37968,40341,42714,45087,47460,table-of-2373,2372,/table-of-2372,2371,/table-of-2371,2370,/table-of-2370
2374,4748,7122,9496,11870,14244,16618,18992,21366,23740,26114,28488,30862,33236,35610,37984,40358,42732,45106,47480,table-of-2374,2373,/table-of-2373,2372,/table-of-2372,2371,/table-of-2371
2375,4750,7125,9500,11875,14250,16625,19000,21375,23750,26125,28500,30875,33250,35625,38000,40375,42750,45125,47500,table-of-2375,2374,/table-of-2374,2373,/table-of-2373,2372,/table-of-2372
2376,4752,7128,9504,11880,14256,16632,19008,21384,23760,26136,28512,30888,33264,35640,38016,40392,42768,45144,47520,table-of-2376,2375,/table-of-2375,2374,/table-of-2374,2373,/table-of-2373
2377,4754,7131,9508,11885,14262,16639,19016,21393,23770,26147,28524,30901,33278,35655,38032,40409,42786,45163,47540,table-of-2377,2376,/table-of-2376,2375,/table-of-2375,2374,/table-of-2374
2378,4756,7134,9512,11890,14268,16646,19024,21402,23780,26158,28536,30914,33292,35670,38048,40426,42804,45182,47560,table-of-2378,2377,/table-of-2377,2376,/table-of-2376,2375,/table-of-2375
2379,4758,7137,9516,11895,14274,16653,19032,21411,23790,26169,28548,30927,33306,35685,38064,40443,42822,45201,47580,table-of-2379,2378,/table-of-2378,2377,/table-of-2377,2376,/table-of-2376
2380,4760,7140,9520,11900,14280,16660,19040,21420,23800,26180,28560,30940,33320,35700,38080,40460,42840,45220,47600,table-of-2380,2379,/table-of-2379,2378,/table-of-2378,2377,/table-of-2377
2381,4762,7143,9524,11905,14286,16667,19048,21429,23810,26191,28572,30953,33334,35715,38096,40477,42858,45239,47620,table-of-2381,2380,/table-of-2380,2379,/table-of-2379,2378,/table-of-2378
2382,4764,7146,9528,11910,14292,16674,19056,21438,23820,26202,28584,30966,33348,35730,38112,40494,42876,45258,47640,table-of-2382,2381,/table-of-2381,2380,/table-of-2380,2379,/table-of-2379
2383,4766,7149,9532,11915,14298,16681,19064,21447,23830,26213,28596,30979,33362,35745,38128,40511,42894,45277,47660,table-of-2383,2382,/table-of-2382,2381,/table-of-2381,2380,/table-of-2380
2384,4768,7152,9536,11920,14304,16688,19072,21456,23840,26224,28608,30992,33376,35760,38144,40528,42912,45296,47680,table-of-2384,2383,/table-of-2383,2382,/table-of-2382,2381,/table-of-2381
2385,4770,7155,9540,11925,14310,16695,19080,21465,23850,26235,28620,31005,33390,35775,38160,40545,42930,45315,47700,table-of-2385,2384,/table-of-2384,2383,/table-of-2383,2382,/table-of-2382
2386,4772,7158,9544,11930,14316,16702,19088,21474,23860,26246,28632,31018,33404,35790,38176,40562,42948,45334,47720,table-of-2386,2385,/table-of-2385,2384,/table-of-2384,2383,/table-of-2383
2387,4774,7161,9548,11935,14322,16709,19096,21483,23870,26257,28644,31031,33418,35805,38192,40579,42966,45353,47740,table-of-2387,2386,/table-of-2386,2385,/table-of-2385,2384,/table-of-2384
2388,4776,7164,9552,11940,14328,16716,19104,21492,23880,26268,28656,31044,33432,35820,38208,40596,42984,45372,47760,table-of-2388,2387,/table-of-2387,2386,/table-of-2386,2385,/table-of-2385
2389,4778,7167,9556,11945,14334,16723,19112,21501,23890,26279,28668,31057,33446,35835,38224,40613,43002,45391,47780,table-of-2389,2388,/table-of-2388,2387,/table-of-2387,2386,/table-of-2386
2390,4780,7170,9560,11950,14340,16730,19120,21510,23900,26290,28680,31070,33460,35850,38240,40630,43020,45410,47800,table-of-2390,2389,/table-of-2389,2388,/table-of-2388,2387,/table-of-2387
2391,4782,7173,9564,11955,14346,16737,19128,21519,23910,26301,28692,31083,33474,35865,38256,40647,43038,45429,47820,table-of-2391,2390,/table-of-2390,2389,/table-of-2389,2388,/table-of-2388
2392,4784,7176,9568,11960,14352,16744,19136,21528,23920,26312,28704,31096,33488,35880,38272,40664,43056,45448,47840,table-of-2392,2391,/table-of-2391,2390,/table-of-2390,2389,/table-of-2389
2393,4786,7179,9572,11965,14358,16751,19144,21537,23930,26323,28716,31109,33502,35895,38288,40681,43074,45467,47860,table-of-2393,2392,/table-of-2392,2391,/table-of-2391,2390,/table-of-2390
2394,4788,7182,9576,11970,14364,16758,19152,21546,23940,26334,28728,31122,33516,35910,38304,40698,43092,45486,47880,table-of-2394,2393,/table-of-2393,2392,/table-of-2392,2391,/table-of-2391
2395,4790,7185,9580,11975,14370,16765,19160,21555,23950,26345,28740,31135,33530,35925,38320,40715,43110,45505,47900,table-of-2395,2394,/table-of-2394,2393,/table-of-2393,2392,/table-of-2392
2396,4792,7188,9584,11980,14376,16772,19168,21564,23960,26356,28752,31148,33544,35940,38336,40732,43128,45524,47920,table-of-2396,2395,/table-of-2395,2394,/table-of-2394,2393,/table-of-2393
2397,4794,7191,9588,11985,14382,16779,19176,21573,23970,26367,28764,31161,33558,35955,38352,40749,43146,45543,47940,table-of-2397,2396,/table-of-2396,2395,/table-of-2395,2394,/table-of-2394
2398,4796,7194,9592,11990,14388,16786,19184,21582,23980,26378,28776,31174,33572,35970,38368,40766,43164,45562,47960,table-of-2398,2397,/table-of-2397,2396,/table-of-2396,2395,/table-of-2395
2399,4798,7197,9596,11995,14394,16793,19192,21591,23990,26389,28788,31187,33586,35985,38384,40783,43182,45581,47980,table-of-2399,2398,/table-of-2398,2397,/table-of-2397,2396,/table-of-2396
2400,4800,7200,9600,12000,14400,16800,19200,21600,24000,26400,28800,31200,33600,36000,38400,40800,43200,45600,48000,table-of-2400,2399,/table-of-2399,2398,/table-of-2398,2397,/table-of-2397
2401,4802,7203,9604,12005,14406,16807,19208,21609,24010,26411,28812,31213,33614,36015,38416,40817,43218,45619,48020,table-of-2401,2400,/table-of-2400,2399,/table-of-2399,2398,/table-of-2398
2402,4804,7206,9608,12010,14412,16814,19216,21618,24020,26422,28824,31226,33628,36030,38432,40834,43236,45638,48040,table-of-2402,2401,/table-of-2401,2400,/table-of-2400,2399,/table-of-2399
2403,4806,7209,9612,12015,14418,16821,19224,21627,24030,26433,28836,31239,33642,36045,38448,40851,43254,45657,48060,table-of-2403,2402,/table-of-2402,2401,/table-of-2401,2400,/table-of-2400
2404,4808,7212,9616,12020,14424,16828,19232,21636,24040,26444,28848,31252,33656,36060,38464,40868,43272,45676,48080,table-of-2404,2403,/table-of-2403,2402,/table-of-2402,2401,/table-of-2401
2405,4810,7215,9620,12025,14430,16835,19240,21645,24050,26455,28860,31265,33670,36075,38480,40885,43290,45695,48100,table-of-2405,2404,/table-of-2404,2403,/table-of-2403,2402,/table-of-2402
2406,4812,7218,9624,12030,14436,16842,19248,21654,24060,26466,28872,31278,33684,36090,38496,40902,43308,45714,48120,table-of-2406,2405,/table-of-2405,2404,/table-of-2404,2403,/table-of-2403
2407,4814,7221,9628,12035,14442,16849,19256,21663,24070,26477,28884,31291,33698,36105,38512,40919,43326,45733,48140,table-of-2407,2406,/table-of-2406,2405,/table-of-2405,2404,/table-of-2404
2408,4816,7224,9632,12040,14448,16856,19264,21672,24080,26488,28896,31304,33712,36120,38528,40936,43344,45752,48160,table-of-2408,2407,/table-of-2407,2406,/table-of-2406,2405,/table-of-2405
2409,4818,7227,9636,12045,14454,16863,19272,21681,24090,26499,28908,31317,33726,36135,38544,40953,43362,45771,48180,table-of-2409,2408,/table-of-2408,2407,/table-of-2407,2406,/table-of-2406
2410,4820,7230,9640,12050,14460,16870,19280,21690,24100,26510,28920,31330,33740,36150,38560,40970,43380,45790,48200,table-of-2410,2409,/table-of-2409,2408,/table-of-2408,2407,/table-of-2407
2411,4822,7233,9644,12055,14466,16877,19288,21699,24110,26521,28932,31343,33754,36165,38576,40987,43398,45809,48220,table-of-2411,2410,/table-of-2410,2409,/table-of-2409,2408,/table-of-2408
2412,4824,7236,9648,12060,14472,16884,19296,21708,24120,26532,28944,31356,33768,36180,38592,41004,43416,45828,48240,table-of-2412,2411,/table-of-2411,2410,/table-of-2410,2409,/table-of-2409
2413,4826,7239,9652,12065,14478,16891,19304,21717,24130,26543,28956,31369,33782,36195,38608,41021,43434,45847,48260,table-of-2413,2412,/table-of-2412,2411,/table-of-2411,2410,/table-of-2410
2414,4828,7242,9656,12070,14484,16898,19312,21726,24140,26554,28968,31382,33796,36210,38624,41038,43452,45866,48280,table-of-2414,2413,/table-of-2413,2412,/table-of-2412,2411,/table-of-2411
2415,4830,7245,9660,12075,14490,16905,19320,21735,24150,26565,28980,31395,33810,36225,38640,41055,43470,45885,48300,table-of-2415,2414,/table-of-2414,2413,/table-of-2413,2412,/table-of-2412
2416,4832,7248,9664,12080,14496,16912,19328,21744,24160,26576,28992,31408,33824,36240,38656,41072,43488,45904,48320,table-of-2416,2415,/table-of-2415,2414,/table-of-2414,2413,/table-of-2413
2417,4834,7251,9668,12085,14502,16919,19336,21753,24170,26587,29004,31421,33838,36255,38672,41089,43506,45923,48340,table-of-2417,2416,/table-of-2416,2415,/table-of-2415,2414,/table-of-2414
2418,4836,7254,9672,12090,14508,16926,19344,21762,24180,26598,29016,31434,33852,36270,38688,41106,43524,45942,48360,table-of-2418,2417,/table-of-2417,2416,/table-of-2416,2415,/table-of-2415
2419,4838,7257,9676,12095,14514,16933,19352,21771,24190,26609,29028,31447,33866,36285,38704,41123,43542,45961,48380,table-of-2419,2418,/table-of-2418,2417,/table-of-2417,2416,/table-of-2416
2420,4840,7260,9680,12100,14520,16940,19360,21780,24200,26620,29040,31460,33880,36300,38720,41140,43560,45980,48400,table-of-2420,2419,/table-of-2419,2418,/table-of-2418,2417,/table-of-2417
2421,4842,7263,9684,12105,14526,16947,19368,21789,24210,26631,29052,31473,33894,36315,38736,41157,43578,45999,48420,table-of-2421,2420,/table-of-2420,2419,/table-of-2419,2418,/table-of-2418
2422,4844,7266,9688,12110,14532,16954,19376,21798,24220,26642,29064,31486,33908,36330,38752,41174,43596,46018,48440,table-of-2422,2421,/table-of-2421,2420,/table-of-2420,2419,/table-of-2419
2423,4846,7269,9692,12115,14538,16961,19384,21807,24230,26653,29076,31499,33922,36345,38768,41191,43614,46037,48460,table-of-2423,2422,/table-of-2422,2421,/table-of-2421,2420,/table-of-2420
2424,4848,7272,9696,12120,14544,16968,19392,21816,24240,26664,29088,31512,33936,36360,38784,41208,43632,46056,48480,table-of-2424,2423,/table-of-2423,2422,/table-of-2422,2421,/table-of-2421
2425,4850,7275,9700,12125,14550,16975,19400,21825,24250,26675,29100,31525,33950,36375,38800,41225,43650,46075,48500,table-of-2425,2424,/table-of-2424,2423,/table-of-2423,2422,/table-of-2422
2426,4852,7278,9704,12130,14556,16982,19408,21834,24260,26686,29112,31538,33964,36390,38816,41242,43668,46094,48520,table-of-2426,2425,/table-of-2425,2424,/table-of-2424,2423,/table-of-2423
2427,4854,7281,9708,12135,14562,16989,19416,21843,24270,26697,29124,31551,33978,36405,38832,41259,43686,46113,48540,table-of-2427,2426,/table-of-2426,2425,/table-of-2425,2424,/table-of-2424
2428,4856,7284,9712,12140,14568,16996,19424,21852,24280,26708,29136,31564,33992,36420,38848,41276,43704,46132,48560,table-of-2428,2427,/table-of-2427,2426,/table-of-2426,2425,/table-of-2425
2429,4858,7287,9716,12145,14574,17003,19432,21861,24290,26719,29148,31577,34006,36435,38864,41293,43722,46151,48580,table-of-2429,2428,/table-of-2428,2427,/table-of-2427,2426,/table-of-2426
2430,4860,7290,9720,12150,14580,17010,19440,21870,24300,26730,29160,31590,34020,36450,38880,41310,43740,46170,48600,table-of-2430,2429,/table-of-2429,2428,/table-of-2428,2427,/table-of-2427
2431,4862,7293,9724,12155,14586,17017,19448,21879,24310,26741,29172,31603,34034,36465,38896,41327,43758,46189,48620,table-of-2431,2430,/table-of-2430,2429,/table-of-2429,2428,/table-of-2428
2432,4864,7296,9728,12160,14592,17024,19456,21888,24320,26752,29184,31616,34048,36480,38912,41344,43776,46208,48640,table-of-2432,2431,/table-of-2431,2430,/table-of-2430,2429,/table-of-2429
2433,4866,7299,9732,12165,14598,17031,19464,21897,24330,26763,29196,31629,34062,36495,38928,41361,43794,46227,48660,table-of-2433,2432,/table-of-2432,2431,/table-of-2431,2430,/table-of-2430
2434,4868,7302,9736,12170,14604,17038,19472,21906,24340,26774,29208,31642,34076,36510,38944,41378,43812,46246,48680,table-of-2434,2433,/table-of-2433,2432,/table-of-2432,2431,/table-of-2431
2435,4870,7305,9740,12175,14610,17045,19480,21915,24350,26785,29220,31655,34090,36525,38960,41395,43830,46265,48700,table-of-2435,2434,/table-of-2434,2433,/table-of-2433,2432,/table-of-2432
2436,4872,7308,9744,12180,14616,17052,19488,21924,24360,26796,29232,31668,34104,36540,38976,41412,43848,46284,48720,table-of-2436,2435,/table-of-2435,2434,/table-of-2434,2433,/table-of-2433
2437,4874,7311,9748,12185,14622,17059,19496,21933,24370,26807,29244,31681,34118,36555,38992,41429,43866,46303,48740,table-of-2437,2436,/table-of-2436,2435,/table-of-2435,2434,/table-of-2434
2438,4876,7314,9752,12190,14628,17066,19504,21942,24380,26818,29256,31694,34132,36570,39008,41446,43884,46322,48760,table-of-2438,2437,/table-of-2437,2436,/table-of-2436,2435,/table-of-2435
2439,4878,7317,9756,12195,14634,17073,19512,21951,24390,26829,29268,31707,34146,36585,39024,41463,43902,46341,48780,table-of-2439,2438,/table-of-2438,2437,/table-of-2437,2436,/table-of-2436
2440,4880,7320,9760,12200,14640,17080,19520,21960,24400,26840,29280,31720,34160,36600,39040,41480,43920,46360,48800,table-of-2440,2439,/table-of-2439,2438,/table-of-2438,2437,/table-of-2437
2441,4882,7323,9764,12205,14646,17087,19528,21969,24410,26851,29292,31733,34174,36615,39056,41497,43938,46379,48820,table-of-2441,2440,/table-of-2440,2439,/table-of-2439,2438,/table-of-2438
2442,4884,7326,9768,12210,14652,17094,19536,21978,24420,26862,29304,31746,34188,36630,39072,41514,43956,46398,48840,table-of-2442,2441,/table-of-2441,2440,/table-of-2440,2439,/table-of-2439
2443,4886,7329,9772,12215,14658,17101,19544,21987,24430,26873,29316,31759,34202,36645,39088,41531,43974,46417,48860,table-of-2443,2442,/table-of-2442,2441,/table-of-2441,2440,/table-of-2440
2444,4888,7332,9776,12220,14664,17108,19552,21996,24440,26884,29328,31772,34216,36660,39104,41548,43992,46436,48880,table-of-2444,2443,/table-of-2443,2442,/table-of-2442,2441,/table-of-2441
2445,4890,7335,9780,12225,14670,17115,19560,22005,24450,26895,29340,31785,34230,36675,39120,41565,44010,46455,48900,table-of-2445,2444,/table-of-2444,2443,/table-of-2443,2442,/table-of-2442
2446,4892,7338,9784,12230,14676,17122,19568,22014,24460,26906,29352,31798,34244,36690,39136,41582,44028,46474,48920,table-of-2446,2445,/table-of-2445,2444,/table-of-2444,2443,/table-of-2443
2447,4894,7341,9788,12235,14682,17129,19576,22023,24470,26917,29364,31811,34258,36705,39152,41599,44046,46493,48940,table-of-2447,2446,/table-of-2446,2445,/table-of-2445,2444,/table-of-2444
2448,4896,7344,9792,12240,14688,17136,19584,22032,24480,26928,29376,31824,34272,36720,39168,41616,44064,46512,48960,table-of-2448,2447,/table-of-2447,2446,/table-of-2446,2445,/table-of-2445
2449,4898,7347,9796,12245,14694,17143,19592,22041,24490,26939,29388,31837,34286,36735,39184,41633,44082,46531,48980,table-of-2449,2448,/table-of-2448,2447,/table-of-2447,2446,/table-of-2446
2450,4900,7350,9800,12250,14700,17150,19600,22050,24500,26950,29400,31850,34300,36750,39200,41650,44100,46550,49000,table-of-2450,2449,/table-of-2449,2448,/table-of-2448,2447,/table-of-2447
2451,4902,7353,9804,12255,14706,17157,19608,22059,24510,26961,29412,31863,34314,36765,39216,41667,44118,46569,49020,table-of-2451,2450,/table-of-2450,2449,/table-of-2449,2448,/table-of-2448
2452,4904,7356,9808,12260,14712,17164,19616,22068,24520,26972,29424,31876,34328,36780,39232,41684,44136,46588,49040,table-of-2452,2451,/table-of-2451,2450,/table-of-2450,2449,/table-of-2449
2453,4906,7359,9812,12265,14718,17171,19624,22077,24530,26983,29436,31889,34342,36795,39248,41701,44154,46607,49060,table-of-2453,2452,/table-of-2452,2451,/table-of-2451,2450,/table-of-2450
2454,4908,7362,9816,12270,14724,17178,19632,22086,24540,26994,29448,31902,34356,36810,39264,41718,44172,46626,49080,table-of-2454,2453,/table-of-2453,2452,/table-of-2452,2451,/table-of-2451
2455,4910,7365,9820,12275,14730,17185,19640,22095,24550,27005,29460,31915,34370,36825,39280,41735,44190,46645,49100,table-of-2455,2454,/table-of-2454,2453,/table-of-2453,2452,/table-of-2452
2456,4912,7368,9824,12280,14736,17192,19648,22104,24560,27016,29472,31928,34384,36840,39296,41752,44208,46664,49120,table-of-2456,2455,/table-of-2455,2454,/table-of-2454,2453,/table-of-2453
2457,4914,7371,9828,12285,14742,17199,19656,22113,24570,27027,29484,31941,34398,36855,39312,41769,44226,46683,49140,table-of-2457,2456,/table-of-2456,2455,/table-of-2455,2454,/table-of-2454
2458,4916,7374,9832,12290,14748,17206,19664,22122,24580,27038,29496,31954,34412,36870,39328,41786,44244,46702,49160,table-of-2458,2457,/table-of-2457,2456,/table-of-2456,2455,/table-of-2455
2459,4918,7377,9836,12295,14754,17213,19672,22131,24590,27049,29508,31967,34426,36885,39344,41803,44262,46721,49180,table-of-2459,2458,/table-of-2458,2457,/table-of-2457,2456,/table-of-2456
2460,4920,7380,9840,12300,14760,17220,19680,22140,24600,27060,29520,31980,34440,36900,39360,41820,44280,46740,49200,table-of-2460,2459,/table-of-2459,2458,/table-of-2458,2457,/table-of-2457
2461,4922,7383,9844,12305,14766,17227,19688,22149,24610,27071,29532,31993,34454,36915,39376,41837,44298,46759,49220,table-of-2461,2460,/table-of-2460,2459,/table-of-2459,2458,/table-of-2458
2462,4924,7386,9848,12310,14772,17234,19696,22158,24620,27082,29544,32006,34468,36930,39392,41854,44316,46778,49240,table-of-2462,2461,/table-of-2461,2460,/table-of-2460,2459,/table-of-2459
2463,4926,7389,9852,12315,14778,17241,19704,22167,24630,27093,29556,32019,34482,36945,39408,41871,44334,46797,49260,table-of-2463,2462,/table-of-2462,2461,/table-of-2461,2460,/table-of-2460
2464,4928,7392,9856,12320,14784,17248,19712,22176,24640,27104,29568,32032,34496,36960,39424,41888,44352,46816,49280,table-of-2464,2463,/table-of-2463,2462,/table-of-2462,2461,/table-of-2461
2465,4930,7395,9860,12325,14790,17255,19720,22185,24650,27115,29580,32045,34510,36975,39440,41905,44370,46835,49300,table-of-2465,2464,/table-of-2464,2463,/table-of-2463,2462,/table-of-2462
2466,4932,7398,9864,12330,14796,17262,19728,22194,24660,27126,29592,32058,34524,36990,39456,41922,44388,46854,49320,table-of-2466,2465,/table-of-2465,2464,/table-of-2464,2463,/table-of-2463
2467,4934,7401,9868,12335,14802,17269,19736,22203,24670,27137,29604,32071,34538,37005,39472,41939,44406,46873,49340,table-of-2467,2466,/table-of-2466,2465,/table-of-2465,2464,/table-of-2464
2468,4936,7404,9872,12340,14808,17276,19744,22212,24680,27148,29616,32084,34552,37020,39488,41956,44424,46892,49360,table-of-2468,2467,/table-of-2467,2466,/table-of-2466,2465,/table-of-2465
2469,4938,7407,9876,12345,14814,17283,19752,22221,24690,27159,29628,32097,34566,37035,39504,41973,44442,46911,49380,table-of-2469,2468,/table-of-2468,2467,/table-of-2467,2466,/table-of-2466
2470,4940,7410,9880,12350,14820,17290,19760,22230,24700,27170,29640,32110,34580,37050,39520,41990,44460,46930,49400,table-of-2470,2469,/table-of-2469,2468,/table-of-2468,2467,/table-of-2467
2471,4942,7413,9884,12355,14826,17297,19768,22239,24710,27181,29652,32123,34594,37065,39536,42007,44478,46949,49420,table-of-2471,2470,/table-of-2470,2469,/table-of-2469,2468,/table-of-2468
2472,4944,7416,9888,12360,14832,17304,19776,22248,24720,27192,29664,32136,34608,37080,39552,42024,44496,46968,49440,table-of-2472,2471,/table-of-2471,2470,/table-of-2470,2469,/table-of-2469
2473,4946,7419,9892,12365,14838,17311,19784,22257,24730,27203,29676,32149,34622,37095,39568,42041,44514,46987,49460,table-of-2473,2472,/table-of-2472,2471,/table-of-2471,2470,/table-of-2470
2474,4948,7422,9896,12370,14844,17318,19792,22266,24740,27214,29688,32162,34636,37110,39584,42058,44532,47006,49480,table-of-2474,2473,/table-of-2473,2472,/table-of-2472,2471,/table-of-2471
2475,4950,7425,9900,12375,14850,17325,19800,22275,24750,27225,29700,32175,34650,37125,39600,42075,44550,47025,49500,table-of-2475,2474,/table-of-2474,2473,/table-of-2473,2472,/table-of-2472
2476,4952,7428,9904,12380,14856,17332,19808,22284,24760,27236,29712,32188,34664,37140,39616,42092,44568,47044,49520,table-of-2476,2475,/table-of-2475,2474,/table-of-2474,2473,/table-of-2473
2477,4954,7431,9908,12385,14862,17339,19816,22293,24770,27247,29724,32201,34678,37155,39632,42109,44586,47063,49540,table-of-2477,2476,/table-of-2476,2475,/table-of-2475,2474,/table-of-2474
2478,4956,7434,9912,12390,14868,17346,19824,22302,24780,27258,29736,32214,34692,37170,39648,42126,44604,47082,49560,table-of-2478,2477,/table-of-2477,2476,/table-of-2476,2475,/table-of-2475
2479,4958,7437,9916,12395,14874,17353,19832,22311,24790,27269,29748,32227,34706,37185,39664,42143,44622,47101,49580,table-of-2479,2478,/table-of-2478,2477,/table-of-2477,2476,/table-of-2476
2480,4960,7440,9920,12400,14880,17360,19840,22320,24800,27280,29760,32240,34720,37200,39680,42160,44640,47120,49600,table-of-2480,2479,/table-of-2479,2478,/table-of-2478,2477,/table-of-2477
2481,4962,7443,9924,12405,14886,17367,19848,22329,24810,27291,29772,32253,34734,37215,39696,42177,44658,47139,49620,table-of-2481,2480,/table-of-2480,2479,/table-of-2479,2478,/table-of-2478
2482,4964,7446,9928,12410,14892,17374,19856,22338,24820,27302,29784,32266,34748,37230,39712,42194,44676,47158,49640,table-of-2482,2481,/table-of-2481,2480,/table-of-2480,2479,/table-of-2479
2483,4966,7449,9932,12415,14898,17381,19864,22347,24830,27313,29796,32279,34762,37245,39728,42211,44694,47177,49660,table-of-2483,2482,/table-of-2482,2481,/table-of-2481,2480,/table-of-2480
2484,4968,7452,9936,12420,14904,17388,19872,22356,24840,27324,29808,32292,34776,37260,39744,42228,44712,47196,49680,table-of-2484,2483,/table-of-2483,2482,/table-of-2482,2481,/table-of-2481
2485,4970,7455,9940,12425,14910,17395,19880,22365,24850,27335,29820,32305,34790,37275,39760,42245,44730,47215,49700,table-of-2485,2484,/table-of-2484,2483,/table-of-2483,2482,/table-of-2482
2486,4972,7458,9944,12430,14916,17402,19888,22374,24860,27346,29832,32318,34804,37290,39776,42262,44748,47234,49720,table-of-2486,2485,/table-of-2485,2484,/table-of-2484,2483,/table-of-2483
2487,4974,7461,9948,12435,14922,17409,19896,22383,24870,27357,29844,32331,34818,37305,39792,42279,44766,47253,49740,table-of-2487,2486,/table-of-2486,2485,/table-of-2485,2484,/table-of-2484
2488,4976,7464,9952,12440,14928,17416,19904,22392,24880,27368,29856,32344,34832,37320,39808,42296,44784,47272,49760,table-of-2488,2487,/table-of-2487,2486,/table-of-2486,2485,/table-of-2485
2489,4978,7467,9956,12445,14934,17423,19912,22401,24890,27379,29868,32357,34846,37335,39824,42313,44802,47291,49780,table-of-2489,2488,/table-of-2488,2487,/table-of-2487,2486,/table-of-2486
2490,4980,7470,9960,12450,14940,17430,19920,22410,24900,27390,29880,32370,34860,37350,39840,42330,44820,47310,49800,table-of-2490,2489,/table-of-2489,2488,/table-of-2488,2487,/table-of-2487
2491,4982,7473,9964,12455,14946,17437,19928,22419,24910,27401,29892,32383,34874,37365,39856,42347,44838,47329,49820,table-of-2491,2490,/table-of-2490,2489,/table-of-2489,2488,/table-of-2488
2492,4984,7476,9968,12460,14952,17444,19936,22428,24920,27412,29904,32396,34888,37380,39872,42364,44856,47348,49840,table-of-2492,2491,/table-of-2491,2490,/table-of-2490,2489,/table-of-2489
2493,4986,7479,9972,12465,14958,17451,19944,22437,24930,27423,29916,32409,34902,37395,39888,42381,44874,47367,49860,table-of-2493,2492,/table-of-2492,2491,/table-of-2491,2490,/table-of-2490
2494,4988,7482,9976,12470,14964,17458,19952,22446,24940,27434,29928,32422,34916,37410,39904,42398,44892,47386,49880,table-of-2494,2493,/table-of-2493,2492,/table-of-2492,2491,/table-of-2491
2495,4990,7485,9980,12475,14970,17465,19960,22455,24950,27445,29940,32435,34930,37425,39920,42415,44910,47405,49900,table-of-2495,2494,/table-of-2494,2493,/table-of-2493,2492,/table-of-2492
2496,4992,7488,9984,12480,14976,17472,19968,22464,24960,27456,29952,32448,34944,37440,39936,42432,44928,47424,49920,table-of-2496,2495,/table-of-2495,2494,/table-of-2494,2493,/table-of-2493
2497,4994,7491,9988,12485,14982,17479,19976,22473,24970,27467,29964,32461,34958,37455,39952,42449,44946,47443,49940,table-of-2497,2496,/table-of-2496,2495,/table-of-2495,2494,/table-of-2494
2498,4996,7494,9992,12490,14988,17486,19984,22482,24980,27478,29976,32474,34972,37470,39968,42466,44964,47462,49960,table-of-2498,2497,/table-of-2497,2496,/table-of-2496,2495,/table-of-2495
2499,4998,7497,9996,12495,14994,17493,19992,22491,24990,27489,29988,32487,34986,37485,39984,42483,44982,47481,49980,table-of-2499,2498,/table-of-2498,2497,/table-of-2497,2496,/table-of-2496
2500,5000,7500,10000,12500,15000,17500,20000,22500,25000,27500,30000,32500,35000,37500,40000,42500,45000,47500,50000,table-of-2500,2499,/table-of-2499,2498,/table-of-2498,2497,/table-of-2497
2501,5002,7503,10004,12505,15006,17507,20008,22509,25010,27511,30012,32513,35014,37515,40016,42517,45018,47519,50020,table-of-2501,2500,/table-of-2500,2499,/table-of-2499,2498,/table-of-2498
2502,5004,7506,10008,12510,15012,17514,20016,22518,25020,27522,30024,32526,35028,37530,40032,42534,45036,47538,50040,table-of-2502,2501,/table-of-2501,2500,/table-of-2500,2499,/table-of-2499
2503,5006,7509,10012,12515,15018,17521,20024,22527,25030,27533,30036,32539,35042,37545,40048,42551,45054,47557,50060,table-of-2503,2502,/table-of-2502,2501,/table-of-2501,2500,/table-of-2500
2504,5008,7512,10016,12520,15024,17528,20032,22536,25040,27544,30048,32552,35056,37560,40064,42568,45072,47576,50080,table-of-2504,2503,/table-of-2503,2502,/table-of-2502,2501,/table-of-2501
2505,5010,7515,10020,12525,15030,17535,20040,22545,25050,27555,30060,32565,35070,37575,40080,42585,45090,47595,50100,table-of-2505,2504,/table-of-2504,2503,/table-of-2503,2502,/table-of-2502
2506,5012,7518,10024,12530,15036,17542,20048,22554,25060,27566,30072,32578,35084,37590,40096,42602,45108,47614,50120,table-of-2506,2505,/table-of-2505,2504,/table-of-2504,2503,/table-of-2503
2507,5014,7521,10028,12535,15042,17549,20056,22563,25070,27577,30084,32591,35098,37605,40112,42619,45126,47633,50140,table-of-2507,2506,/table-of-2506,2505,/table-of-2505,2504,/table-of-2504
2508,5016,7524,10032,12540,15048,17556,20064,22572,25080,27588,30096,32604,35112,37620,40128,42636,45144,47652,50160,table-of-2508,2507,/table-of-2507,2506,/table-of-2506,2505,/table-of-2505
2509,5018,7527,10036,12545,15054,17563,20072,22581,25090,27599,30108,32617,35126,37635,40144,42653,45162,47671,50180,table-of-2509,2508,/table-of-2508,2507,/table-of-2507,2506,/table-of-2506
2510,5020,7530,10040,12550,15060,17570,20080,22590,25100,27610,30120,32630,35140,37650,40160,42670,45180,47690,50200,table-of-2510,2509,/table-of-2509,2508,/table-of-2508,2507,/table-of-2507
2511,5022,7533,10044,12555,15066,17577,20088,22599,25110,27621,30132,32643,35154,37665,40176,42687,45198,47709,50220,table-of-2511,2510,/table-of-2510,2509,/table-of-2509,2508,/table-of-2508
2512,5024,7536,10048,12560,15072,17584,20096,22608,25120,27632,30144,32656,35168,37680,40192,42704,45216,47728,50240,table-of-2512,2511,/table-of-2511,2510,/table-of-2510,2509,/table-of-2509
2513,5026,7539,10052,12565,15078,17591,20104,22617,25130,27643,30156,32669,35182,37695,40208,42721,45234,47747,50260,table-of-2513,2512,/table-of-2512,2511,/table-of-2511,2510,/table-of-2510
2514,5028,7542,10056,12570,15084,17598,20112,22626,25140,27654,30168,32682,35196,37710,40224,42738,45252,47766,50280,table-of-2514,2513,/table-of-2513,2512,/table-of-2512,2511,/table-of-2511
2515,5030,7545,10060,12575,15090,17605,20120,22635,25150,27665,30180,32695,35210,37725,40240,42755,45270,47785,50300,table-of-2515,2514,/table-of-2514,2513,/table-of-2513,2512,/table-of-2512
2516,5032,7548,10064,12580,15096,17612,20128,22644,25160,27676,30192,32708,35224,37740,40256,42772,45288,47804,50320,table-of-2516,2515,/table-of-2515,2514,/table-of-2514,2513,/table-of-2513
2517,5034,7551,10068,12585,15102,17619,20136,22653,25170,27687,30204,32721,35238,37755,40272,42789,45306,47823,50340,table-of-2517,2516,/table-of-2516,2515,/table-of-2515,2514,/table-of-2514
2518,5036,7554,10072,12590,15108,17626,20144,22662,25180,27698,30216,32734,35252,37770,40288,42806,45324,47842,50360,table-of-2518,2517,/table-of-2517,2516,/table-of-2516,2515,/table-of-2515
2519,5038,7557,10076,12595,15114,17633,20152,22671,25190,27709,30228,32747,35266,37785,40304,42823,45342,47861,50380,table-of-2519,2518,/table-of-2518,2517,/table-of-2517,2516,/table-of-2516
2520,5040,7560,10080,12600,15120,17640,20160,22680,25200,27720,30240,32760,35280,37800,40320,42840,45360,47880,50400,table-of-2520,2519,/table-of-2519,2518,/table-of-2518,2517,/table-of-2517
2521,5042,7563,10084,12605,15126,17647,20168,22689,25210,27731,30252,32773,35294,37815,40336,42857,45378,47899,50420,table-of-2521,2520,/table-of-2520,2519,/table-of-2519,2518,/table-of-2518
2522,5044,7566,10088,12610,15132,17654,20176,22698,25220,27742,30264,32786,35308,37830,40352,42874,45396,47918,50440,table-of-2522,2521,/table-of-2521,2520,/table-of-2520,2519,/table-of-2519
2523,5046,7569,10092,12615,15138,17661,20184,22707,25230,27753,30276,32799,35322,37845,40368,42891,45414,47937,50460,table-of-2523,2522,/table-of-2522,2521,/table-of-2521,2520,/table-of-2520
2524,5048,7572,10096,12620,15144,17668,20192,22716,25240,27764,30288,32812,35336,37860,40384,42908,45432,47956,50480,table-of-2524,2523,/table-of-2523,2522,/table-of-2522,2521,/table-of-2521
2525,5050,7575,10100,12625,15150,17675,20200,22725,25250,27775,30300,32825,35350,37875,40400,42925,45450,47975,50500,table-of-2525,2524,/table-of-2524,2523,/table-of-2523,2522,/table-of-2522
2526,5052,7578,10104,12630,15156,17682,20208,22734,25260,27786,30312,32838,35364,37890,40416,42942,45468,47994,50520,table-of-2526,2525,/table-of-2525,2524,/table-of-2524,2523,/table-of-2523
2527,5054,7581,10108,12635,15162,17689,20216,22743,25270,27797,30324,32851,35378,37905,40432,42959,45486,48013,50540,table-of-2527,2526,/table-of-2526,2525,/table-of-2525,2524,/table-of-2524
2528,5056,7584,10112,12640,15168,17696,20224,22752,25280,27808,30336,32864,35392,37920,40448,42976,45504,48032,50560,table-of-2528,2527,/table-of-2527,2526,/table-of-2526,2525,/table-of-2525
2529,5058,7587,10116,12645,15174,17703,20232,22761,25290,27819,30348,32877,35406,37935,40464,42993,45522,48051,50580,table-of-2529,2528,/table-of-2528,2527,/table-of-2527,2526,/table-of-2526
2530,5060,7590,10120,12650,15180,17710,20240,22770,25300,27830,30360,32890,35420,37950,40480,43010,45540,48070,50600,table-of-2530,2529,/table-of-2529,2528,/table-of-2528,2527,/table-of-2527
2531,5062,7593,10124,12655,15186,17717,20248,22779,25310,27841,30372,32903,35434,37965,40496,43027,45558,48089,50620,table-of-2531,2530,/table-of-2530,2529,/table-of-2529,2528,/table-of-2528
2532,5064,7596,10128,12660,15192,17724,20256,22788,25320,27852,30384,32916,35448,37980,40512,43044,45576,48108,50640,table-of-2532,2531,/table-of-2531,2530,/table-of-2530,2529,/table-of-2529
2533,5066,7599,10132,12665,15198,17731,20264,22797,25330,27863,30396,32929,35462,37995,40528,43061,45594,48127,50660,table-of-2533,2532,/table-of-2532,2531,/table-of-2531,2530,/table-of-2530
2534,5068,7602,10136,12670,15204,17738,20272,22806,25340,27874,30408,32942,35476,38010,40544,43078,45612,48146,50680,table-of-2534,2533,/table-of-2533,2532,/table-of-2532,2531,/table-of-2531
2535,5070,7605,10140,12675,15210,17745,20280,22815,25350,27885,30420,32955,35490,38025,40560,43095,45630,48165,50700,table-of-2535,2534,/table-of-2534,2533,/table-of-2533,2532,/table-of-2532
2536,5072,7608,10144,12680,15216,17752,20288,22824,25360,27896,30432,32968,35504,38040,40576,43112,45648,48184,50720,table-of-2536,2535,/table-of-2535,2534,/table-of-2534,2533,/table-of-2533
2537,5074,7611,10148,12685,15222,17759,20296,22833,25370,27907,30444,32981,35518,38055,40592,43129,45666,48203,50740,table-of-2537,2536,/table-of-2536,2535,/table-of-2535,2534,/table-of-2534
2538,5076,7614,10152,12690,15228,17766,20304,22842,25380,27918,30456,32994,35532,38070,40608,43146,45684,48222,50760,table-of-2538,2537,/table-of-2537,2536,/table-of-2536,2535,/table-of-2535
2539,5078,7617,10156,12695,15234,17773,20312,22851,25390,27929,30468,33007,35546,38085,40624,43163,45702,48241,50780,table-of-2539,2538,/table-of-2538,2537,/table-of-2537,2536,/table-of-2536
2540,5080,7620,10160,12700,15240,17780,20320,22860,25400,27940,30480,33020,35560,38100,40640,43180,45720,48260,50800,table-of-2540,2539,/table-of-2539,2538,/table-of-2538,2537,/table-of-2537
2541,5082,7623,10164,12705,15246,17787,20328,22869,25410,27951,30492,33033,35574,38115,40656,43197,45738,48279,50820,table-of-2541,2540,/table-of-2540,2539,/table-of-2539,2538,/table-of-2538
2542,5084,7626,10168,12710,15252,17794,20336,22878,25420,27962,30504,33046,35588,38130,40672,43214,45756,48298,50840,table-of-2542,2541,/table-of-2541,2540,/table-of-2540,2539,/table-of-2539
2543,5086,7629,10172,12715,15258,17801,20344,22887,25430,27973,30516,33059,35602,38145,40688,43231,45774,48317,50860,table-of-2543,2542,/table-of-2542,2541,/table-of-2541,2540,/table-of-2540
2544,5088,7632,10176,12720,15264,17808,20352,22896,25440,27984,30528,33072,35616,38160,40704,43248,45792,48336,50880,table-of-2544,2543,/table-of-2543,2542,/table-of-2542,2541,/table-of-2541
2545,5090,7635,10180,12725,15270,17815,20360,22905,25450,27995,30540,33085,35630,38175,40720,43265,45810,48355,50900,table-of-2545,2544,/table-of-2544,2543,/table-of-2543,2542,/table-of-2542
2546,5092,7638,10184,12730,15276,17822,20368,22914,25460,28006,30552,33098,35644,38190,40736,43282,45828,48374,50920,table-of-2546,2545,/table-of-2545,2544,/table-of-2544,2543,/table-of-2543
2547,5094,7641,10188,12735,15282,17829,20376,22923,25470,28017,30564,33111,35658,38205,40752,43299,45846,48393,50940,table-of-2547,2546,/table-of-2546,2545,/table-of-2545,2544,/table-of-2544
2548,5096,7644,10192,12740,15288,17836,20384,22932,25480,28028,30576,33124,35672,38220,40768,43316,45864,48412,50960,table-of-2548,2547,/table-of-2547,2546,/table-of-2546,2545,/table-of-2545
2549,5098,7647,10196,12745,15294,17843,20392,22941,25490,28039,30588,33137,35686,38235,40784,43333,45882,48431,50980,table-of-2549,2548,/table-of-2548,2547,/table-of-2547,2546,/table-of-2546
2550,5100,7650,10200,12750,15300,17850,20400,22950,25500,28050,30600,33150,35700,38250,40800,43350,45900,48450,51000,table-of-2550,2549,/table-of-2549,2548,/table-of-2548,2547,/table-of-2547
2551,5102,7653,10204,12755,15306,17857,20408,22959,25510,28061,30612,33163,35714,38265,40816,43367,45918,48469,51020,table-of-2551,2550,/table-of-2550,2549,/table-of-2549,2548,/table-of-2548
2552,5104,7656,10208,12760,15312,17864,20416,22968,25520,28072,30624,33176,35728,38280,40832,43384,45936,48488,51040,table-of-2552,2551,/table-of-2551,2550,/table-of-2550,2549,/table-of-2549
2553,5106,7659,10212,12765,15318,17871,20424,22977,25530,28083,30636,33189,35742,38295,40848,43401,45954,48507,51060,table-of-2553,2552,/table-of-2552,2551,/table-of-2551,2550,/table-of-2550
2554,5108,7662,10216,12770,15324,17878,20432,22986,25540,28094,30648,33202,35756,38310,40864,43418,45972,48526,51080,table-of-2554,2553,/table-of-2553,2552,/table-of-2552,2551,/table-of-2551
2555,5110,7665,10220,12775,15330,17885,20440,22995,25550,28105,30660,33215,35770,38325,40880,43435,45990,48545,51100,table-of-2555,2554,/table-of-2554,2553,/table-of-2553,2552,/table-of-2552
2556,5112,7668,10224,12780,15336,17892,20448,23004,25560,28116,30672,33228,35784,38340,40896,43452,46008,48564,51120,table-of-2556,2555,/table-of-2555,2554,/table-of-2554,2553,/table-of-2553
2557,5114,7671,10228,12785,15342,17899,20456,23013,25570,28127,30684,33241,35798,38355,40912,43469,46026,48583,51140,table-of-2557,2556,/table-of-2556,2555,/table-of-2555,2554,/table-of-2554
2558,5116,7674,10232,12790,15348,17906,20464,23022,25580,28138,30696,33254,35812,38370,40928,43486,46044,48602,51160,table-of-2558,2557,/table-of-2557,2556,/table-of-2556,2555,/table-of-2555
2559,5118,7677,10236,12795,15354,17913,20472,23031,25590,28149,30708,33267,35826,38385,40944,43503,46062,48621,51180,table-of-2559,2558,/table-of-2558,2557,/table-of-2557,2556,/table-of-2556
2560,5120,7680,10240,12800,15360,17920,20480,23040,25600,28160,30720,33280,35840,38400,40960,43520,46080,48640,51200,table-of-2560,2559,/table-of-2559,2558,/table-of-2558,2557,/table-of-2557
2561,5122,7683,10244,12805,15366,17927,20488,23049,25610,28171,30732,33293,35854,38415,40976,43537,46098,48659,51220,table-of-2561,2560,/table-of-2560,2559,/table-of-2559,2558,/table-of-2558
2562,5124,7686,10248,12810,15372,17934,20496,23058,25620,28182,30744,33306,35868,38430,40992,43554,46116,48678,51240,table-of-2562,2561,/table-of-2561,2560,/table-of-2560,2559,/table-of-2559
2563,5126,7689,10252,12815,15378,17941,20504,23067,25630,28193,30756,33319,35882,38445,41008,43571,46134,48697,51260,table-of-2563,2562,/table-of-2562,2561,/table-of-2561,2560,/table-of-2560
2564,5128,7692,10256,12820,15384,17948,20512,23076,25640,28204,30768,33332,35896,38460,41024,43588,46152,48716,51280,table-of-2564,2563,/table-of-2563,2562,/table-of-2562,2561,/table-of-2561
2565,5130,7695,10260,12825,15390,17955,20520,23085,25650,28215,30780,33345,35910,38475,41040,43605,46170,48735,51300,table-of-2565,2564,/table-of-2564,2563,/table-of-2563,2562,/table-of-2562
2566,5132,7698,10264,12830,15396,17962,20528,23094,25660,28226,30792,33358,35924,38490,41056,43622,46188,48754,51320,table-of-2566,2565,/table-of-2565,2564,/table-of-2564,2563,/table-of-2563
2567,5134,7701,10268,12835,15402,17969,20536,23103,25670,28237,30804,33371,35938,38505,41072,43639,46206,48773,51340,table-of-2567,2566,/table-of-2566,2565,/table-of-2565,2564,/table-of-2564
2568,5136,7704,10272,12840,15408,17976,20544,23112,25680,28248,30816,33384,35952,38520,41088,43656,46224,48792,51360,table-of-2568,2567,/table-of-2567,2566,/table-of-2566,2565,/table-of-2565
2569,5138,7707,10276,12845,15414,17983,20552,23121,25690,28259,30828,33397,35966,38535,41104,43673,46242,48811,51380,table-of-2569,2568,/table-of-2568,2567,/table-of-2567,2566,/table-of-2566
2570,5140,7710,10280,12850,15420,17990,20560,23130,25700,28270,30840,33410,35980,38550,41120,43690,46260,48830,51400,table-of-2570,2569,/table-of-2569,2568,/table-of-2568,2567,/table-of-2567
2571,5142,7713,10284,12855,15426,17997,20568,23139,25710,28281,30852,33423,35994,38565,41136,43707,46278,48849,51420,table-of-2571,2570,/table-of-2570,2569,/table-of-2569,2568,/table-of-2568
2572,5144,7716,10288,12860,15432,18004,20576,23148,25720,28292,30864,33436,36008,38580,41152,43724,46296,48868,51440,table-of-2572,2571,/table-of-2571,2570,/table-of-2570,2569,/table-of-2569
2573,5146,7719,10292,12865,15438,18011,20584,23157,25730,28303,30876,33449,36022,38595,41168,43741,46314,48887,51460,table-of-2573,2572,/table-of-2572,2571,/table-of-2571,2570,/table-of-2570
2574,5148,7722,10296,12870,15444,18018,20592,23166,25740,28314,30888,33462,36036,38610,41184,43758,46332,48906,51480,table-of-2574,2573,/table-of-2573,2572,/table-of-2572,2571,/table-of-2571
2575,5150,7725,10300,12875,15450,18025,20600,23175,25750,28325,30900,33475,36050,38625,41200,43775,46350,48925,51500,table-of-2575,2574,/table-of-2574,2573,/table-of-2573,2572,/table-of-2572
2576,5152,7728,10304,12880,15456,18032,20608,23184,25760,28336,30912,33488,36064,38640,41216,43792,46368,48944,51520,table-of-2576,2575,/table-of-2575,2574,/table-of-2574,2573,/table-of-2573
2577,5154,7731,10308,12885,15462,18039,20616,23193,25770,28347,30924,33501,36078,38655,41232,43809,46386,48963,51540,table-of-2577,2576,/table-of-2576,2575,/table-of-2575,2574,/table-of-2574
2578,5156,7734,10312,12890,15468,18046,20624,23202,25780,28358,30936,33514,36092,38670,41248,43826,46404,48982,51560,table-of-2578,2577,/table-of-2577,2576,/table-of-2576,2575,/table-of-2575
2579,5158,7737,10316,12895,15474,18053,20632,23211,25790,28369,30948,33527,36106,38685,41264,43843,46422,49001,51580,table-of-2579,2578,/table-of-2578,2577,/table-of-2577,2576,/table-of-2576
2580,5160,7740,10320,12900,15480,18060,20640,23220,25800,28380,30960,33540,36120,38700,41280,43860,46440,49020,51600,table-of-2580,2579,/table-of-2579,2578,/table-of-2578,2577,/table-of-2577
2581,5162,7743,10324,12905,15486,18067,20648,23229,25810,28391,30972,33553,36134,38715,41296,43877,46458,49039,51620,table-of-2581,2580,/table-of-2580,2579,/table-of-2579,2578,/table-of-2578
2582,5164,7746,10328,12910,15492,18074,20656,23238,25820,28402,30984,33566,36148,38730,41312,43894,46476,49058,51640,table-of-2582,2581,/table-of-2581,2580,/table-of-2580,2579,/table-of-2579
2583,5166,7749,10332,12915,15498,18081,20664,23247,25830,28413,30996,33579,36162,38745,41328,43911,46494,49077,51660,table-of-2583,2582,/table-of-2582,2581,/table-of-2581,2580,/table-of-2580
2584,5168,7752,10336,12920,15504,18088,20672,23256,25840,28424,31008,33592,36176,38760,41344,43928,46512,49096,51680,table-of-2584,2583,/table-of-2583,2582,/table-of-2582,2581,/table-of-2581
2585,5170,7755,10340,12925,15510,18095,20680,23265,25850,28435,31020,33605,36190,38775,41360,43945,46530,49115,51700,table-of-2585,2584,/table-of-2584,2583,/table-of-2583,2582,/table-of-2582
2586,5172,7758,10344,12930,15516,18102,20688,23274,25860,28446,31032,33618,36204,38790,41376,43962,46548,49134,51720,table-of-2586,2585,/table-of-2585,2584,/table-of-2584,2583,/table-of-2583
2587,5174,7761,10348,12935,15522,18109,20696,23283,25870,28457,31044,33631,36218,38805,41392,43979,46566,49153,51740,table-of-2587,2586,/table-of-2586,2585,/table-of-2585,2584,/table-of-2584
2588,5176,7764,10352,12940,15528,18116,20704,23292,25880,28468,31056,33644,36232,38820,41408,43996,46584,49172,51760,table-of-2588,2587,/table-of-2587,2586,/table-of-2586,2585,/table-of-2585
2589,5178,7767,10356,12945,15534,18123,20712,23301,25890,28479,31068,33657,36246,38835,41424,44013,46602,49191,51780,table-of-2589,2588,/table-of-2588,2587,/table-of-2587,2586,/table-of-2586
2590,5180,7770,10360,12950,15540,18130,20720,23310,25900,28490,31080,33670,36260,38850,41440,44030,46620,49210,51800,table-of-2590,2589,/table-of-2589,2588,/table-of-2588,2587,/table-of-2587
2591,5182,7773,10364,12955,15546,18137,20728,23319,25910,28501,31092,33683,36274,38865,41456,44047,46638,49229,51820,table-of-2591,2590,/table-of-2590,2589,/table-of-2589,2588,/table-of-2588
2592,5184,7776,10368,12960,15552,18144,20736,23328,25920,28512,31104,33696,36288,38880,41472,44064,46656,49248,51840,table-of-2592,2591,/table-of-2591,2590,/table-of-2590,2589,/table-of-2589
2593,5186,7779,10372,12965,15558,18151,20744,23337,25930,28523,31116,33709,36302,38895,41488,44081,46674,49267,51860,table-of-2593,2592,/table-of-2592,2591,/table-of-2591,2590,/table-of-2590
2594,5188,7782,10376,12970,15564,18158,20752,23346,25940,28534,31128,33722,36316,38910,41504,44098,46692,49286,51880,table-of-2594,2593,/table-of-2593,2592,/table-of-2592,2591,/table-of-2591
2595,5190,7785,10380,12975,15570,18165,20760,23355,25950,28545,31140,33735,36330,38925,41520,44115,46710,49305,51900,table-of-2595,2594,/table-of-2594,2593,/table-of-2593,2592,/table-of-2592
2596,5192,7788,10384,12980,15576,18172,20768,23364,25960,28556,31152,33748,36344,38940,41536,44132,46728,49324,51920,table-of-2596,2595,/table-of-2595,2594,/table-of-2594,2593,/table-of-2593
2597,5194,7791,10388,12985,15582,18179,20776,23373,25970,28567,31164,33761,36358,38955,41552,44149,46746,49343,51940,table-of-2597,2596,/table-of-2596,2595,/table-of-2595,2594,/table-of-2594
2598,5196,7794,10392,12990,15588,18186,20784,23382,25980,28578,31176,33774,36372,38970,41568,44166,46764,49362,51960,table-of-2598,2597,/table-of-2597,2596,/table-of-2596,2595,/table-of-2595
2599,5198,7797,10396,12995,15594,18193,20792,23391,25990,28589,31188,33787,36386,38985,41584,44183,46782,49381,51980,table-of-2599,2598,/table-of-2598,2597,/table-of-2597,2596,/table-of-2596
2600,5200,7800,10400,13000,15600,18200,20800,23400,26000,28600,31200,33800,36400,39000,41600,44200,46800,49400,52000,table-of-2600,2599,/table-of-2599,2598,/table-of-2598,2597,/table-of-2597
2601,5202,7803,10404,13005,15606,18207,20808,23409,26010,28611,31212,33813,36414,39015,41616,44217,46818,49419,52020,table-of-2601,2600,/table-of-2600,2599,/table-of-2599,2598,/table-of-2598
2602,5204,7806,10408,13010,15612,18214,20816,23418,26020,28622,31224,33826,36428,39030,41632,44234,46836,49438,52040,table-of-2602,2601,/table-of-2601,2600,/table-of-2600,2599,/table-of-2599
2603,5206,7809,10412,13015,15618,18221,20824,23427,26030,28633,31236,33839,36442,39045,41648,44251,46854,49457,52060,table-of-2603,2602,/table-of-2602,2601,/table-of-2601,2600,/table-of-2600
2604,5208,7812,10416,13020,15624,18228,20832,23436,26040,28644,31248,33852,36456,39060,41664,44268,46872,49476,52080,table-of-2604,2603,/table-of-2603,2602,/table-of-2602,2601,/table-of-2601
2605,5210,7815,10420,13025,15630,18235,20840,23445,26050,28655,31260,33865,36470,39075,41680,44285,46890,49495,52100,table-of-2605,2604,/table-of-2604,2603,/table-of-2603,2602,/table-of-2602
2606,5212,7818,10424,13030,15636,18242,20848,23454,26060,28666,31272,33878,36484,39090,41696,44302,46908,49514,52120,table-of-2606,2605,/table-of-2605,2604,/table-of-2604,2603,/table-of-2603
2607,5214,7821,10428,13035,15642,18249,20856,23463,26070,28677,31284,33891,36498,39105,41712,44319,46926,49533,52140,table-of-2607,2606,/table-of-2606,2605,/table-of-2605,2604,/table-of-2604
2608,5216,7824,10432,13040,15648,18256,20864,23472,26080,28688,31296,33904,36512,39120,41728,44336,46944,49552,52160,table-of-2608,2607,/table-of-2607,2606,/table-of-2606,2605,/table-of-2605
2609,5218,7827,10436,13045,15654,18263,20872,23481,26090,28699,31308,33917,36526,39135,41744,44353,46962,49571,52180,table-of-2609,2608,/table-of-2608,2607,/table-of-2607,2606,/table-of-2606
2610,5220,7830,10440,13050,15660,18270,20880,23490,26100,28710,31320,33930,36540,39150,41760,44370,46980,49590,52200,table-of-2610,2609,/table-of-2609,2608,/table-of-2608,2607,/table-of-2607
2611,5222,7833,10444,13055,15666,18277,20888,23499,26110,28721,31332,33943,36554,39165,41776,44387,46998,49609,52220,table-of-2611,2610,/table-of-2610,2609,/table-of-2609,2608,/table-of-2608
2612,5224,7836,10448,13060,15672,18284,20896,23508,26120,28732,31344,33956,36568,39180,41792,44404,47016,49628,52240,table-of-2612,2611,/table-of-2611,2610,/table-of-2610,2609,/table-of-2609
2613,5226,7839,10452,13065,15678,18291,20904,23517,26130,28743,31356,33969,36582,39195,41808,44421,47034,49647,52260,table-of-2613,2612,/table-of-2612,2611,/table-of-2611,2610,/table-of-2610
2614,5228,7842,10456,13070,15684,18298,20912,23526,26140,28754,31368,33982,36596,39210,41824,44438,47052,49666,52280,table-of-2614,2613,/table-of-2613,2612,/table-of-2612,2611,/table-of-2611
2615,5230,7845,10460,13075,15690,18305,20920,23535,26150,28765,31380,33995,36610,39225,41840,44455,47070,49685,52300,table-of-2615,2614,/table-of-2614,2613,/table-of-2613,2612,/table-of-2612
2616,5232,7848,10464,13080,15696,18312,20928,23544,26160,28776,31392,34008,36624,39240,41856,44472,47088,49704,52320,table-of-2616,2615,/table-of-2615,2614,/table-of-2614,2613,/table-of-2613
2617,5234,7851,10468,13085,15702,18319,20936,23553,26170,28787,31404,34021,36638,39255,41872,44489,47106,49723,52340,table-of-2617,2616,/table-of-2616,2615,/table-of-2615,2614,/table-of-2614
2618,5236,7854,10472,13090,15708,18326,20944,23562,26180,28798,31416,34034,36652,39270,41888,44506,47124,49742,52360,table-of-2618,2617,/table-of-2617,2616,/table-of-2616,2615,/table-of-2615
2619,5238,7857,10476,13095,15714,18333,20952,23571,26190,28809,31428,34047,36666,39285,41904,44523,47142,49761,52380,table-of-2619,2618,/table-of-2618,2617,/table-of-2617,2616,/table-of-2616
2620,5240,7860,10480,13100,15720,18340,20960,23580,26200,28820,31440,34060,36680,39300,41920,44540,47160,49780,52400,table-of-2620,2619,/table-of-2619,2618,/table-of-2618,2617,/table-of-2617
2621,5242,7863,10484,13105,15726,18347,20968,23589,26210,28831,31452,34073,36694,39315,41936,44557,47178,49799,52420,table-of-2621,2620,/table-of-2620,2619,/table-of-2619,2618,/table-of-2618
2622,5244,7866,10488,13110,15732,18354,20976,23598,26220,28842,31464,34086,36708,39330,41952,44574,47196,49818,52440,table-of-2622,2621,/table-of-2621,2620,/table-of-2620,2619,/table-of-2619
2623,5246,7869,10492,13115,15738,18361,20984,23607,26230,28853,31476,34099,36722,39345,41968,44591,47214,49837,52460,table-of-2623,2622,/table-of-2622,2621,/table-of-2621,2620,/table-of-2620
2624,5248,7872,10496,13120,15744,18368,20992,23616,26240,28864,31488,34112,36736,39360,41984,44608,47232,49856,52480,table-of-2624,2623,/table-of-2623,2622,/table-of-2622,2621,/table-of-2621
2625,5250,7875,10500,13125,15750,18375,21000,23625,26250,28875,31500,34125,36750,39375,42000,44625,47250,49875,52500,table-of-2625,2624,/table-of-2624,2623,/table-of-2623,2622,/table-of-2622
2626,5252,7878,10504,13130,15756,18382,21008,23634,26260,28886,31512,34138,36764,39390,42016,44642,47268,49894,52520,table-of-2626,2625,/table-of-2625,2624,/table-of-2624,2623,/table-of-2623
2627,5254,7881,10508,13135,15762,18389,21016,23643,26270,28897,31524,34151,36778,39405,42032,44659,47286,49913,52540,table-of-2627,2626,/table-of-2626,2625,/table-of-2625,2624,/table-of-2624
2628,5256,7884,10512,13140,15768,18396,21024,23652,26280,28908,31536,34164,36792,39420,42048,44676,47304,49932,52560,table-of-2628,2627,/table-of-2627,2626,/table-of-2626,2625,/table-of-2625
2629,5258,7887,10516,13145,15774,18403,21032,23661,26290,28919,31548,34177,36806,39435,42064,44693,47322,49951,52580,table-of-2629,2628,/table-of-2628,2627,/table-of-2627,2626,/table-of-2626
2630,5260,7890,10520,13150,15780,18410,21040,23670,26300,28930,31560,34190,36820,39450,42080,44710,47340,49970,52600,table-of-2630,2629,/table-of-2629,2628,/table-of-2628,2627,/table-of-2627
2631,5262,7893,10524,13155,15786,18417,21048,23679,26310,28941,31572,34203,36834,39465,42096,44727,47358,49989,52620,table-of-2631,2630,/table-of-2630,2629,/table-of-2629,2628,/table-of-2628
2632,5264,7896,10528,13160,15792,18424,21056,23688,26320,28952,31584,34216,36848,39480,42112,44744,47376,50008,52640,table-of-2632,2631,/table-of-2631,2630,/table-of-2630,2629,/table-of-2629
2633,5266,7899,10532,13165,15798,18431,21064,23697,26330,28963,31596,34229,36862,39495,42128,44761,47394,50027,52660,table-of-2633,2632,/table-of-2632,2631,/table-of-2631,2630,/table-of-2630
2634,5268,7902,10536,13170,15804,18438,21072,23706,26340,28974,31608,34242,36876,39510,42144,44778,47412,50046,52680,table-of-2634,2633,/table-of-2633,2632,/table-of-2632,2631,/table-of-2631
2635,5270,7905,10540,13175,15810,18445,21080,23715,26350,28985,31620,34255,36890,39525,42160,44795,47430,50065,52700,table-of-2635,2634,/table-of-2634,2633,/table-of-2633,2632,/table-of-2632
2636,5272,7908,10544,13180,15816,18452,21088,23724,26360,28996,31632,34268,36904,39540,42176,44812,47448,50084,52720,table-of-2636,2635,/table-of-2635,2634,/table-of-2634,2633,/table-of-2633
2637,5274,7911,10548,13185,15822,18459,21096,23733,26370,29007,31644,34281,36918,39555,42192,44829,47466,50103,52740,table-of-2637,2636,/table-of-2636,2635,/table-of-2635,2634,/table-of-2634
2638,5276,7914,10552,13190,15828,18466,21104,23742,26380,29018,31656,34294,36932,39570,42208,44846,47484,50122,52760,table-of-2638,2637,/table-of-2637,2636,/table-of-2636,2635,/table-of-2635
2639,5278,7917,10556,13195,15834,18473,21112,23751,26390,29029,31668,34307,36946,39585,42224,44863,47502,50141,52780,table-of-2639,2638,/table-of-2638,2637,/table-of-2637,2636,/table-of-2636
2640,5280,7920,10560,13200,15840,18480,21120,23760,26400,29040,31680,34320,36960,39600,42240,44880,47520,50160,52800,table-of-2640,2639,/table-of-2639,2638,/table-of-2638,2637,/table-of-2637
2641,5282,7923,10564,13205,15846,18487,21128,23769,26410,29051,31692,34333,36974,39615,42256,44897,47538,50179,52820,table-of-2641,2640,/table-of-2640,2639,/table-of-2639,2638,/table-of-2638
2642,5284,7926,10568,13210,15852,18494,21136,23778,26420,29062,31704,34346,36988,39630,42272,44914,47556,50198,52840,table-of-2642,2641,/table-of-2641,2640,/table-of-2640,2639,/table-of-2639
2643,5286,7929,10572,13215,15858,18501,21144,23787,26430,29073,31716,34359,37002,39645,42288,44931,47574,50217,52860,table-of-2643,2642,/table-of-2642,2641,/table-of-2641,2640,/table-of-2640
2644,5288,7932,10576,13220,15864,18508,21152,23796,26440,29084,31728,34372,37016,39660,42304,44948,47592,50236,52880,table-of-2644,2643,/table-of-2643,2642,/table-of-2642,2641,/table-of-2641
2645,5290,7935,10580,13225,15870,18515,21160,23805,26450,29095,31740,34385,37030,39675,42320,44965,47610,50255,52900,table-of-2645,2644,/table-of-2644,2643,/table-of-2643,2642,/table-of-2642
2646,5292,7938,10584,13230,15876,18522,21168,23814,26460,29106,31752,34398,37044,39690,42336,44982,47628,50274,52920,table-of-2646,2645,/table-of-2645,2644,/table-of-2644,2643,/table-of-2643
2647,5294,7941,10588,13235,15882,18529,21176,23823,26470,29117,31764,34411,37058,39705,42352,44999,47646,50293,52940,table-of-2647,2646,/table-of-2646,2645,/table-of-2645,2644,/table-of-2644
2648,5296,7944,10592,13240,15888,18536,21184,23832,26480,29128,31776,34424,37072,39720,42368,45016,47664,50312,52960,table-of-2648,2647,/table-of-2647,2646,/table-of-2646,2645,/table-of-2645
2649,5298,7947,10596,13245,15894,18543,21192,23841,26490,29139,31788,34437,37086,39735,42384,45033,47682,50331,52980,table-of-2649,2648,/table-of-2648,2647,/table-of-2647,2646,/table-of-2646
2650,5300,7950,10600,13250,15900,18550,21200,23850,26500,29150,31800,34450,37100,39750,42400,45050,47700,50350,53000,table-of-2650,2649,/table-of-2649,2648,/table-of-2648,2647,/table-of-2647
2651,5302,7953,10604,13255,15906,18557,21208,23859,26510,29161,31812,34463,37114,39765,42416,45067,47718,50369,53020,table-of-2651,2650,/table-of-2650,2649,/table-of-2649,2648,/table-of-2648
2652,5304,7956,10608,13260,15912,18564,21216,23868,26520,29172,31824,34476,37128,39780,42432,45084,47736,50388,53040,table-of-2652,2651,/table-of-2651,2650,/table-of-2650,2649,/table-of-2649
2653,5306,7959,10612,13265,15918,18571,21224,23877,26530,29183,31836,34489,37142,39795,42448,45101,47754,50407,53060,table-of-2653,2652,/table-of-2652,2651,/table-of-2651,2650,/table-of-2650
2654,5308,7962,10616,13270,15924,18578,21232,23886,26540,29194,31848,34502,37156,39810,42464,45118,47772,50426,53080,table-of-2654,2653,/table-of-2653,2652,/table-of-2652,2651,/table-of-2651
2655,5310,7965,10620,13275,15930,18585,21240,23895,26550,29205,31860,34515,37170,39825,42480,45135,47790,50445,53100,table-of-2655,2654,/table-of-2654,2653,/table-of-2653,2652,/table-of-2652
2656,5312,7968,10624,13280,15936,18592,21248,23904,26560,29216,31872,34528,37184,39840,42496,45152,47808,50464,53120,table-of-2656,2655,/table-of-2655,2654,/table-of-2654,2653,/table-of-2653
2657,5314,7971,10628,13285,15942,18599,21256,23913,26570,29227,31884,34541,37198,39855,42512,45169,47826,50483,53140,table-of-2657,2656,/table-of-2656,2655,/table-of-2655,2654,/table-of-2654
2658,5316,7974,10632,13290,15948,18606,21264,23922,26580,29238,31896,34554,37212,39870,42528,45186,47844,50502,53160,table-of-2658,2657,/table-of-2657,2656,/table-of-2656,2655,/table-of-2655
2659,5318,7977,10636,13295,15954,18613,21272,23931,26590,29249,31908,34567,37226,39885,42544,45203,47862,50521,53180,table-of-2659,2658,/table-of-2658,2657,/table-of-2657,2656,/table-of-2656
2660,5320,7980,10640,13300,15960,18620,21280,23940,26600,29260,31920,34580,37240,39900,42560,45220,47880,50540,53200,table-of-2660,2659,/table-of-2659,2658,/table-of-2658,2657,/table-of-2657
2661,5322,7983,10644,13305,15966,18627,21288,23949,26610,29271,31932,34593,37254,39915,42576,45237,47898,50559,53220,table-of-2661,2660,/table-of-2660,2659,/table-of-2659,2658,/table-of-2658
2662,5324,7986,10648,13310,15972,18634,21296,23958,26620,29282,31944,34606,37268,39930,42592,45254,47916,50578,53240,table-of-2662,2661,/table-of-2661,2660,/table-of-2660,2659,/table-of-2659
2663,5326,7989,10652,13315,15978,18641,21304,23967,26630,29293,31956,34619,37282,39945,42608,45271,47934,50597,53260,table-of-2663,2662,/table-of-2662,2661,/table-of-2661,2660,/table-of-2660
2664,5328,7992,10656,13320,15984,18648,21312,23976,26640,29304,31968,34632,37296,39960,42624,45288,47952,50616,53280,table-of-2664,2663,/table-of-2663,2662,/table-of-2662,2661,/table-of-2661
2665,5330,7995,10660,13325,15990,18655,21320,23985,26650,29315,31980,34645,37310,39975,42640,45305,47970,50635,53300,table-of-2665,2664,/table-of-2664,2663,/table-of-2663,2662,/table-of-2662
2666,5332,7998,10664,13330,15996,18662,21328,23994,26660,29326,31992,34658,37324,39990,42656,45322,47988,50654,53320,table-of-2666,2665,/table-of-2665,2664,/table-of-2664,2663,/table-of-2663
2667,5334,8001,10668,13335,16002,18669,21336,24003,26670,29337,32004,34671,37338,40005,42672,45339,48006,50673,53340,table-of-2667,2666,/table-of-2666,2665,/table-of-2665,2664,/table-of-2664
2668,5336,8004,10672,13340,16008,18676,21344,24012,26680,29348,32016,34684,37352,40020,42688,45356,48024,50692,53360,table-of-2668,2667,/table-of-2667,2666,/table-of-2666,2665,/table-of-2665
2669,5338,8007,10676,13345,16014,18683,21352,24021,26690,29359,32028,34697,37366,40035,42704,45373,48042,50711,53380,table-of-2669,2668,/table-of-2668,2667,/table-of-2667,2666,/table-of-2666
2670,5340,8010,10680,13350,16020,18690,21360,24030,26700,29370,32040,34710,37380,40050,42720,45390,48060,50730,53400,table-of-2670,2669,/table-of-2669,2668,/table-of-2668,2667,/table-of-2667
2671,5342,8013,10684,13355,16026,18697,21368,24039,26710,29381,32052,34723,37394,40065,42736,45407,48078,50749,53420,table-of-2671,2670,/table-of-2670,2669,/table-of-2669,2668,/table-of-2668
2672,5344,8016,10688,13360,16032,18704,21376,24048,26720,29392,32064,34736,37408,40080,42752,45424,48096,50768,53440,table-of-2672,2671,/table-of-2671,2670,/table-of-2670,2669,/table-of-2669
2673,5346,8019,10692,13365,16038,18711,21384,24057,26730,29403,32076,34749,37422,40095,42768,45441,48114,50787,53460,table-of-2673,2672,/table-of-2672,2671,/table-of-2671,2670,/table-of-2670
2674,5348,8022,10696,13370,16044,18718,21392,24066,26740,29414,32088,34762,37436,40110,42784,45458,48132,50806,53480,table-of-2674,2673,/table-of-2673,2672,/table-of-2672,2671,/table-of-2671
2675,5350,8025,10700,13375,16050,18725,21400,24075,26750,29425,32100,34775,37450,40125,42800,45475,48150,50825,53500,table-of-2675,2674,/table-of-2674,2673,/table-of-2673,2672,/table-of-2672
2676,5352,8028,10704,13380,16056,18732,21408,24084,26760,29436,32112,34788,37464,40140,42816,45492,48168,50844,53520,table-of-2676,2675,/table-of-2675,2674,/table-of-2674,2673,/table-of-2673
2677,5354,8031,10708,13385,16062,18739,21416,24093,26770,29447,32124,34801,37478,40155,42832,45509,48186,50863,53540,table-of-2677,2676,/table-of-2676,2675,/table-of-2675,2674,/table-of-2674
2678,5356,8034,10712,13390,16068,18746,21424,24102,26780,29458,32136,34814,37492,40170,42848,45526,48204,50882,53560,table-of-2678,2677,/table-of-2677,2676,/table-of-2676,2675,/table-of-2675
2679,5358,8037,10716,13395,16074,18753,21432,24111,26790,29469,32148,34827,37506,40185,42864,45543,48222,50901,53580,table-of-2679,2678,/table-of-2678,2677,/table-of-2677,2676,/table-of-2676
2680,5360,8040,10720,13400,16080,18760,21440,24120,26800,29480,32160,34840,37520,40200,42880,45560,48240,50920,53600,table-of-2680,2679,/table-of-2679,2678,/table-of-2678,2677,/table-of-2677
2681,5362,8043,10724,13405,16086,18767,21448,24129,26810,29491,32172,34853,37534,40215,42896,45577,48258,50939,53620,table-of-2681,2680,/table-of-2680,2679,/table-of-2679,2678,/table-of-2678
2682,5364,8046,10728,13410,16092,18774,21456,24138,26820,29502,32184,34866,37548,40230,42912,45594,48276,50958,53640,table-of-2682,2681,/table-of-2681,2680,/table-of-2680,2679,/table-of-2679
2683,5366,8049,10732,13415,16098,18781,21464,24147,26830,29513,32196,34879,37562,40245,42928,45611,48294,50977,53660,table-of-2683,2682,/table-of-2682,2681,/table-of-2681,2680,/table-of-2680
2684,5368,8052,10736,13420,16104,18788,21472,24156,26840,29524,32208,34892,37576,40260,42944,45628,48312,50996,53680,table-of-2684,2683,/table-of-2683,2682,/table-of-2682,2681,/table-of-2681
2685,5370,8055,10740,13425,16110,18795,21480,24165,26850,29535,32220,34905,37590,40275,42960,45645,48330,51015,53700,table-of-2685,2684,/table-of-2684,2683,/table-of-2683,2682,/table-of-2682
2686,5372,8058,10744,13430,16116,18802,21488,24174,26860,29546,32232,34918,37604,40290,42976,45662,48348,51034,53720,table-of-2686,2685,/table-of-2685,2684,/table-of-2684,2683,/table-of-2683
2687,5374,8061,10748,13435,16122,18809,21496,24183,26870,29557,32244,34931,37618,40305,42992,45679,48366,51053,53740,table-of-2687,2686,/table-of-2686,2685,/table-of-2685,2684,/table-of-2684
2688,5376,8064,10752,13440,16128,18816,21504,24192,26880,29568,32256,34944,37632,40320,43008,45696,48384,51072,53760,table-of-2688,2687,/table-of-2687,2686,/table-of-2686,2685,/table-of-2685
2689,5378,8067,10756,13445,16134,18823,21512,24201,26890,29579,32268,34957,37646,40335,43024,45713,48402,51091,53780,table-of-2689,2688,/table-of-2688,2687,/table-of-2687,2686,/table-of-2686
2690,5380,8070,10760,13450,16140,18830,21520,24210,26900,29590,32280,34970,37660,40350,43040,45730,48420,51110,53800,table-of-2690,2689,/table-of-2689,2688,/table-of-2688,2687,/table-of-2687
2691,5382,8073,10764,13455,16146,18837,21528,24219,26910,29601,32292,34983,37674,40365,43056,45747,48438,51129,53820,table-of-2691,2690,/table-of-2690,2689,/table-of-2689,2688,/table-of-2688
2692,5384,8076,10768,13460,16152,18844,21536,24228,26920,29612,32304,34996,37688,40380,43072,45764,48456,51148,53840,table-of-2692,2691,/table-of-2691,2690,/table-of-2690,2689,/table-of-2689
2693,5386,8079,10772,13465,16158,18851,21544,24237,26930,29623,32316,35009,37702,40395,43088,45781,48474,51167,53860,table-of-2693,2692,/table-of-2692,2691,/table-of-2691,2690,/table-of-2690
2694,5388,8082,10776,13470,16164,18858,21552,24246,26940,29634,32328,35022,37716,40410,43104,45798,48492,51186,53880,table-of-2694,2693,/table-of-2693,2692,/table-of-2692,2691,/table-of-2691
2695,5390,8085,10780,13475,16170,18865,21560,24255,26950,29645,32340,35035,37730,40425,43120,45815,48510,51205,53900,table-of-2695,2694,/table-of-2694,2693,/table-of-2693,2692,/table-of-2692
2696,5392,8088,10784,13480,16176,18872,21568,24264,26960,29656,32352,35048,37744,40440,43136,45832,48528,51224,53920,table-of-2696,2695,/table-of-2695,2694,/table-of-2694,2693,/table-of-2693
2697,5394,8091,10788,13485,16182,18879,21576,24273,26970,29667,32364,35061,37758,40455,43152,45849,48546,51243,53940,table-of-2697,2696,/table-of-2696,2695,/table-of-2695,2694,/table-of-2694
2698,5396,8094,10792,13490,16188,18886,21584,24282,26980,29678,32376,35074,37772,40470,43168,45866,48564,51262,53960,table-of-2698,2697,/table-of-2697,2696,/table-of-2696,2695,/table-of-2695
2699,5398,8097,10796,13495,16194,18893,21592,24291,26990,29689,32388,35087,37786,40485,43184,45883,48582,51281,53980,table-of-2699,2698,/table-of-2698,2697,/table-of-2697,2696,/table-of-2696
2700,5400,8100,10800,13500,16200,18900,21600,24300,27000,29700,32400,35100,37800,40500,43200,45900,48600,51300,54000,table-of-2700,2699,/table-of-2699,2698,/table-of-2698,2697,/table-of-2697
2701,5402,8103,10804,13505,16206,18907,21608,24309,27010,29711,32412,35113,37814,40515,43216,45917,48618,51319,54020,table-of-2701,2700,/table-of-2700,2699,/table-of-2699,2698,/table-of-2698
2702,5404,8106,10808,13510,16212,18914,21616,24318,27020,29722,32424,35126,37828,40530,43232,45934,48636,51338,54040,table-of-2702,2701,/table-of-2701,2700,/table-of-2700,2699,/table-of-2699
2703,5406,8109,10812,13515,16218,18921,21624,24327,27030,29733,32436,35139,37842,40545,43248,45951,48654,51357,54060,table-of-2703,2702,/table-of-2702,2701,/table-of-2701,2700,/table-of-2700
2704,5408,8112,10816,13520,16224,18928,21632,24336,27040,29744,32448,35152,37856,40560,43264,45968,48672,51376,54080,table-of-2704,2703,/table-of-2703,2702,/table-of-2702,2701,/table-of-2701
2705,5410,8115,10820,13525,16230,18935,21640,24345,27050,29755,32460,35165,37870,40575,43280,45985,48690,51395,54100,table-of-2705,2704,/table-of-2704,2703,/table-of-2703,2702,/table-of-2702
2706,5412,8118,10824,13530,16236,18942,21648,24354,27060,29766,32472,35178,37884,40590,43296,46002,48708,51414,54120,table-of-2706,2705,/table-of-2705,2704,/table-of-2704,2703,/table-of-2703
2707,5414,8121,10828,13535,16242,18949,21656,24363,27070,29777,32484,35191,37898,40605,43312,46019,48726,51433,54140,table-of-2707,2706,/table-of-2706,2705,/table-of-2705,2704,/table-of-2704
2708,5416,8124,10832,13540,16248,18956,21664,24372,27080,29788,32496,35204,37912,40620,43328,46036,48744,51452,54160,table-of-2708,2707,/table-of-2707,2706,/table-of-2706,2705,/table-of-2705
2709,5418,8127,10836,13545,16254,18963,21672,24381,27090,29799,32508,35217,37926,40635,43344,46053,48762,51471,54180,table-of-2709,2708,/table-of-2708,2707,/table-of-2707,2706,/table-of-2706
2710,5420,8130,10840,13550,16260,18970,21680,24390,27100,29810,32520,35230,37940,40650,43360,46070,48780,51490,54200,table-of-2710,2709,/table-of-2709,2708,/table-of-2708,2707,/table-of-2707
2711,5422,8133,10844,13555,16266,18977,21688,24399,27110,29821,32532,35243,37954,40665,43376,46087,48798,51509,54220,table-of-2711,2710,/table-of-2710,2709,/table-of-2709,2708,/table-of-2708
2712,5424,8136,10848,13560,16272,18984,21696,24408,27120,29832,32544,35256,37968,40680,43392,46104,48816,51528,54240,table-of-2712,2711,/table-of-2711,2710,/table-of-2710,2709,/table-of-2709
2713,5426,8139,10852,13565,16278,18991,21704,24417,27130,29843,32556,35269,37982,40695,43408,46121,48834,51547,54260,table-of-2713,2712,/table-of-2712,2711,/table-of-2711,2710,/table-of-2710
2714,5428,8142,10856,13570,16284,18998,21712,24426,27140,29854,32568,35282,37996,40710,43424,46138,48852,51566,54280,table-of-2714,2713,/table-of-2713,2712,/table-of-2712,2711,/table-of-2711
2715,5430,8145,10860,13575,16290,19005,21720,24435,27150,29865,32580,35295,38010,40725,43440,46155,48870,51585,54300,table-of-2715,2714,/table-of-2714,2713,/table-of-2713,2712,/table-of-2712
2716,5432,8148,10864,13580,16296,19012,21728,24444,27160,29876,32592,35308,38024,40740,43456,46172,48888,51604,54320,table-of-2716,2715,/table-of-2715,2714,/table-of-2714,2713,/table-of-2713
2717,5434,8151,10868,13585,16302,19019,21736,24453,27170,29887,32604,35321,38038,40755,43472,46189,48906,51623,54340,table-of-2717,2716,/table-of-2716,2715,/table-of-2715,2714,/table-of-2714
2718,5436,8154,10872,13590,16308,19026,21744,24462,27180,29898,32616,35334,38052,40770,43488,46206,48924,51642,54360,table-of-2718,2717,/table-of-2717,2716,/table-of-2716,2715,/table-of-2715
2719,5438,8157,10876,13595,16314,19033,21752,24471,27190,29909,32628,35347,38066,40785,43504,46223,48942,51661,54380,table-of-2719,2718,/table-of-2718,2717,/table-of-2717,2716,/table-of-2716
2720,5440,8160,10880,13600,16320,19040,21760,24480,27200,29920,32640,35360,38080,40800,43520,46240,48960,51680,54400,table-of-2720,2719,/table-of-2719,2718,/table-of-2718,2717,/table-of-2717
2721,5442,8163,10884,13605,16326,19047,21768,24489,27210,29931,32652,35373,38094,40815,43536,46257,48978,51699,54420,table-of-2721,2720,/table-of-2720,2719,/table-of-2719,2718,/table-of-2718
2722,5444,8166,10888,13610,16332,19054,21776,24498,27220,29942,32664,35386,38108,40830,43552,46274,48996,51718,54440,table-of-2722,2721,/table-of-2721,2720,/table-of-2720,2719,/table-of-2719
2723,5446,8169,10892,13615,16338,19061,21784,24507,27230,29953,32676,35399,38122,40845,43568,46291,49014,51737,54460,table-of-2723,2722,/table-of-2722,2721,/table-of-2721,2720,/table-of-2720
2724,5448,8172,10896,13620,16344,19068,21792,24516,27240,29964,32688,35412,38136,40860,43584,46308,49032,51756,54480,table-of-2724,2723,/table-of-2723,2722,/table-of-2722,2721,/table-of-2721
2725,5450,8175,10900,13625,16350,19075,21800,24525,27250,29975,32700,35425,38150,40875,43600,46325,49050,51775,54500,table-of-2725,2724,/table-of-2724,2723,/table-of-2723,2722,/table-of-2722
2726,5452,8178,10904,13630,16356,19082,21808,24534,27260,29986,32712,35438,38164,40890,43616,46342,49068,51794,54520,table-of-2726,2725,/table-of-2725,2724,/table-of-2724,2723,/table-of-2723
2727,5454,8181,10908,13635,16362,19089,21816,24543,27270,29997,32724,35451,38178,40905,43632,46359,49086,51813,54540,table-of-2727,2726,/table-of-2726,2725,/table-of-2725,2724,/table-of-2724
2728,5456,8184,10912,13640,16368,19096,21824,24552,27280,30008,32736,35464,38192,40920,43648,46376,49104,51832,54560,table-of-2728,2727,/table-of-2727,2726,/table-of-2726,2725,/table-of-2725
2729,5458,8187,10916,13645,16374,19103,21832,24561,27290,30019,32748,35477,38206,40935,43664,46393,49122,51851,54580,table-of-2729,2728,/table-of-2728,2727,/table-of-2727,2726,/table-of-2726
2730,5460,8190,10920,13650,16380,19110,21840,24570,27300,30030,32760,35490,38220,40950,43680,46410,49140,51870,54600,table-of-2730,2729,/table-of-2729,2728,/table-of-2728,2727,/table-of-2727
2731,5462,8193,10924,13655,16386,19117,21848,24579,27310,30041,32772,35503,38234,40965,43696,46427,49158,51889,54620,table-of-2731,2730,/table-of-2730,2729,/table-of-2729,2728,/table-of-2728
2732,5464,8196,10928,13660,16392,19124,21856,24588,27320,30052,32784,35516,38248,40980,43712,46444,49176,51908,54640,table-of-2732,2731,/table-of-2731,2730,/table-of-2730,2729,/table-of-2729
2733,5466,8199,10932,13665,16398,19131,21864,24597,27330,30063,32796,35529,38262,40995,43728,46461,49194,51927,54660,table-of-2733,2732,/table-of-2732,2731,/table-of-2731,2730,/table-of-2730
2734,5468,8202,10936,13670,16404,19138,21872,24606,27340,30074,32808,35542,38276,41010,43744,46478,49212,51946,54680,table-of-2734,2733,/table-of-2733,2732,/table-of-2732,2731,/table-of-2731
2735,5470,8205,10940,13675,16410,19145,21880,24615,27350,30085,32820,35555,38290,41025,43760,46495,49230,51965,54700,table-of-2735,2734,/table-of-2734,2733,/table-of-2733,2732,/table-of-2732
2736,5472,8208,10944,13680,16416,19152,21888,24624,27360,30096,32832,35568,38304,41040,43776,46512,49248,51984,54720,table-of-2736,2735,/table-of-2735,2734,/table-of-2734,2733,/table-of-2733
2737,5474,8211,10948,13685,16422,19159,21896,24633,27370,30107,32844,35581,38318,41055,43792,46529,49266,52003,54740,table-of-2737,2736,/table-of-2736,2735,/table-of-2735,2734,/table-of-2734
2738,5476,8214,10952,13690,16428,19166,21904,24642,27380,30118,32856,35594,38332,41070,43808,46546,49284,52022,54760,table-of-2738,2737,/table-of-2737,2736,/table-of-2736,2735,/table-of-2735
2739,5478,8217,10956,13695,16434,19173,21912,24651,27390,30129,32868,35607,38346,41085,43824,46563,49302,52041,54780,table-of-2739,2738,/table-of-2738,2737,/table-of-2737,2736,/table-of-2736
2740,5480,8220,10960,13700,16440,19180,21920,24660,27400,30140,32880,35620,38360,41100,43840,46580,49320,52060,54800,table-of-2740,2739,/table-of-2739,2738,/table-of-2738,2737,/table-of-2737
2741,5482,8223,10964,13705,16446,19187,21928,24669,27410,30151,32892,35633,38374,41115,43856,46597,49338,52079,54820,table-of-2741,2740,/table-of-2740,2739,/table-of-2739,2738,/table-of-2738
2742,5484,8226,10968,13710,16452,19194,21936,24678,27420,30162,32904,35646,38388,41130,43872,46614,49356,52098,54840,table-of-2742,2741,/table-of-2741,2740,/table-of-2740,2739,/table-of-2739
2743,5486,8229,10972,13715,16458,19201,21944,24687,27430,30173,32916,35659,38402,41145,43888,46631,49374,52117,54860,table-of-2743,2742,/table-of-2742,2741,/table-of-2741,2740,/table-of-2740
2744,5488,8232,10976,13720,16464,19208,21952,24696,27440,30184,32928,35672,38416,41160,43904,46648,49392,52136,54880,table-of-2744,2743,/table-of-2743,2742,/table-of-2742,2741,/table-of-2741
2745,5490,8235,10980,13725,16470,19215,21960,24705,27450,30195,32940,35685,38430,41175,43920,46665,49410,52155,54900,table-of-2745,2744,/table-of-2744,2743,/table-of-2743,2742,/table-of-2742
2746,5492,8238,10984,13730,16476,19222,21968,24714,27460,30206,32952,35698,38444,41190,43936,46682,49428,52174,54920,table-of-2746,2745,/table-of-2745,2744,/table-of-2744,2743,/table-of-2743
2747,5494,8241,10988,13735,16482,19229,21976,24723,27470,30217,32964,35711,38458,41205,43952,46699,49446,52193,54940,table-of-2747,2746,/table-of-2746,2745,/table-of-2745,2744,/table-of-2744
2748,5496,8244,10992,13740,16488,19236,21984,24732,27480,30228,32976,35724,38472,41220,43968,46716,49464,52212,54960,table-of-2748,2747,/table-of-2747,2746,/table-of-2746,2745,/table-of-2745
2749,5498,8247,10996,13745,16494,19243,21992,24741,27490,30239,32988,35737,38486,41235,43984,46733,49482,52231,54980,table-of-2749,2748,/table-of-2748,2747,/table-of-2747,2746,/table-of-2746
2750,5500,8250,11000,13750,16500,19250,22000,24750,27500,30250,33000,35750,38500,41250,44000,46750,49500,52250,55000,table-of-2750,2749,/table-of-2749,2748,/table-of-2748,2747,/table-of-2747
2751,5502,8253,11004,13755,16506,19257,22008,24759,27510,30261,33012,35763,38514,41265,44016,46767,49518,52269,55020,table-of-2751,2750,/table-of-2750,2749,/table-of-2749,2748,/table-of-2748
2752,5504,8256,11008,13760,16512,19264,22016,24768,27520,30272,33024,35776,38528,41280,44032,46784,49536,52288,55040,table-of-2752,2751,/table-of-2751,2750,/table-of-2750,2749,/table-of-2749
2753,5506,8259,11012,13765,16518,19271,22024,24777,27530,30283,33036,35789,38542,41295,44048,46801,49554,52307,55060,table-of-2753,2752,/table-of-2752,2751,/table-of-2751,2750,/table-of-2750
2754,5508,8262,11016,13770,16524,19278,22032,24786,27540,30294,33048,35802,38556,41310,44064,46818,49572,52326,55080,table-of-2754,2753,/table-of-2753,2752,/table-of-2752,2751,/table-of-2751
2755,5510,8265,11020,13775,16530,19285,22040,24795,27550,30305,33060,35815,38570,41325,44080,46835,49590,52345,55100,table-of-2755,2754,/table-of-2754,2753,/table-of-2753,2752,/table-of-2752
2756,5512,8268,11024,13780,16536,19292,22048,24804,27560,30316,33072,35828,38584,41340,44096,46852,49608,52364,55120,table-of-2756,2755,/table-of-2755,2754,/table-of-2754,2753,/table-of-2753
2757,5514,8271,11028,13785,16542,19299,22056,24813,27570,30327,33084,35841,38598,41355,44112,46869,49626,52383,55140,table-of-2757,2756,/table-of-2756,2755,/table-of-2755,2754,/table-of-2754
2758,5516,8274,11032,13790,16548,19306,22064,24822,27580,30338,33096,35854,38612,41370,44128,46886,49644,52402,55160,table-of-2758,2757,/table-of-2757,2756,/table-of-2756,2755,/table-of-2755
2759,5518,8277,11036,13795,16554,19313,22072,24831,27590,30349,33108,35867,38626,41385,44144,46903,49662,52421,55180,table-of-2759,2758,/table-of-2758,2757,/table-of-2757,2756,/table-of-2756
2760,5520,8280,11040,13800,16560,19320,22080,24840,27600,30360,33120,35880,38640,41400,44160,46920,49680,52440,55200,table-of-2760,2759,/table-of-2759,2758,/table-of-2758,2757,/table-of-2757
2761,5522,8283,11044,13805,16566,19327,22088,24849,27610,30371,33132,35893,38654,41415,44176,46937,49698,52459,55220,table-of-2761,2760,/table-of-2760,2759,/table-of-2759,2758,/table-of-2758
2762,5524,8286,11048,13810,16572,19334,22096,24858,27620,30382,33144,35906,38668,41430,44192,46954,49716,52478,55240,table-of-2762,2761,/table-of-2761,2760,/table-of-2760,2759,/table-of-2759
2763,5526,8289,11052,13815,16578,19341,22104,24867,27630,30393,33156,35919,38682,41445,44208,46971,49734,52497,55260,table-of-2763,2762,/table-of-2762,2761,/table-of-2761,2760,/table-of-2760
2764,5528,8292,11056,13820,16584,19348,22112,24876,27640,30404,33168,35932,38696,41460,44224,46988,49752,52516,55280,table-of-2764,2763,/table-of-2763,2762,/table-of-2762,2761,/table-of-2761
2765,5530,8295,11060,13825,16590,19355,22120,24885,27650,30415,33180,35945,38710,41475,44240,47005,49770,52535,55300,table-of-2765,2764,/table-of-2764,2763,/table-of-2763,2762,/table-of-2762
2766,5532,8298,11064,13830,16596,19362,22128,24894,27660,30426,33192,35958,38724,41490,44256,47022,49788,52554,55320,table-of-2766,2765,/table-of-2765,2764,/table-of-2764,2763,/table-of-2763
2767,5534,8301,11068,13835,16602,19369,22136,24903,27670,30437,33204,35971,38738,41505,44272,47039,49806,52573,55340,table-of-2767,2766,/table-of-2766,2765,/table-of-2765,2764,/table-of-2764
2768,5536,8304,11072,13840,16608,19376,22144,24912,27680,30448,33216,35984,38752,41520,44288,47056,49824,52592,55360,table-of-2768,2767,/table-of-2767,2766,/table-of-2766,2765,/table-of-2765
2769,5538,8307,11076,13845,16614,19383,22152,24921,27690,30459,33228,35997,38766,41535,44304,47073,49842,52611,55380,table-of-2769,2768,/table-of-2768,2767,/table-of-2767,2766,/table-of-2766
2770,5540,8310,11080,13850,16620,19390,22160,24930,27700,30470,33240,36010,38780,41550,44320,47090,49860,52630,55400,table-of-2770,2769,/table-of-2769,2768,/table-of-2768,2767,/table-of-2767
2771,5542,8313,11084,13855,16626,19397,22168,24939,27710,30481,33252,36023,38794,41565,44336,47107,49878,52649,55420,table-of-2771,2770,/table-of-2770,2769,/table-of-2769,2768,/table-of-2768
2772,5544,8316,11088,13860,16632,19404,22176,24948,27720,30492,33264,36036,38808,41580,44352,47124,49896,52668,55440,table-of-2772,2771,/table-of-2771,2770,/table-of-2770,2769,/table-of-2769
2773,5546,8319,11092,13865,16638,19411,22184,24957,27730,30503,33276,36049,38822,41595,44368,47141,49914,52687,55460,table-of-2773,2772,/table-of-2772,2771,/table-of-2771,2770,/table-of-2770
2774,5548,8322,11096,13870,16644,19418,22192,24966,27740,30514,33288,36062,38836,41610,44384,47158,49932,52706,55480,table-of-2774,2773,/table-of-2773,2772,/table-of-2772,2771,/table-of-2771
2775,5550,8325,11100,13875,16650,19425,22200,24975,27750,30525,33300,36075,38850,41625,44400,47175,49950,52725,55500,table-of-2775,2774,/table-of-2774,2773,/table-of-2773,2772,/table-of-2772
2776,5552,8328,11104,13880,16656,19432,22208,24984,27760,30536,33312,36088,38864,41640,44416,47192,49968,52744,55520,table-of-2776,2775,/table-of-2775,2774,/table-of-2774,2773,/table-of-2773
2777,5554,8331,11108,13885,16662,19439,22216,24993,27770,30547,33324,36101,38878,41655,44432,47209,49986,52763,55540,table-of-2777,2776,/table-of-2776,2775,/table-of-2775,2774,/table-of-2774
2778,5556,8334,11112,13890,16668,19446,22224,25002,27780,30558,33336,36114,38892,41670,44448,47226,50004,52782,55560,table-of-2778,2777,/table-of-2777,2776,/table-of-2776,2775,/table-of-2775
2779,5558,8337,11116,13895,16674,19453,22232,25011,27790,30569,33348,36127,38906,41685,44464,47243,50022,52801,55580,table-of-2779,2778,/table-of-2778,2777,/table-of-2777,2776,/table-of-2776
2780,5560,8340,11120,13900,16680,19460,22240,25020,27800,30580,33360,36140,38920,41700,44480,47260,50040,52820,55600,table-of-2780,2779,/table-of-2779,2778,/table-of-2778,2777,/table-of-2777
2781,5562,8343,11124,13905,16686,19467,22248,25029,27810,30591,33372,36153,38934,41715,44496,47277,50058,52839,55620,table-of-2781,2780,/table-of-2780,2779,/table-of-2779,2778,/table-of-2778
2782,5564,8346,11128,13910,16692,19474,22256,25038,27820,30602,33384,36166,38948,41730,44512,47294,50076,52858,55640,table-of-2782,2781,/table-of-2781,2780,/table-of-2780,2779,/table-of-2779
2783,5566,8349,11132,13915,16698,19481,22264,25047,27830,30613,33396,36179,38962,41745,44528,47311,50094,52877,55660,table-of-2783,2782,/table-of-2782,2781,/table-of-2781,2780,/table-of-2780
2784,5568,8352,11136,13920,16704,19488,22272,25056,27840,30624,33408,36192,38976,41760,44544,47328,50112,52896,55680,table-of-2784,2783,/table-of-2783,2782,/table-of-2782,2781,/table-of-2781
2785,5570,8355,11140,13925,16710,19495,22280,25065,27850,30635,33420,36205,38990,41775,44560,47345,50130,52915,55700,table-of-2785,2784,/table-of-2784,2783,/table-of-2783,2782,/table-of-2782
2786,5572,8358,11144,13930,16716,19502,22288,25074,27860,30646,33432,36218,39004,41790,44576,47362,50148,52934,55720,table-of-2786,2785,/table-of-2785,2784,/table-of-2784,2783,/table-of-2783
2787,5574,8361,11148,13935,16722,19509,22296,25083,27870,30657,33444,36231,39018,41805,44592,47379,50166,52953,55740,table-of-2787,2786,/table-of-2786,2785,/table-of-2785,2784,/table-of-2784
2788,5576,8364,11152,13940,16728,19516,22304,25092,27880,30668,33456,36244,39032,41820,44608,47396,50184,52972,55760,table-of-2788,2787,/table-of-2787,2786,/table-of-2786,2785,/table-of-2785
2789,5578,8367,11156,13945,16734,19523,22312,25101,27890,30679,33468,36257,39046,41835,44624,47413,50202,52991,55780,table-of-2789,2788,/table-of-2788,2787,/table-of-2787,2786,/table-of-2786
2790,5580,8370,11160,13950,16740,19530,22320,25110,27900,30690,33480,36270,39060,41850,44640,47430,50220,53010,55800,table-of-2790,2789,/table-of-2789,2788,/table-of-2788,2787,/table-of-2787
2791,5582,8373,11164,13955,16746,19537,22328,25119,27910,30701,33492,36283,39074,41865,44656,47447,50238,53029,55820,table-of-2791,2790,/table-of-2790,2789,/table-of-2789,2788,/table-of-2788
2792,5584,8376,11168,13960,16752,19544,22336,25128,27920,30712,33504,36296,39088,41880,44672,47464,50256,53048,55840,table-of-2792,2791,/table-of-2791,2790,/table-of-2790,2789,/table-of-2789
2793,5586,8379,11172,13965,16758,19551,22344,25137,27930,30723,33516,36309,39102,41895,44688,47481,50274,53067,55860,table-of-2793,2792,/table-of-2792,2791,/table-of-2791,2790,/table-of-2790
2794,5588,8382,11176,13970,16764,19558,22352,25146,27940,30734,33528,36322,39116,41910,44704,47498,50292,53086,55880,table-of-2794,2793,/table-of-2793,2792,/table-of-2792,2791,/table-of-2791
2795,5590,8385,11180,13975,16770,19565,22360,25155,27950,30745,33540,36335,39130,41925,44720,47515,50310,53105,55900,table-of-2795,2794,/table-of-2794,2793,/table-of-2793,2792,/table-of-2792
2796,5592,8388,11184,13980,16776,19572,22368,25164,27960,30756,33552,36348,39144,41940,44736,47532,50328,53124,55920,table-of-2796,2795,/table-of-2795,2794,/table-of-2794,2793,/table-of-2793
2797,5594,8391,11188,13985,16782,19579,22376,25173,27970,30767,33564,36361,39158,41955,44752,47549,50346,53143,55940,table-of-2797,2796,/table-of-2796,2795,/table-of-2795,2794,/table-of-2794
2798,5596,8394,11192,13990,16788,19586,22384,25182,27980,30778,33576,36374,39172,41970,44768,47566,50364,53162,55960,table-of-2798,2797,/table-of-2797,2796,/table-of-2796,2795,/table-of-2795
2799,5598,8397,11196,13995,16794,19593,22392,25191,27990,30789,33588,36387,39186,41985,44784,47583,50382,53181,55980,table-of-2799,2798,/table-of-2798,2797,/table-of-2797,2796,/table-of-2796
2800,5600,8400,11200,14000,16800,19600,22400,25200,28000,30800,33600,36400,39200,42000,44800,47600,50400,53200,56000,table-of-2800,2799,/table-of-2799,2798,/table-of-2798,2797,/table-of-2797
2801,5602,8403,11204,14005,16806,19607,22408,25209,28010,30811,33612,36413,39214,42015,44816,47617,50418,53219,56020,table-of-2801,2800,/table-of-2800,2799,/table-of-2799,2798,/table-of-2798
2802,5604,8406,11208,14010,16812,19614,22416,25218,28020,30822,33624,36426,39228,42030,44832,47634,50436,53238,56040,table-of-2802,2801,/table-of-2801,2800,/table-of-2800,2799,/table-of-2799
2803,5606,8409,11212,14015,16818,19621,22424,25227,28030,30833,33636,36439,39242,42045,44848,47651,50454,53257,56060,table-of-2803,2802,/table-of-2802,2801,/table-of-2801,2800,/table-of-2800
2804,5608,8412,11216,14020,16824,19628,22432,25236,28040,30844,33648,36452,39256,42060,44864,47668,50472,53276,56080,table-of-2804,2803,/table-of-2803,2802,/table-of-2802,2801,/table-of-2801
2805,5610,8415,11220,14025,16830,19635,22440,25245,28050,30855,33660,36465,39270,42075,44880,47685,50490,53295,56100,table-of-2805,2804,/table-of-2804,2803,/table-of-2803,2802,/table-of-2802
2806,5612,8418,11224,14030,16836,19642,22448,25254,28060,30866,33672,36478,39284,42090,44896,47702,50508,53314,56120,table-of-2806,2805,/table-of-2805,2804,/table-of-2804,2803,/table-of-2803
2807,5614,8421,11228,14035,16842,19649,22456,25263,28070,30877,33684,36491,39298,42105,44912,47719,50526,53333,56140,table-of-2807,2806,/table-of-2806,2805,/table-of-2805,2804,/table-of-2804
2808,5616,8424,11232,14040,16848,19656,22464,25272,28080,30888,33696,36504,39312,42120,44928,47736,50544,53352,56160,table-of-2808,2807,/table-of-2807,2806,/table-of-2806,2805,/table-of-2805
2809,5618,8427,11236,14045,16854,19663,22472,25281,28090,30899,33708,36517,39326,42135,44944,47753,50562,53371,56180,table-of-2809,2808,/table-of-2808,2807,/table-of-2807,2806,/table-of-2806
2810,5620,8430,11240,14050,16860,19670,22480,25290,28100,30910,33720,36530,39340,42150,44960,47770,50580,53390,56200,table-of-2810,2809,/table-of-2809,2808,/table-of-2808,2807,/table-of-2807
2811,5622,8433,11244,14055,16866,19677,22488,25299,28110,30921,33732,36543,39354,42165,44976,47787,50598,53409,56220,table-of-2811,2810,/table-of-2810,2809,/table-of-2809,2808,/table-of-2808
2812,5624,8436,11248,14060,16872,19684,22496,25308,28120,30932,33744,36556,39368,42180,44992,47804,50616,53428,56240,table-of-2812,2811,/table-of-2811,2810,/table-of-2810,2809,/table-of-2809
2813,5626,8439,11252,14065,16878,19691,22504,25317,28130,30943,33756,36569,39382,42195,45008,47821,50634,53447,56260,table-of-2813,2812,/table-of-2812,2811,/table-of-2811,2810,/table-of-2810
2814,5628,8442,11256,14070,16884,19698,22512,25326,28140,30954,33768,36582,39396,42210,45024,47838,50652,53466,56280,table-of-2814,2813,/table-of-2813,2812,/table-of-2812,2811,/table-of-2811
2815,5630,8445,11260,14075,16890,19705,22520,25335,28150,30965,33780,36595,39410,42225,45040,47855,50670,53485,56300,table-of-2815,2814,/table-of-2814,2813,/table-of-2813,2812,/table-of-2812
2816,5632,8448,11264,14080,16896,19712,22528,25344,28160,30976,33792,36608,39424,42240,45056,47872,50688,53504,56320,table-of-2816,2815,/table-of-2815,2814,/table-of-2814,2813,/table-of-2813
2817,5634,8451,11268,14085,16902,19719,22536,25353,28170,30987,33804,36621,39438,42255,45072,47889,50706,53523,56340,table-of-2817,2816,/table-of-2816,2815,/table-of-2815,2814,/table-of-2814
2818,5636,8454,11272,14090,16908,19726,22544,25362,28180,30998,33816,36634,39452,42270,45088,47906,50724,53542,56360,table-of-2818,2817,/table-of-2817,2816,/table-of-2816,2815,/table-of-2815
2819,5638,8457,11276,14095,16914,19733,22552,25371,28190,31009,33828,36647,39466,42285,45104,47923,50742,53561,56380,table-of-2819,2818,/table-of-2818,2817,/table-of-2817,2816,/table-of-2816
2820,5640,8460,11280,14100,16920,19740,22560,25380,28200,31020,33840,36660,39480,42300,45120,47940,50760,53580,56400,table-of-2820,2819,/table-of-2819,2818,/table-of-2818,2817,/table-of-2817
2821,5642,8463,11284,14105,16926,19747,22568,25389,28210,31031,33852,36673,39494,42315,45136,47957,50778,53599,56420,table-of-2821,2820,/table-of-2820,2819,/table-of-2819,2818,/table-of-2818
2822,5644,8466,11288,14110,16932,19754,22576,25398,28220,31042,33864,36686,39508,42330,45152,47974,50796,53618,56440,table-of-2822,2821,/table-of-2821,2820,/table-of-2820,2819,/table-of-2819
2823,5646,8469,11292,14115,16938,19761,22584,25407,28230,31053,33876,36699,39522,42345,45168,47991,50814,53637,56460,table-of-2823,2822,/table-of-2822,2821,/table-of-2821,2820,/table-of-2820
2824,5648,8472,11296,14120,16944,19768,22592,25416,28240,31064,33888,36712,39536,42360,45184,48008,50832,53656,56480,table-of-2824,2823,/table-of-2823,2822,/table-of-2822,2821,/table-of-2821
2825,5650,8475,11300,14125,16950,19775,22600,25425,28250,31075,33900,36725,39550,42375,45200,48025,50850,53675,56500,table-of-2825,2824,/table-of-2824,2823,/table-of-2823,2822,/table-of-2822
2826,5652,8478,11304,14130,16956,19782,22608,25434,28260,31086,33912,36738,39564,42390,45216,48042,50868,53694,56520,table-of-2826,2825,/table-of-2825,2824,/table-of-2824,2823,/table-of-2823
2827,5654,8481,11308,14135,16962,19789,22616,25443,28270,31097,33924,36751,39578,42405,45232,48059,50886,53713,56540,table-of-2827,2826,/table-of-2826,2825,/table-of-2825,2824,/table-of-2824
2828,5656,8484,11312,14140,16968,19796,22624,25452,28280,31108,33936,36764,39592,42420,45248,48076,50904,53732,56560,table-of-2828,2827,/table-of-2827,2826,/table-of-2826,2825,/table-of-2825
2829,5658,8487,11316,14145,16974,19803,22632,25461,28290,31119,33948,36777,39606,42435,45264,48093,50922,53751,56580,table-of-2829,2828,/table-of-2828,2827,/table-of-2827,2826,/table-of-2826
2830,5660,8490,11320,14150,16980,19810,22640,25470,28300,31130,33960,36790,39620,42450,45280,48110,50940,53770,56600,table-of-2830,2829,/table-of-2829,2828,/table-of-2828,2827,/table-of-2827
2831,5662,8493,11324,14155,16986,19817,22648,25479,28310,31141,33972,36803,39634,42465,45296,48127,50958,53789,56620,table-of-2831,2830,/table-of-2830,2829,/table-of-2829,2828,/table-of-2828
2832,5664,8496,11328,14160,16992,19824,22656,25488,28320,31152,33984,36816,39648,42480,45312,48144,50976,53808,56640,table-of-2832,2831,/table-of-2831,2830,/table-of-2830,2829,/table-of-2829
2833,5666,8499,11332,14165,16998,19831,22664,25497,28330,31163,33996,36829,39662,42495,45328,48161,50994,53827,56660,table-of-2833,2832,/table-of-2832,2831,/table-of-2831,2830,/table-of-2830
2834,5668,8502,11336,14170,17004,19838,22672,25506,28340,31174,34008,36842,39676,42510,45344,48178,51012,53846,56680,table-of-2834,2833,/table-of-2833,2832,/table-of-2832,2831,/table-of-2831
2835,5670,8505,11340,14175,17010,19845,22680,25515,28350,31185,34020,36855,39690,42525,45360,48195,51030,53865,56700,table-of-2835,2834,/table-of-2834,2833,/table-of-2833,2832,/table-of-2832
2836,5672,8508,11344,14180,17016,19852,22688,25524,28360,31196,34032,36868,39704,42540,45376,48212,51048,53884,56720,table-of-2836,2835,/table-of-2835,2834,/table-of-2834,2833,/table-of-2833
2837,5674,8511,11348,14185,17022,19859,22696,25533,28370,31207,34044,36881,39718,42555,45392,48229,51066,53903,56740,table-of-2837,2836,/table-of-2836,2835,/table-of-2835,2834,/table-of-2834
2838,5676,8514,11352,14190,17028,19866,22704,25542,28380,31218,34056,36894,39732,42570,45408,48246,51084,53922,56760,table-of-2838,2837,/table-of-2837,2836,/table-of-2836,2835,/table-of-2835
2839,5678,8517,11356,14195,17034,19873,22712,25551,28390,31229,34068,36907,39746,42585,45424,48263,51102,53941,56780,table-of-2839,2838,/table-of-2838,2837,/table-of-2837,2836,/table-of-2836
2840,5680,8520,11360,14200,17040,19880,22720,25560,28400,31240,34080,36920,39760,42600,45440,48280,51120,53960,56800,table-of-2840,2839,/table-of-2839,2838,/table-of-2838,2837,/table-of-2837
2841,5682,8523,11364,14205,17046,19887,22728,25569,28410,31251,34092,36933,39774,42615,45456,48297,51138,53979,56820,table-of-2841,2840,/table-of-2840,2839,/table-of-2839,2838,/table-of-2838
2842,5684,8526,11368,14210,17052,19894,22736,25578,28420,31262,34104,36946,39788,42630,45472,48314,51156,53998,56840,table-of-2842,2841,/table-of-2841,2840,/table-of-2840,2839,/table-of-2839
2843,5686,8529,11372,14215,17058,19901,22744,25587,28430,31273,34116,36959,39802,42645,45488,48331,51174,54017,56860,table-of-2843,2842,/table-of-2842,2841,/table-of-2841,2840,/table-of-2840
2844,5688,8532,11376,14220,17064,19908,22752,25596,28440,31284,34128,36972,39816,42660,45504,48348,51192,54036,56880,table-of-2844,2843,/table-of-2843,2842,/table-of-2842,2841,/table-of-2841
2845,5690,8535,11380,14225,17070,19915,22760,25605,28450,31295,34140,36985,39830,42675,45520,48365,51210,54055,56900,table-of-2845,2844,/table-of-2844,2843,/table-of-2843,2842,/table-of-2842
2846,5692,8538,11384,14230,17076,19922,22768,25614,28460,31306,34152,36998,39844,42690,45536,48382,51228,54074,56920,table-of-2846,2845,/table-of-2845,2844,/table-of-2844,2843,/table-of-2843
2847,5694,8541,11388,14235,17082,19929,22776,25623,28470,31317,34164,37011,39858,42705,45552,48399,51246,54093,56940,table-of-2847,2846,/table-of-2846,2845,/table-of-2845,2844,/table-of-2844
2848,5696,8544,11392,14240,17088,19936,22784,25632,28480,31328,34176,37024,39872,42720,45568,48416,51264,54112,56960,table-of-2848,2847,/table-of-2847,2846,/table-of-2846,2845,/table-of-2845
2849,5698,8547,11396,14245,17094,19943,22792,25641,28490,31339,34188,37037,39886,42735,45584,48433,51282,54131,56980,table-of-2849,2848,/table-of-2848,2847,/table-of-2847,2846,/table-of-2846
2850,5700,8550,11400,14250,17100,19950,22800,25650,28500,31350,34200,37050,39900,42750,45600,48450,51300,54150,57000,table-of-2850,2849,/table-of-2849,2848,/table-of-2848,2847,/table-of-2847
2851,5702,8553,11404,14255,17106,19957,22808,25659,28510,31361,34212,37063,39914,42765,45616,48467,51318,54169,57020,table-of-2851,2850,/table-of-2850,2849,/table-of-2849,2848,/table-of-2848
2852,5704,8556,11408,14260,17112,19964,22816,25668,28520,31372,34224,37076,39928,42780,45632,48484,51336,54188,57040,table-of-2852,2851,/table-of-2851,2850,/table-of-2850,2849,/table-of-2849
2853,5706,8559,11412,14265,17118,19971,22824,25677,28530,31383,34236,37089,39942,42795,45648,48501,51354,54207,57060,table-of-2853,2852,/table-of-2852,2851,/table-of-2851,2850,/table-of-2850
2854,5708,8562,11416,14270,17124,19978,22832,25686,28540,31394,34248,37102,39956,42810,45664,48518,51372,54226,57080,table-of-2854,2853,/table-of-2853,2852,/table-of-2852,2851,/table-of-2851
2855,5710,8565,11420,14275,17130,19985,22840,25695,28550,31405,34260,37115,39970,42825,45680,48535,51390,54245,57100,table-of-2855,2854,/table-of-2854,2853,/table-of-2853,2852,/table-of-2852
2856,5712,8568,11424,14280,17136,19992,22848,25704,28560,31416,34272,37128,39984,42840,45696,48552,51408,54264,57120,table-of-2856,2855,/table-of-2855,2854,/table-of-2854,2853,/table-of-2853
2857,5714,8571,11428,14285,17142,19999,22856,25713,28570,31427,34284,37141,39998,42855,45712,48569,51426,54283,57140,table-of-2857,2856,/table-of-2856,2855,/table-of-2855,2854,/table-of-2854
2858,5716,8574,11432,14290,17148,20006,22864,25722,28580,31438,34296,37154,40012,42870,45728,48586,51444,54302,57160,table-of-2858,2857,/table-of-2857,2856,/table-of-2856,2855,/table-of-2855
2859,5718,8577,11436,14295,17154,20013,22872,25731,28590,31449,34308,37167,40026,42885,45744,48603,51462,54321,57180,table-of-2859,2858,/table-of-2858,2857,/table-of-2857,2856,/table-of-2856
2860,5720,8580,11440,14300,17160,20020,22880,25740,28600,31460,34320,37180,40040,42900,45760,48620,51480,54340,57200,table-of-2860,2859,/table-of-2859,2858,/table-of-2858,2857,/table-of-2857
2861,5722,8583,11444,14305,17166,20027,22888,25749,28610,31471,34332,37193,40054,42915,45776,48637,51498,54359,57220,table-of-2861,2860,/table-of-2860,2859,/table-of-2859,2858,/table-of-2858
2862,5724,8586,11448,14310,17172,20034,22896,25758,28620,31482,34344,37206,40068,42930,45792,48654,51516,54378,57240,table-of-2862,2861,/table-of-2861,2860,/table-of-2860,2859,/table-of-2859
2863,5726,8589,11452,14315,17178,20041,22904,25767,28630,31493,34356,37219,40082,42945,45808,48671,51534,54397,57260,table-of-2863,2862,/table-of-2862,2861,/table-of-2861,2860,/table-of-2860
2864,5728,8592,11456,14320,17184,20048,22912,25776,28640,31504,34368,37232,40096,42960,45824,48688,51552,54416,57280,table-of-2864,2863,/table-of-2863,2862,/table-of-2862,2861,/table-of-2861
2865,5730,8595,11460,14325,17190,20055,22920,25785,28650,31515,34380,37245,40110,42975,45840,48705,51570,54435,57300,table-of-2865,2864,/table-of-2864,2863,/table-of-2863,2862,/table-of-2862
2866,5732,8598,11464,14330,17196,20062,22928,25794,28660,31526,34392,37258,40124,42990,45856,48722,51588,54454,57320,table-of-2866,2865,/table-of-2865,2864,/table-of-2864,2863,/table-of-2863
2867,5734,8601,11468,14335,17202,20069,22936,25803,28670,31537,34404,37271,40138,43005,45872,48739,51606,54473,57340,table-of-2867,2866,/table-of-2866,2865,/table-of-2865,2864,/table-of-2864
2868,5736,8604,11472,14340,17208,20076,22944,25812,28680,31548,34416,37284,40152,43020,45888,48756,51624,54492,57360,table-of-2868,2867,/table-of-2867,2866,/table-of-2866,2865,/table-of-2865
2869,5738,8607,11476,14345,17214,20083,22952,25821,28690,31559,34428,37297,40166,43035,45904,48773,51642,54511,57380,table-of-2869,2868,/table-of-2868,2867,/table-of-2867,2866,/table-of-2866
2870,5740,8610,11480,14350,17220,20090,22960,25830,28700,31570,34440,37310,40180,43050,45920,48790,51660,54530,57400,table-of-2870,2869,/table-of-2869,2868,/table-of-2868,2867,/table-of-2867
2871,5742,8613,11484,14355,17226,20097,22968,25839,28710,31581,34452,37323,40194,43065,45936,48807,51678,54549,57420,table-of-2871,2870,/table-of-2870,2869,/table-of-2869,2868,/table-of-2868
2872,5744,8616,11488,14360,17232,20104,22976,25848,28720,31592,34464,37336,40208,43080,45952,48824,51696,54568,57440,table-of-2872,2871,/table-of-2871,2870,/table-of-2870,2869,/table-of-2869
2873,5746,8619,11492,14365,17238,20111,22984,25857,28730,31603,34476,37349,40222,43095,45968,48841,51714,54587,57460,table-of-2873,2872,/table-of-2872,2871,/table-of-2871,2870,/table-of-2870
2874,5748,8622,11496,14370,17244,20118,22992,25866,28740,31614,34488,37362,40236,43110,45984,48858,51732,54606,57480,table-of-2874,2873,/table-of-2873,2872,/table-of-2872,2871,/table-of-2871
2875,5750,8625,11500,14375,17250,20125,23000,25875,28750,31625,34500,37375,40250,43125,46000,48875,51750,54625,57500,table-of-2875,2874,/table-of-2874,2873,/table-of-2873,2872,/table-of-2872
2876,5752,8628,11504,14380,17256,20132,23008,25884,28760,31636,34512,37388,40264,43140,46016,48892,51768,54644,57520,table-of-2876,2875,/table-of-2875,2874,/table-of-2874,2873,/table-of-2873
2877,5754,8631,11508,14385,17262,20139,23016,25893,28770,31647,34524,37401,40278,43155,46032,48909,51786,54663,57540,table-of-2877,2876,/table-of-2876,2875,/table-of-2875,2874,/table-of-2874
2878,5756,8634,11512,14390,17268,20146,23024,25902,28780,31658,34536,37414,40292,43170,46048,48926,51804,54682,57560,table-of-2878,2877,/table-of-2877,2876,/table-of-2876,2875,/table-of-2875
2879,5758,8637,11516,14395,17274,20153,23032,25911,28790,31669,34548,37427,40306,43185,46064,48943,51822,54701,57580,table-of-2879,2878,/table-of-2878,2877,/table-of-2877,2876,/table-of-2876
2880,5760,8640,11520,14400,17280,20160,23040,25920,28800,31680,34560,37440,40320,43200,46080,48960,51840,54720,57600,table-of-2880,2879,/table-of-2879,2878,/table-of-2878,2877,/table-of-2877
2881,5762,8643,11524,14405,17286,20167,23048,25929,28810,31691,34572,37453,40334,43215,46096,48977,51858,54739,57620,table-of-2881,2880,/table-of-2880,2879,/table-of-2879,2878,/table-of-2878
2882,5764,8646,11528,14410,17292,20174,23056,25938,28820,31702,34584,37466,40348,43230,46112,48994,51876,54758,57640,table-of-2882,2881,/table-of-2881,2880,/table-of-2880,2879,/table-of-2879
2883,5766,8649,11532,14415,17298,20181,23064,25947,28830,31713,34596,37479,40362,43245,46128,49011,51894,54777,57660,table-of-2883,2882,/table-of-2882,2881,/table-of-2881,2880,/table-of-2880
2884,5768,8652,11536,14420,17304,20188,23072,25956,28840,31724,34608,37492,40376,43260,46144,49028,51912,54796,57680,table-of-2884,2883,/table-of-2883,2882,/table-of-2882,2881,/table-of-2881
2885,5770,8655,11540,14425,17310,20195,23080,25965,28850,31735,34620,37505,40390,43275,46160,49045,51930,54815,57700,table-of-2885,2884,/table-of-2884,2883,/table-of-2883,2882,/table-of-2882
2886,5772,8658,11544,14430,17316,20202,23088,25974,28860,31746,34632,37518,40404,43290,46176,49062,51948,54834,57720,table-of-2886,2885,/table-of-2885,2884,/table-of-2884,2883,/table-of-2883
2887,5774,8661,11548,14435,17322,20209,23096,25983,28870,31757,34644,37531,40418,43305,46192,49079,51966,54853,57740,table-of-2887,2886,/table-of-2886,2885,/table-of-2885,2884,/table-of-2884
2888,5776,8664,11552,14440,17328,20216,23104,25992,28880,31768,34656,37544,40432,43320,46208,49096,51984,54872,57760,table-of-2888,2887,/table-of-2887,2886,/table-of-2886,2885,/table-of-2885
2889,5778,8667,11556,14445,17334,20223,23112,26001,28890,31779,34668,37557,40446,43335,46224,49113,52002,54891,57780,table-of-2889,2888,/table-of-2888,2887,/table-of-2887,2886,/table-of-2886
2890,5780,8670,11560,14450,17340,20230,23120,26010,28900,31790,34680,37570,40460,43350,46240,49130,52020,54910,57800,table-of-2890,2889,/table-of-2889,2888,/table-of-2888,2887,/table-of-2887
2891,5782,8673,11564,14455,17346,20237,23128,26019,28910,31801,34692,37583,40474,43365,46256,49147,52038,54929,57820,table-of-2891,2890,/table-of-2890,2889,/table-of-2889,2888,/table-of-2888
2892,5784,8676,11568,14460,17352,20244,23136,26028,28920,31812,34704,37596,40488,43380,46272,49164,52056,54948,57840,table-of-2892,2891,/table-of-2891,2890,/table-of-2890,2889,/table-of-2889
2893,5786,8679,11572,14465,17358,20251,23144,26037,28930,31823,34716,37609,40502,43395,46288,49181,52074,54967,57860,table-of-2893,2892,/table-of-2892,2891,/table-of-2891,2890,/table-of-2890
2894,5788,8682,11576,14470,17364,20258,23152,26046,28940,31834,34728,37622,40516,43410,46304,49198,52092,54986,57880,table-of-2894,2893,/table-of-2893,2892,/table-of-2892,2891,/table-of-2891
2895,5790,8685,11580,14475,17370,20265,23160,26055,28950,31845,34740,37635,40530,43425,46320,49215,52110,55005,57900,table-of-2895,2894,/table-of-2894,2893,/table-of-2893,2892,/table-of-2892
2896,5792,8688,11584,14480,17376,20272,23168,26064,28960,31856,34752,37648,40544,43440,46336,49232,52128,55024,57920,table-of-2896,2895,/table-of-2895,2894,/table-of-2894,2893,/table-of-2893
2897,5794,8691,11588,14485,17382,20279,23176,26073,28970,31867,34764,37661,40558,43455,46352,49249,52146,55043,57940,table-of-2897,2896,/table-of-2896,2895,/table-of-2895,2894,/table-of-2894
2898,5796,8694,11592,14490,17388,20286,23184,26082,28980,31878,34776,37674,40572,43470,46368,49266,52164,55062,57960,table-of-2898,2897,/table-of-2897,2896,/table-of-2896,2895,/table-of-2895
2899,5798,8697,11596,14495,17394,20293,23192,26091,28990,31889,34788,37687,40586,43485,46384,49283,52182,55081,57980,table-of-2899,2898,/table-of-2898,2897,/table-of-2897,2896,/table-of-2896
2900,5800,8700,11600,14500,17400,20300,23200,26100,29000,31900,34800,37700,40600,43500,46400,49300,52200,55100,58000,table-of-2900,2899,/table-of-2899,2898,/table-of-2898,2897,/table-of-2897
2901,5802,8703,11604,14505,17406,20307,23208,26109,29010,31911,34812,37713,40614,43515,46416,49317,52218,55119,58020,table-of-2901,2900,/table-of-2900,2899,/table-of-2899,2898,/table-of-2898
2902,5804,8706,11608,14510,17412,20314,23216,26118,29020,31922,34824,37726,40628,43530,46432,49334,52236,55138,58040,table-of-2902,2901,/table-of-2901,2900,/table-of-2900,2899,/table-of-2899
2903,5806,8709,11612,14515,17418,20321,23224,26127,29030,31933,34836,37739,40642,43545,46448,49351,52254,55157,58060,table-of-2903,2902,/table-of-2902,2901,/table-of-2901,2900,/table-of-2900
2904,5808,8712,11616,14520,17424,20328,23232,26136,29040,31944,34848,37752,40656,43560,46464,49368,52272,55176,58080,table-of-2904,2903,/table-of-2903,2902,/table-of-2902,2901,/table-of-2901
2905,5810,8715,11620,14525,17430,20335,23240,26145,29050,31955,34860,37765,40670,43575,46480,49385,52290,55195,58100,table-of-2905,2904,/table-of-2904,2903,/table-of-2903,2902,/table-of-2902
2906,5812,8718,11624,14530,17436,20342,23248,26154,29060,31966,34872,37778,40684,43590,46496,49402,52308,55214,58120,table-of-2906,2905,/table-of-2905,2904,/table-of-2904,2903,/table-of-2903
2907,5814,8721,11628,14535,17442,20349,23256,26163,29070,31977,34884,37791,40698,43605,46512,49419,52326,55233,58140,table-of-2907,2906,/table-of-2906,2905,/table-of-2905,2904,/table-of-2904
2908,5816,8724,11632,14540,17448,20356,23264,26172,29080,31988,34896,37804,40712,43620,46528,49436,52344,55252,58160,table-of-2908,2907,/table-of-2907,2906,/table-of-2906,2905,/table-of-2905
2909,5818,8727,11636,14545,17454,20363,23272,26181,29090,31999,34908,37817,40726,43635,46544,49453,52362,55271,58180,table-of-2909,2908,/table-of-2908,2907,/table-of-2907,2906,/table-of-2906
2910,5820,8730,11640,14550,17460,20370,23280,26190,29100,32010,34920,37830,40740,43650,46560,49470,52380,55290,58200,table-of-2910,2909,/table-of-2909,2908,/table-of-2908,2907,/table-of-2907
2911,5822,8733,11644,14555,17466,20377,23288,26199,29110,32021,34932,37843,40754,43665,46576,49487,52398,55309,58220,table-of-2911,2910,/table-of-2910,2909,/table-of-2909,2908,/table-of-2908
2912,5824,8736,11648,14560,17472,20384,23296,26208,29120,32032,34944,37856,40768,43680,46592,49504,52416,55328,58240,table-of-2912,2911,/table-of-2911,2910,/table-of-2910,2909,/table-of-2909
2913,5826,8739,11652,14565,17478,20391,23304,26217,29130,32043,34956,37869,40782,43695,46608,49521,52434,55347,58260,table-of-2913,2912,/table-of-2912,2911,/table-of-2911,2910,/table-of-2910
2914,5828,8742,11656,14570,17484,20398,23312,26226,29140,32054,34968,37882,40796,43710,46624,49538,52452,55366,58280,table-of-2914,2913,/table-of-2913,2912,/table-of-2912,2911,/table-of-2911
2915,5830,8745,11660,14575,17490,20405,23320,26235,29150,32065,34980,37895,40810,43725,46640,49555,52470,55385,58300,table-of-2915,2914,/table-of-2914,2913,/table-of-2913,2912,/table-of-2912
2916,5832,8748,11664,14580,17496,20412,23328,26244,29160,32076,34992,37908,40824,43740,46656,49572,52488,55404,58320,table-of-2916,2915,/table-of-2915,2914,/table-of-2914,2913,/table-of-2913
2917,5834,8751,11668,14585,17502,20419,23336,26253,29170,32087,35004,37921,40838,43755,46672,49589,52506,55423,58340,table-of-2917,2916,/table-of-2916,2915,/table-of-2915,2914,/table-of-2914
2918,5836,8754,11672,14590,17508,20426,23344,26262,29180,32098,35016,37934,40852,43770,46688,49606,52524,55442,58360,table-of-2918,2917,/table-of-2917,2916,/table-of-2916,2915,/table-of-2915
2919,5838,8757,11676,14595,17514,20433,23352,26271,29190,32109,35028,37947,40866,43785,46704,49623,52542,55461,58380,table-of-2919,2918,/table-of-2918,2917,/table-of-2917,2916,/table-of-2916
2920,5840,8760,11680,14600,17520,20440,23360,26280,29200,32120,35040,37960,40880,43800,46720,49640,52560,55480,58400,table-of-2920,2919,/table-of-2919,2918,/table-of-2918,2917,/table-of-2917
2921,5842,8763,11684,14605,17526,20447,23368,26289,29210,32131,35052,37973,40894,43815,46736,49657,52578,55499,58420,table-of-2921,2920,/table-of-2920,2919,/table-of-2919,2918,/table-of-2918
2922,5844,8766,11688,14610,17532,20454,23376,26298,29220,32142,35064,37986,40908,43830,46752,49674,52596,55518,58440,table-of-2922,2921,/table-of-2921,2920,/table-of-2920,2919,/table-of-2919
2923,5846,8769,11692,14615,17538,20461,23384,26307,29230,32153,35076,37999,40922,43845,46768,49691,52614,55537,58460,table-of-2923,2922,/table-of-2922,2921,/table-of-2921,2920,/table-of-2920
2924,5848,8772,11696,14620,17544,20468,23392,26316,29240,32164,35088,38012,40936,43860,46784,49708,52632,55556,58480,table-of-2924,2923,/table-of-2923,2922,/table-of-2922,2921,/table-of-2921
2925,5850,8775,11700,14625,17550,20475,23400,26325,29250,32175,35100,38025,40950,43875,46800,49725,52650,55575,58500,table-of-2925,2924,/table-of-2924,2923,/table-of-2923,2922,/table-of-2922
2926,5852,8778,11704,14630,17556,20482,23408,26334,29260,32186,35112,38038,40964,43890,46816,49742,52668,55594,58520,table-of-2926,2925,/table-of-2925,2924,/table-of-2924,2923,/table-of-2923
2927,5854,8781,11708,14635,17562,20489,23416,26343,29270,32197,35124,38051,40978,43905,46832,49759,52686,55613,58540,table-of-2927,2926,/table-of-2926,2925,/table-of-2925,2924,/table-of-2924
2928,5856,8784,11712,14640,17568,20496,23424,26352,29280,32208,35136,38064,40992,43920,46848,49776,52704,55632,58560,table-of-2928,2927,/table-of-2927,2926,/table-of-2926,2925,/table-of-2925
2929,5858,8787,11716,14645,17574,20503,23432,26361,29290,32219,35148,38077,41006,43935,46864,49793,52722,55651,58580,table-of-2929,2928,/table-of-2928,2927,/table-of-2927,2926,/table-of-2926
2930,5860,8790,11720,14650,17580,20510,23440,26370,29300,32230,35160,38090,41020,43950,46880,49810,52740,55670,58600,table-of-2930,2929,/table-of-2929,2928,/table-of-2928,2927,/table-of-2927
2931,5862,8793,11724,14655,17586,20517,23448,26379,29310,32241,35172,38103,41034,43965,46896,49827,52758,55689,58620,table-of-2931,2930,/table-of-2930,2929,/table-of-2929,2928,/table-of-2928
2932,5864,8796,11728,14660,17592,20524,23456,26388,29320,32252,35184,38116,41048,43980,46912,49844,52776,55708,58640,table-of-2932,2931,/table-of-2931,2930,/table-of-2930,2929,/table-of-2929
2933,5866,8799,11732,14665,17598,20531,23464,26397,29330,32263,35196,38129,41062,43995,46928,49861,52794,55727,58660,table-of-2933,2932,/table-of-2932,2931,/table-of-2931,2930,/table-of-2930
2934,5868,8802,11736,14670,17604,20538,23472,26406,29340,32274,35208,38142,41076,44010,46944,49878,52812,55746,58680,table-of-2934,2933,/table-of-2933,2932,/table-of-2932,2931,/table-of-2931
2935,5870,8805,11740,14675,17610,20545,23480,26415,29350,32285,35220,38155,41090,44025,46960,49895,52830,55765,58700,table-of-2935,2934,/table-of-2934,2933,/table-of-2933,2932,/table-of-2932
2936,5872,8808,11744,14680,17616,20552,23488,26424,29360,32296,35232,38168,41104,44040,46976,49912,52848,55784,58720,table-of-2936,2935,/table-of-2935,2934,/table-of-2934,2933,/table-of-2933
2937,5874,8811,11748,14685,17622,20559,23496,26433,29370,32307,35244,38181,41118,44055,46992,49929,52866,55803,58740,table-of-2937,2936,/table-of-2936,2935,/table-of-2935,2934,/table-of-2934
2938,5876,8814,11752,14690,17628,20566,23504,26442,29380,32318,35256,38194,41132,44070,47008,49946,52884,55822,58760,table-of-2938,2937,/table-of-2937,2936,/table-of-2936,2935,/table-of-2935
2939,5878,8817,11756,14695,17634,20573,23512,26451,29390,32329,35268,38207,41146,44085,47024,49963,52902,55841,58780,table-of-2939,2938,/table-of-2938,2937,/table-of-2937,2936,/table-of-2936
2940,5880,8820,11760,14700,17640,20580,23520,26460,29400,32340,35280,38220,41160,44100,47040,49980,52920,55860,58800,table-of-2940,2939,/table-of-2939,2938,/table-of-2938,2937,/table-of-2937
2941,5882,8823,11764,14705,17646,20587,23528,26469,29410,32351,35292,38233,41174,44115,47056,49997,52938,55879,58820,table-of-2941,2940,/table-of-2940,2939,/table-of-2939,2938,/table-of-2938
2942,5884,8826,11768,14710,17652,20594,23536,26478,29420,32362,35304,38246,41188,44130,47072,50014,52956,55898,58840,table-of-2942,2941,/table-of-2941,2940,/table-of-2940,2939,/table-of-2939
2943,5886,8829,11772,14715,17658,20601,23544,26487,29430,32373,35316,38259,41202,44145,47088,50031,52974,55917,58860,table-of-2943,2942,/table-of-2942,2941,/table-of-2941,2940,/table-of-2940
2944,5888,8832,11776,14720,17664,20608,23552,26496,29440,32384,35328,38272,41216,44160,47104,50048,52992,55936,58880,table-of-2944,2943,/table-of-2943,2942,/table-of-2942,2941,/table-of-2941
2945,5890,8835,11780,14725,17670,20615,23560,26505,29450,32395,35340,38285,41230,44175,47120,50065,53010,55955,58900,table-of-2945,2944,/table-of-2944,2943,/table-of-2943,2942,/table-of-2942
2946,5892,8838,11784,14730,17676,20622,23568,26514,29460,32406,35352,38298,41244,44190,47136,50082,53028,55974,58920,table-of-2946,2945,/table-of-2945,2944,/table-of-2944,2943,/table-of-2943
2947,5894,8841,11788,14735,17682,20629,23576,26523,29470,32417,35364,38311,41258,44205,47152,50099,53046,55993,58940,table-of-2947,2946,/table-of-2946,2945,/table-of-2945,2944,/table-of-2944
2948,5896,8844,11792,14740,17688,20636,23584,26532,29480,32428,35376,38324,41272,44220,47168,50116,53064,56012,58960,table-of-2948,2947,/table-of-2947,2946,/table-of-2946,2945,/table-of-2945
2949,5898,8847,11796,14745,17694,20643,23592,26541,29490,32439,35388,38337,41286,44235,47184,50133,53082,56031,58980,table-of-2949,2948,/table-of-2948,2947,/table-of-2947,2946,/table-of-2946
2950,5900,8850,11800,14750,17700,20650,23600,26550,29500,32450,35400,38350,41300,44250,47200,50150,53100,56050,59000,table-of-2950,2949,/table-of-2949,2948,/table-of-2948,2947,/table-of-2947
2951,5902,8853,11804,14755,17706,20657,23608,26559,29510,32461,35412,38363,41314,44265,47216,50167,53118,56069,59020,table-of-2951,2950,/table-of-2950,2949,/table-of-2949,2948,/table-of-2948
2952,5904,8856,11808,14760,17712,20664,23616,26568,29520,32472,35424,38376,41328,44280,47232,50184,53136,56088,59040,table-of-2952,2951,/table-of-2951,2950,/table-of-2950,2949,/table-of-2949
2953,5906,8859,11812,14765,17718,20671,23624,26577,29530,32483,35436,38389,41342,44295,47248,50201,53154,56107,59060,table-of-2953,2952,/table-of-2952,2951,/table-of-2951,2950,/table-of-2950
2954,5908,8862,11816,14770,17724,20678,23632,26586,29540,32494,35448,38402,41356,44310,47264,50218,53172,56126,59080,table-of-2954,2953,/table-of-2953,2952,/table-of-2952,2951,/table-of-2951
2955,5910,8865,11820,14775,17730,20685,23640,26595,29550,32505,35460,38415,41370,44325,47280,50235,53190,56145,59100,table-of-2955,2954,/table-of-2954,2953,/table-of-2953,2952,/table-of-2952
2956,5912,8868,11824,14780,17736,20692,23648,26604,29560,32516,35472,38428,41384,44340,47296,50252,53208,56164,59120,table-of-2956,2955,/table-of-2955,2954,/table-of-2954,2953,/table-of-2953
2957,5914,8871,11828,14785,17742,20699,23656,26613,29570,32527,35484,38441,41398,44355,47312,50269,53226,56183,59140,table-of-2957,2956,/table-of-2956,2955,/table-of-2955,2954,/table-of-2954
2958,5916,8874,11832,14790,17748,20706,23664,26622,29580,32538,35496,38454,41412,44370,47328,50286,53244,56202,59160,table-of-2958,2957,/table-of-2957,2956,/table-of-2956,2955,/table-of-2955
2959,5918,8877,11836,14795,17754,20713,23672,26631,29590,32549,35508,38467,41426,44385,47344,50303,53262,56221,59180,table-of-2959,2958,/table-of-2958,2957,/table-of-2957,2956,/table-of-2956
2960,5920,8880,11840,14800,17760,20720,23680,26640,29600,32560,35520,38480,41440,44400,47360,50320,53280,56240,59200,table-of-2960,2959,/table-of-2959,2958,/table-of-2958,2957,/table-of-2957
2961,5922,8883,11844,14805,17766,20727,23688,26649,29610,32571,35532,38493,41454,44415,47376,50337,53298,56259,59220,table-of-2961,2960,/table-of-2960,2959,/table-of-2959,2958,/table-of-2958
2962,5924,8886,11848,14810,17772,20734,23696,26658,29620,32582,35544,38506,41468,44430,47392,50354,53316,56278,59240,table-of-2962,2961,/table-of-2961,2960,/table-of-2960,2959,/table-of-2959
2963,5926,8889,11852,14815,17778,20741,23704,26667,29630,32593,35556,38519,41482,44445,47408,50371,53334,56297,59260,table-of-2963,2962,/table-of-2962,2961,/table-of-2961,2960,/table-of-2960
2964,5928,8892,11856,14820,17784,20748,23712,26676,29640,32604,35568,38532,41496,44460,47424,50388,53352,56316,59280,table-of-2964,2963,/table-of-2963,2962,/table-of-2962,2961,/table-of-2961
2965,5930,8895,11860,14825,17790,20755,23720,26685,29650,32615,35580,38545,41510,44475,47440,50405,53370,56335,59300,table-of-2965,2964,/table-of-2964,2963,/table-of-2963,2962,/table-of-2962
2966,5932,8898,11864,14830,17796,20762,23728,26694,29660,32626,35592,38558,41524,44490,47456,50422,53388,56354,59320,table-of-2966,2965,/table-of-2965,2964,/table-of-2964,2963,/table-of-2963
2967,5934,8901,11868,14835,17802,20769,23736,26703,29670,32637,35604,38571,41538,44505,47472,50439,53406,56373,59340,table-of-2967,2966,/table-of-2966,2965,/table-of-2965,2964,/table-of-2964
2968,5936,8904,11872,14840,17808,20776,23744,26712,29680,32648,35616,38584,41552,44520,47488,50456,53424,56392,59360,table-of-2968,2967,/table-of-2967,2966,/table-of-2966,2965,/table-of-2965
2969,5938,8907,11876,14845,17814,20783,23752,26721,29690,32659,35628,38597,41566,44535,47504,50473,53442,56411,59380,table-of-2969,2968,/table-of-2968,2967,/table-of-2967,2966,/table-of-2966
2970,5940,8910,11880,14850,17820,20790,23760,26730,29700,32670,35640,38610,41580,44550,47520,50490,53460,56430,59400,table-of-2970,2969,/table-of-2969,2968,/table-of-2968,2967,/table-of-2967
2971,5942,8913,11884,14855,17826,20797,23768,26739,29710,32681,35652,38623,41594,44565,47536,50507,53478,56449,59420,table-of-2971,2970,/table-of-2970,2969,/table-of-2969,2968,/table-of-2968
2972,5944,8916,11888,14860,17832,20804,23776,26748,29720,32692,35664,38636,41608,44580,47552,50524,53496,56468,59440,table-of-2972,2971,/table-of-2971,2970,/table-of-2970,2969,/table-of-2969
2973,5946,8919,11892,14865,17838,20811,23784,26757,29730,32703,35676,38649,41622,44595,47568,50541,53514,56487,59460,table-of-2973,2972,/table-of-2972,2971,/table-of-2971,2970,/table-of-2970
2974,5948,8922,11896,14870,17844,20818,23792,26766,29740,32714,35688,38662,41636,44610,47584,50558,53532,56506,59480,table-of-2974,2973,/table-of-2973,2972,/table-of-2972,2971,/table-of-2971
2975,5950,8925,11900,14875,17850,20825,23800,26775,29750,32725,35700,38675,41650,44625,47600,50575,53550,56525,59500,table-of-2975,2974,/table-of-2974,2973,/table-of-2973,2972,/table-of-2972
2976,5952,8928,11904,14880,17856,20832,23808,26784,29760,32736,35712,38688,41664,44640,47616,50592,53568,56544,59520,table-of-2976,2975,/table-of-2975,2974,/table-of-2974,2973,/table-of-2973
2977,5954,8931,11908,14885,17862,20839,23816,26793,29770,32747,35724,38701,41678,44655,47632,50609,53586,56563,59540,table-of-2977,2976,/table-of-2976,2975,/table-of-2975,2974,/table-of-2974
2978,5956,8934,11912,14890,17868,20846,23824,26802,29780,32758,35736,38714,41692,44670,47648,50626,53604,56582,59560,table-of-2978,2977,/table-of-2977,2976,/table-of-2976,2975,/table-of-2975
2979,5958,8937,11916,14895,17874,20853,23832,26811,29790,32769,35748,38727,41706,44685,47664,50643,53622,56601,59580,table-of-2979,2978,/table-of-2978,2977,/table-of-2977,2976,/table-of-2976
2980,5960,8940,11920,14900,17880,20860,23840,26820,29800,32780,35760,38740,41720,44700,47680,50660,53640,56620,59600,table-of-2980,2979,/table-of-2979,2978,/table-of-2978,2977,/table-of-2977
2981,5962,8943,11924,14905,17886,20867,23848,26829,29810,32791,35772,38753,41734,44715,47696,50677,53658,56639,59620,table-of-2981,2980,/table-of-2980,2979,/table-of-2979,2978,/table-of-2978
2982,5964,8946,11928,14910,17892,20874,23856,26838,29820,32802,35784,38766,41748,44730,47712,50694,53676,56658,59640,table-of-2982,2981,/table-of-2981,2980,/table-of-2980,2979,/table-of-2979
2983,5966,8949,11932,14915,17898,20881,23864,26847,29830,32813,35796,38779,41762,44745,47728,50711,53694,56677,59660,table-of-2983,2982,/table-of-2982,2981,/table-of-2981,2980,/table-of-2980
2984,5968,8952,11936,14920,17904,20888,23872,26856,29840,32824,35808,38792,41776,44760,47744,50728,53712,56696,59680,table-of-2984,2983,/table-of-2983,2982,/table-of-2982,2981,/table-of-2981
2985,5970,8955,11940,14925,17910,20895,23880,26865,29850,32835,35820,38805,41790,44775,47760,50745,53730,56715,59700,table-of-2985,2984,/table-of-2984,2983,/table-of-2983,2982,/table-of-2982
2986,5972,8958,11944,14930,17916,20902,23888,26874,29860,32846,35832,38818,41804,44790,47776,50762,53748,56734,59720,table-of-2986,2985,/table-of-2985,2984,/table-of-2984,2983,/table-of-2983
2987,5974,8961,11948,14935,17922,20909,23896,26883,29870,32857,35844,38831,41818,44805,47792,50779,53766,56753,59740,table-of-2987,2986,/table-of-2986,2985,/table-of-2985,2984,/table-of-2984
2988,5976,8964,11952,14940,17928,20916,23904,26892,29880,32868,35856,38844,41832,44820,47808,50796,53784,56772,59760,table-of-2988,2987,/table-of-2987,2986,/table-of-2986,2985,/table-of-2985
2989,5978,8967,11956,14945,17934,20923,23912,26901,29890,32879,35868,38857,41846,44835,47824,50813,53802,56791,59780,table-of-2989,2988,/table-of-2988,2987,/table-of-2987,2986,/table-of-2986
2990,5980,8970,11960,14950,17940,20930,23920,26910,29900,32890,35880,38870,41860,44850,47840,50830,53820,56810,59800,table-of-2990,2989,/table-of-2989,2988,/table-of-2988,2987,/table-of-2987
2991,5982,8973,11964,14955,17946,20937,23928,26919,29910,32901,35892,38883,41874,44865,47856,50847,53838,56829,59820,table-of-2991,2990,/table-of-2990,2989,/table-of-2989,2988,/table-of-2988
2992,5984,8976,11968,14960,17952,20944,23936,26928,29920,32912,35904,38896,41888,44880,47872,50864,53856,56848,59840,table-of-2992,2991,/table-of-2991,2990,/table-of-2990,2989,/table-of-2989
2993,5986,8979,11972,14965,17958,20951,23944,26937,29930,32923,35916,38909,41902,44895,47888,50881,53874,56867,59860,table-of-2993,2992,/table-of-2992,2991,/table-of-2991,2990,/table-of-2990
2994,5988,8982,11976,14970,17964,20958,23952,26946,29940,32934,35928,38922,41916,44910,47904,50898,53892,56886,59880,table-of-2994,2993,/table-of-2993,2992,/table-of-2992,2991,/table-of-2991
2995,5990,8985,11980,14975,17970,20965,23960,26955,29950,32945,35940,38935,41930,44925,47920,50915,53910,56905,59900,table-of-2995,2994,/table-of-2994,2993,/table-of-2993,2992,/table-of-2992
2996,5992,8988,11984,14980,17976,20972,23968,26964,29960,32956,35952,38948,41944,44940,47936,50932,53928,56924,59920,table-of-2996,2995,/table-of-2995,2994,/table-of-2994,2993,/table-of-2993
2997,5994,8991,11988,14985,17982,20979,23976,26973,29970,32967,35964,38961,41958,44955,47952,50949,53946,56943,59940,table-of-2997,2996,/table-of-2996,2995,/table-of-2995,2994,/table-of-2994
2998,5996,8994,11992,14990,17988,20986,23984,26982,29980,32978,35976,38974,41972,44970,47968,50966,53964,56962,59960,table-of-2998,2997,/table-of-2997,2996,/table-of-2996,2995,/table-of-2995
2999,5998,8997,11996,14995,17994,20993,23992,26991,29990,32989,35988,38987,41986,44985,47984,50983,53982,56981,59980,table-of-2999,2998,/table-of-2998,2997,/table-of-2997,2996,/table-of-2996
3000,6000,9000,12000,15000,18000,21000,24000,27000,30000,33000,36000,39000,42000,45000,48000,51000,54000,57000,60000,table-of-3000,2999,/table-of-2999,2998,/table-of-2998,2997,/table-of-2997
3001,6002,9003,12004,15005,18006,21007,24008,27009,30010,33011,36012,39013,42014,45015,48016,51017,54018,57019,60020,table-of-3001,3000,/table-of-3000,2999,/table-of-2999,2998,/table-of-2998
3002,6004,9006,12008,15010,18012,21014,24016,27018,30020,33022,36024,39026,42028,45030,48032,51034,54036,57038,60040,table-of-3002,3001,/table-of-3001,3000,/table-of-3000,2999,/table-of-2999
3003,6006,9009,12012,15015,18018,21021,24024,27027,30030,33033,36036,39039,42042,45045,48048,51051,54054,57057,60060,table-of-3003,3002,/table-of-3002,3001,/table-of-3001,3000,/table-of-3000
3004,6008,9012,12016,15020,18024,21028,24032,27036,30040,33044,36048,39052,42056,45060,48064,51068,54072,57076,60080,table-of-3004,3003,/table-of-3003,3002,/table-of-3002,3001,/table-of-3001
3005,6010,9015,12020,15025,18030,21035,24040,27045,30050,33055,36060,39065,42070,45075,48080,51085,54090,57095,60100,table-of-3005,3004,/table-of-3004,3003,/table-of-3003,3002,/table-of-3002
3006,6012,9018,12024,15030,18036,21042,24048,27054,30060,33066,36072,39078,42084,45090,48096,51102,54108,57114,60120,table-of-3006,3005,/table-of-3005,3004,/table-of-3004,3003,/table-of-3003
3007,6014,9021,12028,15035,18042,21049,24056,27063,30070,33077,36084,39091,42098,45105,48112,51119,54126,57133,60140,table-of-3007,3006,/table-of-3006,3005,/table-of-3005,3004,/table-of-3004
3008,6016,9024,12032,15040,18048,21056,24064,27072,30080,33088,36096,39104,42112,45120,48128,51136,54144,57152,60160,table-of-3008,3007,/table-of-3007,3006,/table-of-3006,3005,/table-of-3005
3009,6018,9027,12036,15045,18054,21063,24072,27081,30090,33099,36108,39117,42126,45135,48144,51153,54162,57171,60180,table-of-3009,3008,/table-of-3008,3007,/table-of-3007,3006,/table-of-3006
3010,6020,9030,12040,15050,18060,21070,24080,27090,30100,33110,36120,39130,42140,45150,48160,51170,54180,57190,60200,table-of-3010,3009,/table-of-3009,3008,/table-of-3008,3007,/table-of-3007
3011,6022,9033,12044,15055,18066,21077,24088,27099,30110,33121,36132,39143,42154,45165,48176,51187,54198,57209,60220,table-of-3011,3010,/table-of-3010,3009,/table-of-3009,3008,/table-of-3008
3012,6024,9036,12048,15060,18072,21084,24096,27108,30120,33132,36144,39156,42168,45180,48192,51204,54216,57228,60240,table-of-3012,3011,/table-of-3011,3010,/table-of-3010,3009,/table-of-3009
3013,6026,9039,12052,15065,18078,21091,24104,27117,30130,33143,36156,39169,42182,45195,48208,51221,54234,57247,60260,table-of-3013,3012,/table-of-3012,3011,/table-of-3011,3010,/table-of-3010
3014,6028,9042,12056,15070,18084,21098,24112,27126,30140,33154,36168,39182,42196,45210,48224,51238,54252,57266,60280,table-of-3014,3013,/table-of-3013,3012,/table-of-3012,3011,/table-of-3011
3015,6030,9045,12060,15075,18090,21105,24120,27135,30150,33165,36180,39195,42210,45225,48240,51255,54270,57285,60300,table-of-3015,3014,/table-of-3014,3013,/table-of-3013,3012,/table-of-3012
3016,6032,9048,12064,15080,18096,21112,24128,27144,30160,33176,36192,39208,42224,45240,48256,51272,54288,57304,60320,table-of-3016,3015,/table-of-3015,3014,/table-of-3014,3013,/table-of-3013
3017,6034,9051,12068,15085,18102,21119,24136,27153,30170,33187,36204,39221,42238,45255,48272,51289,54306,57323,60340,table-of-3017,3016,/table-of-3016,3015,/table-of-3015,3014,/table-of-3014
3018,6036,9054,12072,15090,18108,21126,24144,27162,30180,33198,36216,39234,42252,45270,48288,51306,54324,57342,60360,table-of-3018,3017,/table-of-3017,3016,/table-of-3016,3015,/table-of-3015
3019,6038,9057,12076,15095,18114,21133,24152,27171,30190,33209,36228,39247,42266,45285,48304,51323,54342,57361,60380,table-of-3019,3018,/table-of-3018,3017,/table-of-3017,3016,/table-of-3016
3020,6040,9060,12080,15100,18120,21140,24160,27180,30200,33220,36240,39260,42280,45300,48320,51340,54360,57380,60400,table-of-3020,3019,/table-of-3019,3018,/table-of-3018,3017,/table-of-3017
3021,6042,9063,12084,15105,18126,21147,24168,27189,30210,33231,36252,39273,42294,45315,48336,51357,54378,57399,60420,table-of-3021,3020,/table-of-3020,3019,/table-of-3019,3018,/table-of-3018
3022,6044,9066,12088,15110,18132,21154,24176,27198,30220,33242,36264,39286,42308,45330,48352,51374,54396,57418,60440,table-of-3022,3021,/table-of-3021,3020,/table-of-3020,3019,/table-of-3019
3023,6046,9069,12092,15115,18138,21161,24184,27207,30230,33253,36276,39299,42322,45345,48368,51391,54414,57437,60460,table-of-3023,3022,/table-of-3022,3021,/table-of-3021,3020,/table-of-3020
3024,6048,9072,12096,15120,18144,21168,24192,27216,30240,33264,36288,39312,42336,45360,48384,51408,54432,57456,60480,table-of-3024,3023,/table-of-3023,3022,/table-of-3022,3021,/table-of-3021
3025,6050,9075,12100,15125,18150,21175,24200,27225,30250,33275,36300,39325,42350,45375,48400,51425,54450,57475,60500,table-of-3025,3024,/table-of-3024,3023,/table-of-3023,3022,/table-of-3022
3026,6052,9078,12104,15130,18156,21182,24208,27234,30260,33286,36312,39338,42364,45390,48416,51442,54468,57494,60520,table-of-3026,3025,/table-of-3025,3024,/table-of-3024,3023,/table-of-3023
3027,6054,9081,12108,15135,18162,21189,24216,27243,30270,33297,36324,39351,42378,45405,48432,51459,54486,57513,60540,table-of-3027,3026,/table-of-3026,3025,/table-of-3025,3024,/table-of-3024
3028,6056,9084,12112,15140,18168,21196,24224,27252,30280,33308,36336,39364,42392,45420,48448,51476,54504,57532,60560,table-of-3028,3027,/table-of-3027,3026,/table-of-3026,3025,/table-of-3025
3029,6058,9087,12116,15145,18174,21203,24232,27261,30290,33319,36348,39377,42406,45435,48464,51493,54522,57551,60580,table-of-3029,3028,/table-of-3028,3027,/table-of-3027,3026,/table-of-3026
3030,6060,9090,12120,15150,18180,21210,24240,27270,30300,33330,36360,39390,42420,45450,48480,51510,54540,57570,60600,table-of-3030,3029,/table-of-3029,3028,/table-of-3028,3027,/table-of-3027
3031,6062,9093,12124,15155,18186,21217,24248,27279,30310,33341,36372,39403,42434,45465,48496,51527,54558,57589,60620,table-of-3031,3030,/table-of-3030,3029,/table-of-3029,3028,/table-of-3028
3032,6064,9096,12128,15160,18192,21224,24256,27288,30320,33352,36384,39416,42448,45480,48512,51544,54576,57608,60640,table-of-3032,3031,/table-of-3031,3030,/table-of-3030,3029,/table-of-3029
3033,6066,9099,12132,15165,18198,21231,24264,27297,30330,33363,36396,39429,42462,45495,48528,51561,54594,57627,60660,table-of-3033,3032,/table-of-3032,3031,/table-of-3031,3030,/table-of-3030
3034,6068,9102,12136,15170,18204,21238,24272,27306,30340,33374,36408,39442,42476,45510,48544,51578,54612,57646,60680,table-of-3034,3033,/table-of-3033,3032,/table-of-3032,3031,/table-of-3031
3035,6070,9105,12140,15175,18210,21245,24280,27315,30350,33385,36420,39455,42490,45525,48560,51595,54630,57665,60700,table-of-3035,3034,/table-of-3034,3033,/table-of-3033,3032,/table-of-3032
3036,6072,9108,12144,15180,18216,21252,24288,27324,30360,33396,36432,39468,42504,45540,48576,51612,54648,57684,60720,table-of-3036,3035,/table-of-3035,3034,/table-of-3034,3033,/table-of-3033
3037,6074,9111,12148,15185,18222,21259,24296,27333,30370,33407,36444,39481,42518,45555,48592,51629,54666,57703,60740,table-of-3037,3036,/table-of-3036,3035,/table-of-3035,3034,/table-of-3034
3038,6076,9114,12152,15190,18228,21266,24304,27342,30380,33418,36456,39494,42532,45570,48608,51646,54684,57722,60760,table-of-3038,3037,/table-of-3037,3036,/table-of-3036,3035,/table-of-3035
3039,6078,9117,12156,15195,18234,21273,24312,27351,30390,33429,36468,39507,42546,45585,48624,51663,54702,57741,60780,table-of-3039,3038,/table-of-3038,3037,/table-of-3037,3036,/table-of-3036
3040,6080,9120,12160,15200,18240,21280,24320,27360,30400,33440,36480,39520,42560,45600,48640,51680,54720,57760,60800,table-of-3040,3039,/table-of-3039,3038,/table-of-3038,3037,/table-of-3037
3041,6082,9123,12164,15205,18246,21287,24328,27369,30410,33451,36492,39533,42574,45615,48656,51697,54738,57779,60820,table-of-3041,3040,/table-of-3040,3039,/table-of-3039,3038,/table-of-3038
3042,6084,9126,12168,15210,18252,21294,24336,27378,30420,33462,36504,39546,42588,45630,48672,51714,54756,57798,60840,table-of-3042,3041,/table-of-3041,3040,/table-of-3040,3039,/table-of-3039
3043,6086,9129,12172,15215,18258,21301,24344,27387,30430,33473,36516,39559,42602,45645,48688,51731,54774,57817,60860,table-of-3043,3042,/table-of-3042,3041,/table-of-3041,3040,/table-of-3040
3044,6088,9132,12176,15220,18264,21308,24352,27396,30440,33484,36528,39572,42616,45660,48704,51748,54792,57836,60880,table-of-3044,3043,/table-of-3043,3042,/table-of-3042,3041,/table-of-3041
3045,6090,9135,12180,15225,18270,21315,24360,27405,30450,33495,36540,39585,42630,45675,48720,51765,54810,57855,60900,table-of-3045,3044,/table-of-3044,3043,/table-of-3043,3042,/table-of-3042
3046,6092,9138,12184,15230,18276,21322,24368,27414,30460,33506,36552,39598,42644,45690,48736,51782,54828,57874,60920,table-of-3046,3045,/table-of-3045,3044,/table-of-3044,3043,/table-of-3043
3047,6094,9141,12188,15235,18282,21329,24376,27423,30470,33517,36564,39611,42658,45705,48752,51799,54846,57893,60940,table-of-3047,3046,/table-of-3046,3045,/table-of-3045,3044,/table-of-3044
3048,6096,9144,12192,15240,18288,21336,24384,27432,30480,33528,36576,39624,42672,45720,48768,51816,54864,57912,60960,table-of-3048,3047,/table-of-3047,3046,/table-of-3046,3045,/table-of-3045
3049,6098,9147,12196,15245,18294,21343,24392,27441,30490,33539,36588,39637,42686,45735,48784,51833,54882,57931,60980,table-of-3049,3048,/table-of-3048,3047,/table-of-3047,3046,/table-of-3046
3050,6100,9150,12200,15250,18300,21350,24400,27450,30500,33550,36600,39650,42700,45750,48800,51850,54900,57950,61000,table-of-3050,3049,/table-of-3049,3048,/table-of-3048,3047,/table-of-3047
3051,6102,9153,12204,15255,18306,21357,24408,27459,30510,33561,36612,39663,42714,45765,48816,51867,54918,57969,61020,table-of-3051,3050,/table-of-3050,3049,/table-of-3049,3048,/table-of-3048
3052,6104,9156,12208,15260,18312,21364,24416,27468,30520,33572,36624,39676,42728,45780,48832,51884,54936,57988,61040,table-of-3052,3051,/table-of-3051,3050,/table-of-3050,3049,/table-of-3049
3053,6106,9159,12212,15265,18318,21371,24424,27477,30530,33583,36636,39689,42742,45795,48848,51901,54954,58007,61060,table-of-3053,3052,/table-of-3052,3051,/table-of-3051,3050,/table-of-3050
3054,6108,9162,12216,15270,18324,21378,24432,27486,30540,33594,36648,39702,42756,45810,48864,51918,54972,58026,61080,table-of-3054,3053,/table-of-3053,3052,/table-of-3052,3051,/table-of-3051
3055,6110,9165,12220,15275,18330,21385,24440,27495,30550,33605,36660,39715,42770,45825,48880,51935,54990,58045,61100,table-of-3055,3054,/table-of-3054,3053,/table-of-3053,3052,/table-of-3052
3056,6112,9168,12224,15280,18336,21392,24448,27504,30560,33616,36672,39728,42784,45840,48896,51952,55008,58064,61120,table-of-3056,3055,/table-of-3055,3054,/table-of-3054,3053,/table-of-3053
3057,6114,9171,12228,15285,18342,21399,24456,27513,30570,33627,36684,39741,42798,45855,48912,51969,55026,58083,61140,table-of-3057,3056,/table-of-3056,3055,/table-of-3055,3054,/table-of-3054
3058,6116,9174,12232,15290,18348,21406,24464,27522,30580,33638,36696,39754,42812,45870,48928,51986,55044,58102,61160,table-of-3058,3057,/table-of-3057,3056,/table-of-3056,3055,/table-of-3055
3059,6118,9177,12236,15295,18354,21413,24472,27531,30590,33649,36708,39767,42826,45885,48944,52003,55062,58121,61180,table-of-3059,3058,/table-of-3058,3057,/table-of-3057,3056,/table-of-3056
3060,6120,9180,12240,15300,18360,21420,24480,27540,30600,33660,36720,39780,42840,45900,48960,52020,55080,58140,61200,table-of-3060,3059,/table-of-3059,3058,/table-of-3058,3057,/table-of-3057
3061,6122,9183,12244,15305,18366,21427,24488,27549,30610,33671,36732,39793,42854,45915,48976,52037,55098,58159,61220,table-of-3061,3060,/table-of-3060,3059,/table-of-3059,3058,/table-of-3058
3062,6124,9186,12248,15310,18372,21434,24496,27558,30620,33682,36744,39806,42868,45930,48992,52054,55116,58178,61240,table-of-3062,3061,/table-of-3061,3060,/table-of-3060,3059,/table-of-3059
3063,6126,9189,12252,15315,18378,21441,24504,27567,30630,33693,36756,39819,42882,45945,49008,52071,55134,58197,61260,table-of-3063,3062,/table-of-3062,3061,/table-of-3061,3060,/table-of-3060
3064,6128,9192,12256,15320,18384,21448,24512,27576,30640,33704,36768,39832,42896,45960,49024,52088,55152,58216,61280,table-of-3064,3063,/table-of-3063,3062,/table-of-3062,3061,/table-of-3061
3065,6130,9195,12260,15325,18390,21455,24520,27585,30650,33715,36780,39845,42910,45975,49040,52105,55170,58235,61300,table-of-3065,3064,/table-of-3064,3063,/table-of-3063,3062,/table-of-3062
3066,6132,9198,12264,15330,18396,21462,24528,27594,30660,33726,36792,39858,42924,45990,49056,52122,55188,58254,61320,table-of-3066,3065,/table-of-3065,3064,/table-of-3064,3063,/table-of-3063
3067,6134,9201,12268,15335,18402,21469,24536,27603,30670,33737,36804,39871,42938,46005,49072,52139,55206,58273,61340,table-of-3067,3066,/table-of-3066,3065,/table-of-3065,3064,/table-of-3064
3068,6136,9204,12272,15340,18408,21476,24544,27612,30680,33748,36816,39884,42952,46020,49088,52156,55224,58292,61360,table-of-3068,3067,/table-of-3067,3066,/table-of-3066,3065,/table-of-3065
3069,6138,9207,12276,15345,18414,21483,24552,27621,30690,33759,36828,39897,42966,46035,49104,52173,55242,58311,61380,table-of-3069,3068,/table-of-3068,3067,/table-of-3067,3066,/table-of-3066
3070,6140,9210,12280,15350,18420,21490,24560,27630,30700,33770,36840,39910,42980,46050,49120,52190,55260,58330,61400,table-of-3070,3069,/table-of-3069,3068,/table-of-3068,3067,/table-of-3067
3071,6142,9213,12284,15355,18426,21497,24568,27639,30710,33781,36852,39923,42994,46065,49136,52207,55278,58349,61420,table-of-3071,3070,/table-of-3070,3069,/table-of-3069,3068,/table-of-3068
3072,6144,9216,12288,15360,18432,21504,24576,27648,30720,33792,36864,39936,43008,46080,49152,52224,55296,58368,61440,table-of-3072,3071,/table-of-3071,3070,/table-of-3070,3069,/table-of-3069
3073,6146,9219,12292,15365,18438,21511,24584,27657,30730,33803,36876,39949,43022,46095,49168,52241,55314,58387,61460,table-of-3073,3072,/table-of-3072,3071,/table-of-3071,3070,/table-of-3070
3074,6148,9222,12296,15370,18444,21518,24592,27666,30740,33814,36888,39962,43036,46110,49184,52258,55332,58406,61480,table-of-3074,3073,/table-of-3073,3072,/table-of-3072,3071,/table-of-3071
3075,6150,9225,12300,15375,18450,21525,24600,27675,30750,33825,36900,39975,43050,46125,49200,52275,55350,58425,61500,table-of-3075,3074,/table-of-3074,3073,/table-of-3073,3072,/table-of-3072
3076,6152,9228,12304,15380,18456,21532,24608,27684,30760,33836,36912,39988,43064,46140,49216,52292,55368,58444,61520,table-of-3076,3075,/table-of-3075,3074,/table-of-3074,3073,/table-of-3073
3077,6154,9231,12308,15385,18462,21539,24616,27693,30770,33847,36924,40001,43078,46155,49232,52309,55386,58463,61540,table-of-3077,3076,/table-of-3076,3075,/table-of-3075,3074,/table-of-3074
3078,6156,9234,12312,15390,18468,21546,24624,27702,30780,33858,36936,40014,43092,46170,49248,52326,55404,58482,61560,table-of-3078,3077,/table-of-3077,3076,/table-of-3076,3075,/table-of-3075
3079,6158,9237,12316,15395,18474,21553,24632,27711,30790,33869,36948,40027,43106,46185,49264,52343,55422,58501,61580,table-of-3079,3078,/table-of-3078,3077,/table-of-3077,3076,/table-of-3076
3080,6160,9240,12320,15400,18480,21560,24640,27720,30800,33880,36960,40040,43120,46200,49280,52360,55440,58520,61600,table-of-3080,3079,/table-of-3079,3078,/table-of-3078,3077,/table-of-3077
3081,6162,9243,12324,15405,18486,21567,24648,27729,30810,33891,36972,40053,43134,46215,49296,52377,55458,58539,61620,table-of-3081,3080,/table-of-3080,3079,/table-of-3079,3078,/table-of-3078
3082,6164,9246,12328,15410,18492,21574,24656,27738,30820,33902,36984,40066,43148,46230,49312,52394,55476,58558,61640,table-of-3082,3081,/table-of-3081,3080,/table-of-3080,3079,/table-of-3079
3083,6166,9249,12332,15415,18498,21581,24664,27747,30830,33913,36996,40079,43162,46245,49328,52411,55494,58577,61660,table-of-3083,3082,/table-of-3082,3081,/table-of-3081,3080,/table-of-3080
3084,6168,9252,12336,15420,18504,21588,24672,27756,30840,33924,37008,40092,43176,46260,49344,52428,55512,58596,61680,table-of-3084,3083,/table-of-3083,3082,/table-of-3082,3081,/table-of-3081
3085,6170,9255,12340,15425,18510,21595,24680,27765,30850,33935,37020,40105,43190,46275,49360,52445,55530,58615,61700,table-of-3085,3084,/table-of-3084,3083,/table-of-3083,3082,/table-of-3082
3086,6172,9258,12344,15430,18516,21602,24688,27774,30860,33946,37032,40118,43204,46290,49376,52462,55548,58634,61720,table-of-3086,3085,/table-of-3085,3084,/table-of-3084,3083,/table-of-3083
3087,6174,9261,12348,15435,18522,21609,24696,27783,30870,33957,37044,40131,43218,46305,49392,52479,55566,58653,61740,table-of-3087,3086,/table-of-3086,3085,/table-of-3085,3084,/table-of-3084
3088,6176,9264,12352,15440,18528,21616,24704,27792,30880,33968,37056,40144,43232,46320,49408,52496,55584,58672,61760,table-of-3088,3087,/table-of-3087,3086,/table-of-3086,3085,/table-of-3085
3089,6178,9267,12356,15445,18534,21623,24712,27801,30890,33979,37068,40157,43246,46335,49424,52513,55602,58691,61780,table-of-3089,3088,/table-of-3088,3087,/table-of-3087,3086,/table-of-3086
3090,6180,9270,12360,15450,18540,21630,24720,27810,30900,33990,37080,40170,43260,46350,49440,52530,55620,58710,61800,table-of-3090,3089,/table-of-3089,3088,/table-of-3088,3087,/table-of-3087
3091,6182,9273,12364,15455,18546,21637,24728,27819,30910,34001,37092,40183,43274,46365,49456,52547,55638,58729,61820,table-of-3091,3090,/table-of-3090,3089,/table-of-3089,3088,/table-of-3088
3092,6184,9276,12368,15460,18552,21644,24736,27828,30920,34012,37104,40196,43288,46380,49472,52564,55656,58748,61840,table-of-3092,3091,/table-of-3091,3090,/table-of-3090,3089,/table-of-3089
3093,6186,9279,12372,15465,18558,21651,24744,27837,30930,34023,37116,40209,43302,46395,49488,52581,55674,58767,61860,table-of-3093,3092,/table-of-3092,3091,/table-of-3091,3090,/table-of-3090
3094,6188,9282,12376,15470,18564,21658,24752,27846,30940,34034,37128,40222,43316,46410,49504,52598,55692,58786,61880,table-of-3094,3093,/table-of-3093,3092,/table-of-3092,3091,/table-of-3091
3095,6190,9285,12380,15475,18570,21665,24760,27855,30950,34045,37140,40235,43330,46425,49520,52615,55710,58805,61900,table-of-3095,3094,/table-of-3094,3093,/table-of-3093,3092,/table-of-3092
3096,6192,9288,12384,15480,18576,21672,24768,27864,30960,34056,37152,40248,43344,46440,49536,52632,55728,58824,61920,table-of-3096,3095,/table-of-3095,3094,/table-of-3094,3093,/table-of-3093
3097,6194,9291,12388,15485,18582,21679,24776,27873,30970,34067,37164,40261,43358,46455,49552,52649,55746,58843,61940,table-of-3097,3096,/table-of-3096,3095,/table-of-3095,3094,/table-of-3094
3098,6196,9294,12392,15490,18588,21686,24784,27882,30980,34078,37176,40274,43372,46470,49568,52666,55764,58862,61960,table-of-3098,3097,/table-of-3097,3096,/table-of-3096,3095,/table-of-3095
3099,6198,9297,12396,15495,18594,21693,24792,27891,30990,34089,37188,40287,43386,46485,49584,52683,55782,58881,61980,table-of-3099,3098,/table-of-3098,3097,/table-of-3097,3096,/table-of-3096
3100,6200,9300,12400,15500,18600,21700,24800,27900,31000,34100,37200,40300,43400,46500,49600,52700,55800,58900,62000,table-of-3100,3099,/table-of-3099,3098,/table-of-3098,3097,/table-of-3097
3101,6202,9303,12404,15505,18606,21707,24808,27909,31010,34111,37212,40313,43414,46515,49616,52717,55818,58919,62020,table-of-3101,3100,/table-of-3100,3099,/table-of-3099,3098,/table-of-3098
3102,6204,9306,12408,15510,18612,21714,24816,27918,31020,34122,37224,40326,43428,46530,49632,52734,55836,58938,62040,table-of-3102,3101,/table-of-3101,3100,/table-of-3100,3099,/table-of-3099
3103,6206,9309,12412,15515,18618,21721,24824,27927,31030,34133,37236,40339,43442,46545,49648,52751,55854,58957,62060,table-of-3103,3102,/table-of-3102,3101,/table-of-3101,3100,/table-of-3100
3104,6208,9312,12416,15520,18624,21728,24832,27936,31040,34144,37248,40352,43456,46560,49664,52768,55872,58976,62080,table-of-3104,3103,/table-of-3103,3102,/table-of-3102,3101,/table-of-3101
3105,6210,9315,12420,15525,18630,21735,24840,27945,31050,34155,37260,40365,43470,46575,49680,52785,55890,58995,62100,table-of-3105,3104,/table-of-3104,3103,/table-of-3103,3102,/table-of-3102
3106,6212,9318,12424,15530,18636,21742,24848,27954,31060,34166,37272,40378,43484,46590,49696,52802,55908,59014,62120,table-of-3106,3105,/table-of-3105,3104,/table-of-3104,3103,/table-of-3103
3107,6214,9321,12428,15535,18642,21749,24856,27963,31070,34177,37284,40391,43498,46605,49712,52819,55926,59033,62140,table-of-3107,3106,/table-of-3106,3105,/table-of-3105,3104,/table-of-3104
3108,6216,9324,12432,15540,18648,21756,24864,27972,31080,34188,37296,40404,43512,46620,49728,52836,55944,59052,62160,table-of-3108,3107,/table-of-3107,3106,/table-of-3106,3105,/table-of-3105
3109,6218,9327,12436,15545,18654,21763,24872,27981,31090,34199,37308,40417,43526,46635,49744,52853,55962,59071,62180,table-of-3109,3108,/table-of-3108,3107,/table-of-3107,3106,/table-of-3106
3110,6220,9330,12440,15550,18660,21770,24880,27990,31100,34210,37320,40430,43540,46650,49760,52870,55980,59090,62200,table-of-3110,3109,/table-of-3109,3108,/table-of-3108,3107,/table-of-3107
3111,6222,9333,12444,15555,18666,21777,24888,27999,31110,34221,37332,40443,43554,46665,49776,52887,55998,59109,62220,table-of-3111,3110,/table-of-3110,3109,/table-of-3109,3108,/table-of-3108
3112,6224,9336,12448,15560,18672,21784,24896,28008,31120,34232,37344,40456,43568,46680,49792,52904,56016,59128,62240,table-of-3112,3111,/table-of-3111,3110,/table-of-3110,3109,/table-of-3109
3113,6226,9339,12452,15565,18678,21791,24904,28017,31130,34243,37356,40469,43582,46695,49808,52921,56034,59147,62260,table-of-3113,3112,/table-of-3112,3111,/table-of-3111,3110,/table-of-3110
3114,6228,9342,12456,15570,18684,21798,24912,28026,31140,34254,37368,40482,43596,46710,49824,52938,56052,59166,62280,table-of-3114,3113,/table-of-3113,3112,/table-of-3112,3111,/table-of-3111
3115,6230,9345,12460,15575,18690,21805,24920,28035,31150,34265,37380,40495,43610,46725,49840,52955,56070,59185,62300,table-of-3115,3114,/table-of-3114,3113,/table-of-3113,3112,/table-of-3112
3116,6232,9348,12464,15580,18696,21812,24928,28044,31160,34276,37392,40508,43624,46740,49856,52972,56088,59204,62320,table-of-3116,3115,/table-of-3115,3114,/table-of-3114,3113,/table-of-3113
3117,6234,9351,12468,15585,18702,21819,24936,28053,31170,34287,37404,40521,43638,46755,49872,52989,56106,59223,62340,table-of-3117,3116,/table-of-3116,3115,/table-of-3115,3114,/table-of-3114
3118,6236,9354,12472,15590,18708,21826,24944,28062,31180,34298,37416,40534,43652,46770,49888,53006,56124,59242,62360,table-of-3118,3117,/table-of-3117,3116,/table-of-3116,3115,/table-of-3115
3119,6238,9357,12476,15595,18714,21833,24952,28071,31190,34309,37428,40547,43666,46785,49904,53023,56142,59261,62380,table-of-3119,3118,/table-of-3118,3117,/table-of-3117,3116,/table-of-3116
3120,6240,9360,12480,15600,18720,21840,24960,28080,31200,34320,37440,40560,43680,46800,49920,53040,56160,59280,62400,table-of-3120,3119,/table-of-3119,3118,/table-of-3118,3117,/table-of-3117
3121,6242,9363,12484,15605,18726,21847,24968,28089,31210,34331,37452,40573,43694,46815,49936,53057,56178,59299,62420,table-of-3121,3120,/table-of-3120,3119,/table-of-3119,3118,/table-of-3118
3122,6244,9366,12488,15610,18732,21854,24976,28098,31220,34342,37464,40586,43708,46830,49952,53074,56196,59318,62440,table-of-3122,3121,/table-of-3121,3120,/table-of-3120,3119,/table-of-3119
3123,6246,9369,12492,15615,18738,21861,24984,28107,31230,34353,37476,40599,43722,46845,49968,53091,56214,59337,62460,table-of-3123,3122,/table-of-3122,3121,/table-of-3121,3120,/table-of-3120
3124,6248,9372,12496,15620,18744,21868,24992,28116,31240,34364,37488,40612,43736,46860,49984,53108,56232,59356,62480,table-of-3124,3123,/table-of-3123,3122,/table-of-3122,3121,/table-of-3121
3125,6250,9375,12500,15625,18750,21875,25000,28125,31250,34375,37500,40625,43750,46875,50000,53125,56250,59375,62500,table-of-3125,3124,/table-of-3124,3123,/table-of-3123,3122,/table-of-3122
3126,6252,9378,12504,15630,18756,21882,25008,28134,31260,34386,37512,40638,43764,46890,50016,53142,56268,59394,62520,table-of-3126,3125,/table-of-3125,3124,/table-of-3124,3123,/table-of-3123
3127,6254,9381,12508,15635,18762,21889,25016,28143,31270,34397,37524,40651,43778,46905,50032,53159,56286,59413,62540,table-of-3127,3126,/table-of-3126,3125,/table-of-3125,3124,/table-of-3124
3128,6256,9384,12512,15640,18768,21896,25024,28152,31280,34408,37536,40664,43792,46920,50048,53176,56304,59432,62560,table-of-3128,3127,/table-of-3127,3126,/table-of-3126,3125,/table-of-3125
3129,6258,9387,12516,15645,18774,21903,25032,28161,31290,34419,37548,40677,43806,46935,50064,53193,56322,59451,62580,table-of-3129,3128,/table-of-3128,3127,/table-of-3127,3126,/table-of-3126
3130,6260,9390,12520,15650,18780,21910,25040,28170,31300,34430,37560,40690,43820,46950,50080,53210,56340,59470,62600,table-of-3130,3129,/table-of-3129,3128,/table-of-3128,3127,/table-of-3127
3131,6262,9393,12524,15655,18786,21917,25048,28179,31310,34441,37572,40703,43834,46965,50096,53227,56358,59489,62620,table-of-3131,3130,/table-of-3130,3129,/table-of-3129,3128,/table-of-3128
3132,6264,9396,12528,15660,18792,21924,25056,28188,31320,34452,37584,40716,43848,46980,50112,53244,56376,59508,62640,table-of-3132,3131,/table-of-3131,3130,/table-of-3130,3129,/table-of-3129
3133,6266,9399,12532,15665,18798,21931,25064,28197,31330,34463,37596,40729,43862,46995,50128,53261,56394,59527,62660,table-of-3133,3132,/table-of-3132,3131,/table-of-3131,3130,/table-of-3130
3134,6268,9402,12536,15670,18804,21938,25072,28206,31340,34474,37608,40742,43876,47010,50144,53278,56412,59546,62680,table-of-3134,3133,/table-of-3133,3132,/table-of-3132,3131,/table-of-3131
3135,6270,9405,12540,15675,18810,21945,25080,28215,31350,34485,37620,40755,43890,47025,50160,53295,56430,59565,62700,table-of-3135,3134,/table-of-3134,3133,/table-of-3133,3132,/table-of-3132
3136,6272,9408,12544,15680,18816,21952,25088,28224,31360,34496,37632,40768,43904,47040,50176,53312,56448,59584,62720,table-of-3136,3135,/table-of-3135,3134,/table-of-3134,3133,/table-of-3133
3137,6274,9411,12548,15685,18822,21959,25096,28233,31370,34507,37644,40781,43918,47055,50192,53329,56466,59603,62740,table-of-3137,3136,/table-of-3136,3135,/table-of-3135,3134,/table-of-3134
3138,6276,9414,12552,15690,18828,21966,25104,28242,31380,34518,37656,40794,43932,47070,50208,53346,56484,59622,62760,table-of-3138,3137,/table-of-3137,3136,/table-of-3136,3135,/table-of-3135
3139,6278,9417,12556,15695,18834,21973,25112,28251,31390,34529,37668,40807,43946,47085,50224,53363,56502,59641,62780,table-of-3139,3138,/table-of-3138,3137,/table-of-3137,3136,/table-of-3136
3140,6280,9420,12560,15700,18840,21980,25120,28260,31400,34540,37680,40820,43960,47100,50240,53380,56520,59660,62800,table-of-3140,3139,/table-of-3139,3138,/table-of-3138,3137,/table-of-3137
3141,6282,9423,12564,15705,18846,21987,25128,28269,31410,34551,37692,40833,43974,47115,50256,53397,56538,59679,62820,table-of-3141,3140,/table-of-3140,3139,/table-of-3139,3138,/table-of-3138
3142,6284,9426,12568,15710,18852,21994,25136,28278,31420,34562,37704,40846,43988,47130,50272,53414,56556,59698,62840,table-of-3142,3141,/table-of-3141,3140,/table-of-3140,3139,/table-of-3139
3143,6286,9429,12572,15715,18858,22001,25144,28287,31430,34573,37716,40859,44002,47145,50288,53431,56574,59717,62860,table-of-3143,3142,/table-of-3142,3141,/table-of-3141,3140,/table-of-3140
3144,6288,9432,12576,15720,18864,22008,25152,28296,31440,34584,37728,40872,44016,47160,50304,53448,56592,59736,62880,table-of-3144,3143,/table-of-3143,3142,/table-of-3142,3141,/table-of-3141
3145,6290,9435,12580,15725,18870,22015,25160,28305,31450,34595,37740,40885,44030,47175,50320,53465,56610,59755,62900,table-of-3145,3144,/table-of-3144,3143,/table-of-3143,3142,/table-of-3142
3146,6292,9438,12584,15730,18876,22022,25168,28314,31460,34606,37752,40898,44044,47190,50336,53482,56628,59774,62920,table-of-3146,3145,/table-of-3145,3144,/table-of-3144,3143,/table-of-3143
3147,6294,9441,12588,15735,18882,22029,25176,28323,31470,34617,37764,40911,44058,47205,50352,53499,56646,59793,62940,table-of-3147,3146,/table-of-3146,3145,/table-of-3145,3144,/table-of-3144
3148,6296,9444,12592,15740,18888,22036,25184,28332,31480,34628,37776,40924,44072,47220,50368,53516,56664,59812,62960,table-of-3148,3147,/table-of-3147,3146,/table-of-3146,3145,/table-of-3145
3149,6298,9447,12596,15745,18894,22043,25192,28341,31490,34639,37788,40937,44086,47235,50384,53533,56682,59831,62980,table-of-3149,3148,/table-of-3148,3147,/table-of-3147,3146,/table-of-3146
3150,6300,9450,12600,15750,18900,22050,25200,28350,31500,34650,37800,40950,44100,47250,50400,53550,56700,59850,63000,table-of-3150,3149,/table-of-3149,3148,/table-of-3148,3147,/table-of-3147
3151,6302,9453,12604,15755,18906,22057,25208,28359,31510,34661,37812,40963,44114,47265,50416,53567,56718,59869,63020,table-of-3151,3150,/table-of-3150,3149,/table-of-3149,3148,/table-of-3148
3152,6304,9456,12608,15760,18912,22064,25216,28368,31520,34672,37824,40976,44128,47280,50432,53584,56736,59888,63040,table-of-3152,3151,/table-of-3151,3150,/table-of-3150,3149,/table-of-3149
3153,6306,9459,12612,15765,18918,22071,25224,28377,31530,34683,37836,40989,44142,47295,50448,53601,56754,59907,63060,table-of-3153,3152,/table-of-3152,3151,/table-of-3151,3150,/table-of-3150
3154,6308,9462,12616,15770,18924,22078,25232,28386,31540,34694,37848,41002,44156,47310,50464,53618,56772,59926,63080,table-of-3154,3153,/table-of-3153,3152,/table-of-3152,3151,/table-of-3151
3155,6310,9465,12620,15775,18930,22085,25240,28395,31550,34705,37860,41015,44170,47325,50480,53635,56790,59945,63100,table-of-3155,3154,/table-of-3154,3153,/table-of-3153,3152,/table-of-3152
3156,6312,9468,12624,15780,18936,22092,25248,28404,31560,34716,37872,41028,44184,47340,50496,53652,56808,59964,63120,table-of-3156,3155,/table-of-3155,3154,/table-of-3154,3153,/table-of-3153
3157,6314,9471,12628,15785,18942,22099,25256,28413,31570,34727,37884,41041,44198,47355,50512,53669,56826,59983,63140,table-of-3157,3156,/table-of-3156,3155,/table-of-3155,3154,/table-of-3154
3158,6316,9474,12632,15790,18948,22106,25264,28422,31580,34738,37896,41054,44212,47370,50528,53686,56844,60002,63160,table-of-3158,3157,/table-of-3157,3156,/table-of-3156,3155,/table-of-3155
3159,6318,9477,12636,15795,18954,22113,25272,28431,31590,34749,37908,41067,44226,47385,50544,53703,56862,60021,63180,table-of-3159,3158,/table-of-3158,3157,/table-of-3157,3156,/table-of-3156
3160,6320,9480,12640,15800,18960,22120,25280,28440,31600,34760,37920,41080,44240,47400,50560,53720,56880,60040,63200,table-of-3160,3159,/table-of-3159,3158,/table-of-3158,3157,/table-of-3157
3161,6322,9483,12644,15805,18966,22127,25288,28449,31610,34771,37932,41093,44254,47415,50576,53737,56898,60059,63220,table-of-3161,3160,/table-of-3160,3159,/table-of-3159,3158,/table-of-3158
3162,6324,9486,12648,15810,18972,22134,25296,28458,31620,34782,37944,41106,44268,47430,50592,53754,56916,60078,63240,table-of-3162,3161,/table-of-3161,3160,/table-of-3160,3159,/table-of-3159
3163,6326,9489,12652,15815,18978,22141,25304,28467,31630,34793,37956,41119,44282,47445,50608,53771,56934,60097,63260,table-of-3163,3162,/table-of-3162,3161,/table-of-3161,3160,/table-of-3160
3164,6328,9492,12656,15820,18984,22148,25312,28476,31640,34804,37968,41132,44296,47460,50624,53788,56952,60116,63280,table-of-3164,3163,/table-of-3163,3162,/table-of-3162,3161,/table-of-3161
3165,6330,9495,12660,15825,18990,22155,25320,28485,31650,34815,37980,41145,44310,47475,50640,53805,56970,60135,63300,table-of-3165,3164,/table-of-3164,3163,/table-of-3163,3162,/table-of-3162
3166,6332,9498,12664,15830,18996,22162,25328,28494,31660,34826,37992,41158,44324,47490,50656,53822,56988,60154,63320,table-of-3166,3165,/table-of-3165,3164,/table-of-3164,3163,/table-of-3163
3167,6334,9501,12668,15835,19002,22169,25336,28503,31670,34837,38004,41171,44338,47505,50672,53839,57006,60173,63340,table-of-3167,3166,/table-of-3166,3165,/table-of-3165,3164,/table-of-3164
3168,6336,9504,12672,15840,19008,22176,25344,28512,31680,34848,38016,41184,44352,47520,50688,53856,57024,60192,63360,table-of-3168,3167,/table-of-3167,3166,/table-of-3166,3165,/table-of-3165
3169,6338,9507,12676,15845,19014,22183,25352,28521,31690,34859,38028,41197,44366,47535,50704,53873,57042,60211,63380,table-of-3169,3168,/table-of-3168,3167,/table-of-3167,3166,/table-of-3166
3170,6340,9510,12680,15850,19020,22190,25360,28530,31700,34870,38040,41210,44380,47550,50720,53890,57060,60230,63400,table-of-3170,3169,/table-of-3169,3168,/table-of-3168,3167,/table-of-3167
3171,6342,9513,12684,15855,19026,22197,25368,28539,31710,34881,38052,41223,44394,47565,50736,53907,57078,60249,63420,table-of-3171,3170,/table-of-3170,3169,/table-of-3169,3168,/table-of-3168
3172,6344,9516,12688,15860,19032,22204,25376,28548,31720,34892,38064,41236,44408,47580,50752,53924,57096,60268,63440,table-of-3172,3171,/table-of-3171,3170,/table-of-3170,3169,/table-of-3169
3173,6346,9519,12692,15865,19038,22211,25384,28557,31730,34903,38076,41249,44422,47595,50768,53941,57114,60287,63460,table-of-3173,3172,/table-of-3172,3171,/table-of-3171,3170,/table-of-3170
3174,6348,9522,12696,15870,19044,22218,25392,28566,31740,34914,38088,41262,44436,47610,50784,53958,57132,60306,63480,table-of-3174,3173,/table-of-3173,3172,/table-of-3172,3171,/table-of-3171
3175,6350,9525,12700,15875,19050,22225,25400,28575,31750,34925,38100,41275,44450,47625,50800,53975,57150,60325,63500,table-of-3175,3174,/table-of-3174,3173,/table-of-3173,3172,/table-of-3172
3176,6352,9528,12704,15880,19056,22232,25408,28584,31760,34936,38112,41288,44464,47640,50816,53992,57168,60344,63520,table-of-3176,3175,/table-of-3175,3174,/table-of-3174,3173,/table-of-3173
3177,6354,9531,12708,15885,19062,22239,25416,28593,31770,34947,38124,41301,44478,47655,50832,54009,57186,60363,63540,table-of-3177,3176,/table-of-3176,3175,/table-of-3175,3174,/table-of-3174
3178,6356,9534,12712,15890,19068,22246,25424,28602,31780,34958,38136,41314,44492,47670,50848,54026,57204,60382,63560,table-of-3178,3177,/table-of-3177,3176,/table-of-3176,3175,/table-of-3175
3179,6358,9537,12716,15895,19074,22253,25432,28611,31790,34969,38148,41327,44506,47685,50864,54043,57222,60401,63580,table-of-3179,3178,/table-of-3178,3177,/table-of-3177,3176,/table-of-3176
3180,6360,9540,12720,15900,19080,22260,25440,28620,31800,34980,38160,41340,44520,47700,50880,54060,57240,60420,63600,table-of-3180,3179,/table-of-3179,3178,/table-of-3178,3177,/table-of-3177
3181,6362,9543,12724,15905,19086,22267,25448,28629,31810,34991,38172,41353,44534,47715,50896,54077,57258,60439,63620,table-of-3181,3180,/table-of-3180,3179,/table-of-3179,3178,/table-of-3178
3182,6364,9546,12728,15910,19092,22274,25456,28638,31820,35002,38184,41366,44548,47730,50912,54094,57276,60458,63640,table-of-3182,3181,/table-of-3181,3180,/table-of-3180,3179,/table-of-3179
3183,6366,9549,12732,15915,19098,22281,25464,28647,31830,35013,38196,41379,44562,47745,50928,54111,57294,60477,63660,table-of-3183,3182,/table-of-3182,3181,/table-of-3181,3180,/table-of-3180
3184,6368,9552,12736,15920,19104,22288,25472,28656,31840,35024,38208,41392,44576,47760,50944,54128,57312,60496,63680,table-of-3184,3183,/table-of-3183,3182,/table-of-3182,3181,/table-of-3181
3185,6370,9555,12740,15925,19110,22295,25480,28665,31850,35035,38220,41405,44590,47775,50960,54145,57330,60515,63700,table-of-3185,3184,/table-of-3184,3183,/table-of-3183,3182,/table-of-3182
3186,6372,9558,12744,15930,19116,22302,25488,28674,31860,35046,38232,41418,44604,47790,50976,54162,57348,60534,63720,table-of-3186,3185,/table-of-3185,3184,/table-of-3184,3183,/table-of-3183
3187,6374,9561,12748,15935,19122,22309,25496,28683,31870,35057,38244,41431,44618,47805,50992,54179,57366,60553,63740,table-of-3187,3186,/table-of-3186,3185,/table-of-3185,3184,/table-of-3184
3188,6376,9564,12752,15940,19128,22316,25504,28692,31880,35068,38256,41444,44632,47820,51008,54196,57384,60572,63760,table-of-3188,3187,/table-of-3187,3186,/table-of-3186,3185,/table-of-3185
3189,6378,9567,12756,15945,19134,22323,25512,28701,31890,35079,38268,41457,44646,47835,51024,54213,57402,60591,63780,table-of-3189,3188,/table-of-3188,3187,/table-of-3187,3186,/table-of-3186
3190,6380,9570,12760,15950,19140,22330,25520,28710,31900,35090,38280,41470,44660,47850,51040,54230,57420,60610,63800,table-of-3190,3189,/table-of-3189,3188,/table-of-3188,3187,/table-of-3187
3191,6382,9573,12764,15955,19146,22337,25528,28719,31910,35101,38292,41483,44674,47865,51056,54247,57438,60629,63820,table-of-3191,3190,/table-of-3190,3189,/table-of-3189,3188,/table-of-3188
3192,6384,9576,12768,15960,19152,22344,25536,28728,31920,35112,38304,41496,44688,47880,51072,54264,57456,60648,63840,table-of-3192,3191,/table-of-3191,3190,/table-of-3190,3189,/table-of-3189
3193,6386,9579,12772,15965,19158,22351,25544,28737,31930,35123,38316,41509,44702,47895,51088,54281,57474,60667,63860,table-of-3193,3192,/table-of-3192,3191,/table-of-3191,3190,/table-of-3190
3194,6388,9582,12776,15970,19164,22358,25552,28746,31940,35134,38328,41522,44716,47910,51104,54298,57492,60686,63880,table-of-3194,3193,/table-of-3193,3192,/table-of-3192,3191,/table-of-3191
3195,6390,9585,12780,15975,19170,22365,25560,28755,31950,35145,38340,41535,44730,47925,51120,54315,57510,60705,63900,table-of-3195,3194,/table-of-3194,3193,/table-of-3193,3192,/table-of-3192
3196,6392,9588,12784,15980,19176,22372,25568,28764,31960,35156,38352,41548,44744,47940,51136,54332,57528,60724,63920,table-of-3196,3195,/table-of-3195,3194,/table-of-3194,3193,/table-of-3193
3197,6394,9591,12788,15985,19182,22379,25576,28773,31970,35167,38364,41561,44758,47955,51152,54349,57546,60743,63940,table-of-3197,3196,/table-of-3196,3195,/table-of-3195,3194,/table-of-3194
3198,6396,9594,12792,15990,19188,22386,25584,28782,31980,35178,38376,41574,44772,47970,51168,54366,57564,60762,63960,table-of-3198,3197,/table-of-3197,3196,/table-of-3196,3195,/table-of-3195
3199,6398,9597,12796,15995,19194,22393,25592,28791,31990,35189,38388,41587,44786,47985,51184,54383,57582,60781,63980,table-of-3199,3198,/table-of-3198,3197,/table-of-3197,3196,/table-of-3196
3200,6400,9600,12800,16000,19200,22400,25600,28800,32000,35200,38400,41600,44800,48000,51200,54400,57600,60800,64000,table-of-3200,3199,/table-of-3199,3198,/table-of-3198,3197,/table-of-3197
3201,6402,9603,12804,16005,19206,22407,25608,28809,32010,35211,38412,41613,44814,48015,51216,54417,57618,60819,64020,table-of-3201,3200,/table-of-3200,3199,/table-of-3199,3198,/table-of-3198
3202,6404,9606,12808,16010,19212,22414,25616,28818,32020,35222,38424,41626,44828,48030,51232,54434,57636,60838,64040,table-of-3202,3201,/table-of-3201,3200,/table-of-3200,3199,/table-of-3199
3203,6406,9609,12812,16015,19218,22421,25624,28827,32030,35233,38436,41639,44842,48045,51248,54451,57654,60857,64060,table-of-3203,3202,/table-of-3202,3201,/table-of-3201,3200,/table-of-3200
3204,6408,9612,12816,16020,19224,22428,25632,28836,32040,35244,38448,41652,44856,48060,51264,54468,57672,60876,64080,table-of-3204,3203,/table-of-3203,3202,/table-of-3202,3201,/table-of-3201
3205,6410,9615,12820,16025,19230,22435,25640,28845,32050,35255,38460,41665,44870,48075,51280,54485,57690,60895,64100,table-of-3205,3204,/table-of-3204,3203,/table-of-3203,3202,/table-of-3202
3206,6412,9618,12824,16030,19236,22442,25648,28854,32060,35266,38472,41678,44884,48090,51296,54502,57708,60914,64120,table-of-3206,3205,/table-of-3205,3204,/table-of-3204,3203,/table-of-3203
3207,6414,9621,12828,16035,19242,22449,25656,28863,32070,35277,38484,41691,44898,48105,51312,54519,57726,60933,64140,table-of-3207,3206,/table-of-3206,3205,/table-of-3205,3204,/table-of-3204
3208,6416,9624,12832,16040,19248,22456,25664,28872,32080,35288,38496,41704,44912,48120,51328,54536,57744,60952,64160,table-of-3208,3207,/table-of-3207,3206,/table-of-3206,3205,/table-of-3205
3209,6418,9627,12836,16045,19254,22463,25672,28881,32090,35299,38508,41717,44926,48135,51344,54553,57762,60971,64180,table-of-3209,3208,/table-of-3208,3207,/table-of-3207,3206,/table-of-3206
3210,6420,9630,12840,16050,19260,22470,25680,28890,32100,35310,38520,41730,44940,48150,51360,54570,57780,60990,64200,table-of-3210,3209,/table-of-3209,3208,/table-of-3208,3207,/table-of-3207
3211,6422,9633,12844,16055,19266,22477,25688,28899,32110,35321,38532,41743,44954,48165,51376,54587,57798,61009,64220,table-of-3211,3210,/table-of-3210,3209,/table-of-3209,3208,/table-of-3208
3212,6424,9636,12848,16060,19272,22484,25696,28908,32120,35332,38544,41756,44968,48180,51392,54604,57816,61028,64240,table-of-3212,3211,/table-of-3211,3210,/table-of-3210,3209,/table-of-3209
3213,6426,9639,12852,16065,19278,22491,25704,28917,32130,35343,38556,41769,44982,48195,51408,54621,57834,61047,64260,table-of-3213,3212,/table-of-3212,3211,/table-of-3211,3210,/table-of-3210
3214,6428,9642,12856,16070,19284,22498,25712,28926,32140,35354,38568,41782,44996,48210,51424,54638,57852,61066,64280,table-of-3214,3213,/table-of-3213,3212,/table-of-3212,3211,/table-of-3211
3215,6430,9645,12860,16075,19290,22505,25720,28935,32150,35365,38580,41795,45010,48225,51440,54655,57870,61085,64300,table-of-3215,3214,/table-of-3214,3213,/table-of-3213,3212,/table-of-3212
3216,6432,9648,12864,16080,19296,22512,25728,28944,32160,35376,38592,41808,45024,48240,51456,54672,57888,61104,64320,table-of-3216,3215,/table-of-3215,3214,/table-of-3214,3213,/table-of-3213
3217,6434,9651,12868,16085,19302,22519,25736,28953,32170,35387,38604,41821,45038,48255,51472,54689,57906,61123,64340,table-of-3217,3216,/table-of-3216,3215,/table-of-3215,3214,/table-of-3214
3218,6436,9654,12872,16090,19308,22526,25744,28962,32180,35398,38616,41834,45052,48270,51488,54706,57924,61142,64360,table-of-3218,3217,/table-of-3217,3216,/table-of-3216,3215,/table-of-3215
3219,6438,9657,12876,16095,19314,22533,25752,28971,32190,35409,38628,41847,45066,48285,51504,54723,57942,61161,64380,table-of-3219,3218,/table-of-3218,3217,/table-of-3217,3216,/table-of-3216
3220,6440,9660,12880,16100,19320,22540,25760,28980,32200,35420,38640,41860,45080,48300,51520,54740,57960,61180,64400,table-of-3220,3219,/table-of-3219,3218,/table-of-3218,3217,/table-of-3217
3221,6442,9663,12884,16105,19326,22547,25768,28989,32210,35431,38652,41873,45094,48315,51536,54757,57978,61199,64420,table-of-3221,3220,/table-of-3220,3219,/table-of-3219,3218,/table-of-3218
3222,6444,9666,12888,16110,19332,22554,25776,28998,32220,35442,38664,41886,45108,48330,51552,54774,57996,61218,64440,table-of-3222,3221,/table-of-3221,3220,/table-of-3220,3219,/table-of-3219
3223,6446,9669,12892,16115,19338,22561,25784,29007,32230,35453,38676,41899,45122,48345,51568,54791,58014,61237,64460,table-of-3223,3222,/table-of-3222,3221,/table-of-3221,3220,/table-of-3220
3224,6448,9672,12896,16120,19344,22568,25792,29016,32240,35464,38688,41912,45136,48360,51584,54808,58032,61256,64480,table-of-3224,3223,/table-of-3223,3222,/table-of-3222,3221,/table-of-3221
3225,6450,9675,12900,16125,19350,22575,25800,29025,32250,35475,38700,41925,45150,48375,51600,54825,58050,61275,64500,table-of-3225,3224,/table-of-3224,3223,/table-of-3223,3222,/table-of-3222
3226,6452,9678,12904,16130,19356,22582,25808,29034,32260,35486,38712,41938,45164,48390,51616,54842,58068,61294,64520,table-of-3226,3225,/table-of-3225,3224,/table-of-3224,3223,/table-of-3223
3227,6454,9681,12908,16135,19362,22589,25816,29043,32270,35497,38724,41951,45178,48405,51632,54859,58086,61313,64540,table-of-3227,3226,/table-of-3226,3225,/table-of-3225,3224,/table-of-3224
3228,6456,9684,12912,16140,19368,22596,25824,29052,32280,35508,38736,41964,45192,48420,51648,54876,58104,61332,64560,table-of-3228,3227,/table-of-3227,3226,/table-of-3226,3225,/table-of-3225
3229,6458,9687,12916,16145,19374,22603,25832,29061,32290,35519,38748,41977,45206,48435,51664,54893,58122,61351,64580,table-of-3229,3228,/table-of-3228,3227,/table-of-3227,3226,/table-of-3226
3230,6460,9690,12920,16150,19380,22610,25840,29070,32300,35530,38760,41990,45220,48450,51680,54910,58140,61370,64600,table-of-3230,3229,/table-of-3229,3228,/table-of-3228,3227,/table-of-3227
3231,6462,9693,12924,16155,19386,22617,25848,29079,32310,35541,38772,42003,45234,48465,51696,54927,58158,61389,64620,table-of-3231,3230,/table-of-3230,3229,/table-of-3229,3228,/table-of-3228
3232,6464,9696,12928,16160,19392,22624,25856,29088,32320,35552,38784,42016,45248,48480,51712,54944,58176,61408,64640,table-of-3232,3231,/table-of-3231,3230,/table-of-3230,3229,/table-of-3229
3233,6466,9699,12932,16165,19398,22631,25864,29097,32330,35563,38796,42029,45262,48495,51728,54961,58194,61427,64660,table-of-3233,3232,/table-of-3232,3231,/table-of-3231,3230,/table-of-3230
3234,6468,9702,12936,16170,19404,22638,25872,29106,32340,35574,38808,42042,45276,48510,51744,54978,58212,61446,64680,table-of-3234,3233,/table-of-3233,3232,/table-of-3232,3231,/table-of-3231
3235,6470,9705,12940,16175,19410,22645,25880,29115,32350,35585,38820,42055,45290,48525,51760,54995,58230,61465,64700,table-of-3235,3234,/table-of-3234,3233,/table-of-3233,3232,/table-of-3232
3236,6472,9708,12944,16180,19416,22652,25888,29124,32360,35596,38832,42068,45304,48540,51776,55012,58248,61484,64720,table-of-3236,3235,/table-of-3235,3234,/table-of-3234,3233,/table-of-3233
3237,6474,9711,12948,16185,19422,22659,25896,29133,32370,35607,38844,42081,45318,48555,51792,55029,58266,61503,64740,table-of-3237,3236,/table-of-3236,3235,/table-of-3235,3234,/table-of-3234
3238,6476,9714,12952,16190,19428,22666,25904,29142,32380,35618,38856,42094,45332,48570,51808,55046,58284,61522,64760,table-of-3238,3237,/table-of-3237,3236,/table-of-3236,3235,/table-of-3235
3239,6478,9717,12956,16195,19434,22673,25912,29151,32390,35629,38868,42107,45346,48585,51824,55063,58302,61541,64780,table-of-3239,3238,/table-of-3238,3237,/table-of-3237,3236,/table-of-3236
3240,6480,9720,12960,16200,19440,22680,25920,29160,32400,35640,38880,42120,45360,48600,51840,55080,58320,61560,64800,table-of-3240,3239,/table-of-3239,3238,/table-of-3238,3237,/table-of-3237
3241,6482,9723,12964,16205,19446,22687,25928,29169,32410,35651,38892,42133,45374,48615,51856,55097,58338,61579,64820,table-of-3241,3240,/table-of-3240,3239,/table-of-3239,3238,/table-of-3238
3242,6484,9726,12968,16210,19452,22694,25936,29178,32420,35662,38904,42146,45388,48630,51872,55114,58356,61598,64840,table-of-3242,3241,/table-of-3241,3240,/table-of-3240,3239,/table-of-3239
3243,6486,9729,12972,16215,19458,22701,25944,29187,32430,35673,38916,42159,45402,48645,51888,55131,58374,61617,64860,table-of-3243,3242,/table-of-3242,3241,/table-of-3241,3240,/table-of-3240
3244,6488,9732,12976,16220,19464,22708,25952,29196,32440,35684,38928,42172,45416,48660,51904,55148,58392,61636,64880,table-of-3244,3243,/table-of-3243,3242,/table-of-3242,3241,/table-of-3241
3245,6490,9735,12980,16225,19470,22715,25960,29205,32450,35695,38940,42185,45430,48675,51920,55165,58410,61655,64900,table-of-3245,3244,/table-of-3244,3243,/table-of-3243,3242,/table-of-3242
3246,6492,9738,12984,16230,19476,22722,25968,29214,32460,35706,38952,42198,45444,48690,51936,55182,58428,61674,64920,table-of-3246,3245,/table-of-3245,3244,/table-of-3244,3243,/table-of-3243
3247,6494,9741,12988,16235,19482,22729,25976,29223,32470,35717,38964,42211,45458,48705,51952,55199,58446,61693,64940,table-of-3247,3246,/table-of-3246,3245,/table-of-3245,3244,/table-of-3244
3248,6496,9744,12992,16240,19488,22736,25984,29232,32480,35728,38976,42224,45472,48720,51968,55216,58464,61712,64960,table-of-3248,3247,/table-of-3247,3246,/table-of-3246,3245,/table-of-3245
3249,6498,9747,12996,16245,19494,22743,25992,29241,32490,35739,38988,42237,45486,48735,51984,55233,58482,61731,64980,table-of-3249,3248,/table-of-3248,3247,/table-of-3247,3246,/table-of-3246
3250,6500,9750,13000,16250,19500,22750,26000,29250,32500,35750,39000,42250,45500,48750,52000,55250,58500,61750,65000,table-of-3250,3249,/table-of-3249,3248,/table-of-3248,3247,/table-of-3247
3251,6502,9753,13004,16255,19506,22757,26008,29259,32510,35761,39012,42263,45514,48765,52016,55267,58518,61769,65020,table-of-3251,3250,/table-of-3250,3249,/table-of-3249,3248,/table-of-3248
3252,6504,9756,13008,16260,19512,22764,26016,29268,32520,35772,39024,42276,45528,48780,52032,55284,58536,61788,65040,table-of-3252,3251,/table-of-3251,3250,/table-of-3250,3249,/table-of-3249
3253,6506,9759,13012,16265,19518,22771,26024,29277,32530,35783,39036,42289,45542,48795,52048,55301,58554,61807,65060,table-of-3253,3252,/table-of-3252,3251,/table-of-3251,3250,/table-of-3250
3254,6508,9762,13016,16270,19524,22778,26032,29286,32540,35794,39048,42302,45556,48810,52064,55318,58572,61826,65080,table-of-3254,3253,/table-of-3253,3252,/table-of-3252,3251,/table-of-3251
3255,6510,9765,13020,16275,19530,22785,26040,29295,32550,35805,39060,42315,45570,48825,52080,55335,58590,61845,65100,table-of-3255,3254,/table-of-3254,3253,/table-of-3253,3252,/table-of-3252
3256,6512,9768,13024,16280,19536,22792,26048,29304,32560,35816,39072,42328,45584,48840,52096,55352,58608,61864,65120,table-of-3256,3255,/table-of-3255,3254,/table-of-3254,3253,/table-of-3253
3257,6514,9771,13028,16285,19542,22799,26056,29313,32570,35827,39084,42341,45598,48855,52112,55369,58626,61883,65140,table-of-3257,3256,/table-of-3256,3255,/table-of-3255,3254,/table-of-3254
3258,6516,9774,13032,16290,19548,22806,26064,29322,32580,35838,39096,42354,45612,48870,52128,55386,58644,61902,65160,table-of-3258,3257,/table-of-3257,3256,/table-of-3256,3255,/table-of-3255
3259,6518,9777,13036,16295,19554,22813,26072,29331,32590,35849,39108,42367,45626,48885,52144,55403,58662,61921,65180,table-of-3259,3258,/table-of-3258,3257,/table-of-3257,3256,/table-of-3256
3260,6520,9780,13040,16300,19560,22820,26080,29340,32600,35860,39120,42380,45640,48900,52160,55420,58680,61940,65200,table-of-3260,3259,/table-of-3259,3258,/table-of-3258,3257,/table-of-3257
3261,6522,9783,13044,16305,19566,22827,26088,29349,32610,35871,39132,42393,45654,48915,52176,55437,58698,61959,65220,table-of-3261,3260,/table-of-3260,3259,/table-of-3259,3258,/table-of-3258
3262,6524,9786,13048,16310,19572,22834,26096,29358,32620,35882,39144,42406,45668,48930,52192,55454,58716,61978,65240,table-of-3262,3261,/table-of-3261,3260,/table-of-3260,3259,/table-of-3259
3263,6526,9789,13052,16315,19578,22841,26104,29367,32630,35893,39156,42419,45682,48945,52208,55471,58734,61997,65260,table-of-3263,3262,/table-of-3262,3261,/table-of-3261,3260,/table-of-3260
3264,6528,9792,13056,16320,19584,22848,26112,29376,32640,35904,39168,42432,45696,48960,52224,55488,58752,62016,65280,table-of-3264,3263,/table-of-3263,3262,/table-of-3262,3261,/table-of-3261
3265,6530,9795,13060,16325,19590,22855,26120,29385,32650,35915,39180,42445,45710,48975,52240,55505,58770,62035,65300,table-of-3265,3264,/table-of-3264,3263,/table-of-3263,3262,/table-of-3262
3266,6532,9798,13064,16330,19596,22862,26128,29394,32660,35926,39192,42458,45724,48990,52256,55522,58788,62054,65320,table-of-3266,3265,/table-of-3265,3264,/table-of-3264,3263,/table-of-3263
3267,6534,9801,13068,16335,19602,22869,26136,29403,32670,35937,39204,42471,45738,49005,52272,55539,58806,62073,65340,table-of-3267,3266,/table-of-3266,3265,/table-of-3265,3264,/table-of-3264
3268,6536,9804,13072,16340,19608,22876,26144,29412,32680,35948,39216,42484,45752,49020,52288,55556,58824,62092,65360,table-of-3268,3267,/table-of-3267,3266,/table-of-3266,3265,/table-of-3265
3269,6538,9807,13076,16345,19614,22883,26152,29421,32690,35959,39228,42497,45766,49035,52304,55573,58842,62111,65380,table-of-3269,3268,/table-of-3268,3267,/table-of-3267,3266,/table-of-3266
3270,6540,9810,13080,16350,19620,22890,26160,29430,32700,35970,39240,42510,45780,49050,52320,55590,58860,62130,65400,table-of-3270,3269,/table-of-3269,3268,/table-of-3268,3267,/table-of-3267
3271,6542,9813,13084,16355,19626,22897,26168,29439,32710,35981,39252,42523,45794,49065,52336,55607,58878,62149,65420,table-of-3271,3270,/table-of-3270,3269,/table-of-3269,3268,/table-of-3268
3272,6544,9816,13088,16360,19632,22904,26176,29448,32720,35992,39264,42536,45808,49080,52352,55624,58896,62168,65440,table-of-3272,3271,/table-of-3271,3270,/table-of-3270,3269,/table-of-3269
3273,6546,9819,13092,16365,19638,22911,26184,29457,32730,36003,39276,42549,45822,49095,52368,55641,58914,62187,65460,table-of-3273,3272,/table-of-3272,3271,/table-of-3271,3270,/table-of-3270
3274,6548,9822,13096,16370,19644,22918,26192,29466,32740,36014,39288,42562,45836,49110,52384,55658,58932,62206,65480,table-of-3274,3273,/table-of-3273,3272,/table-of-3272,3271,/table-of-3271
3275,6550,9825,13100,16375,19650,22925,26200,29475,32750,36025,39300,42575,45850,49125,52400,55675,58950,62225,65500,table-of-3275,3274,/table-of-3274,3273,/table-of-3273,3272,/table-of-3272
3276,6552,9828,13104,16380,19656,22932,26208,29484,32760,36036,39312,42588,45864,49140,52416,55692,58968,62244,65520,table-of-3276,3275,/table-of-3275,3274,/table-of-3274,3273,/table-of-3273
3277,6554,9831,13108,16385,19662,22939,26216,29493,32770,36047,39324,42601,45878,49155,52432,55709,58986,62263,65540,table-of-3277,3276,/table-of-3276,3275,/table-of-3275,3274,/table-of-3274
3278,6556,9834,13112,16390,19668,22946,26224,29502,32780,36058,39336,42614,45892,49170,52448,55726,59004,62282,65560,table-of-3278,3277,/table-of-3277,3276,/table-of-3276,3275,/table-of-3275
3279,6558,9837,13116,16395,19674,22953,26232,29511,32790,36069,39348,42627,45906,49185,52464,55743,59022,62301,65580,table-of-3279,3278,/table-of-3278,3277,/table-of-3277,3276,/table-of-3276
3280,6560,9840,13120,16400,19680,22960,26240,29520,32800,36080,39360,42640,45920,49200,52480,55760,59040,62320,65600,table-of-3280,3279,/table-of-3279,3278,/table-of-3278,3277,/table-of-3277
3281,6562,9843,13124,16405,19686,22967,26248,29529,32810,36091,39372,42653,45934,49215,52496,55777,59058,62339,65620,table-of-3281,3280,/table-of-3280,3279,/table-of-3279,3278,/table-of-3278
3282,6564,9846,13128,16410,19692,22974,26256,29538,32820,36102,39384,42666,45948,49230,52512,55794,59076,62358,65640,table-of-3282,3281,/table-of-3281,3280,/table-of-3280,3279,/table-of-3279
3283,6566,9849,13132,16415,19698,22981,26264,29547,32830,36113,39396,42679,45962,49245,52528,55811,59094,62377,65660,table-of-3283,3282,/table-of-3282,3281,/table-of-3281,3280,/table-of-3280
3284,6568,9852,13136,16420,19704,22988,26272,29556,32840,36124,39408,42692,45976,49260,52544,55828,59112,62396,65680,table-of-3284,3283,/table-of-3283,3282,/table-of-3282,3281,/table-of-3281
3285,6570,9855,13140,16425,19710,22995,26280,29565,32850,36135,39420,42705,45990,49275,52560,55845,59130,62415,65700,table-of-3285,3284,/table-of-3284,3283,/table-of-3283,3282,/table-of-3282
3286,6572,9858,13144,16430,19716,23002,26288,29574,32860,36146,39432,42718,46004,49290,52576,55862,59148,62434,65720,table-of-3286,3285,/table-of-3285,3284,/table-of-3284,3283,/table-of-3283
3287,6574,9861,13148,16435,19722,23009,26296,29583,32870,36157,39444,42731,46018,49305,52592,55879,59166,62453,65740,table-of-3287,3286,/table-of-3286,3285,/table-of-3285,3284,/table-of-3284
3288,6576,9864,13152,16440,19728,23016,26304,29592,32880,36168,39456,42744,46032,49320,52608,55896,59184,62472,65760,table-of-3288,3287,/table-of-3287,3286,/table-of-3286,3285,/table-of-3285
3289,6578,9867,13156,16445,19734,23023,26312,29601,32890,36179,39468,42757,46046,49335,52624,55913,59202,62491,65780,table-of-3289,3288,/table-of-3288,3287,/table-of-3287,3286,/table-of-3286
3290,6580,9870,13160,16450,19740,23030,26320,29610,32900,36190,39480,42770,46060,49350,52640,55930,59220,62510,65800,table-of-3290,3289,/table-of-3289,3288,/table-of-3288,3287,/table-of-3287
3291,6582,9873,13164,16455,19746,23037,26328,29619,32910,36201,39492,42783,46074,49365,52656,55947,59238,62529,65820,table-of-3291,3290,/table-of-3290,3289,/table-of-3289,3288,/table-of-3288
3292,6584,9876,13168,16460,19752,23044,26336,29628,32920,36212,39504,42796,46088,49380,52672,55964,59256,62548,65840,table-of-3292,3291,/table-of-3291,3290,/table-of-3290,3289,/table-of-3289
3293,6586,9879,13172,16465,19758,23051,26344,29637,32930,36223,39516,42809,46102,49395,52688,55981,59274,62567,65860,table-of-3293,3292,/table-of-3292,3291,/table-of-3291,3290,/table-of-3290
3294,6588,9882,13176,16470,19764,23058,26352,29646,32940,36234,39528,42822,46116,49410,52704,55998,59292,62586,65880,table-of-3294,3293,/table-of-3293,3292,/table-of-3292,3291,/table-of-3291
3295,6590,9885,13180,16475,19770,23065,26360,29655,32950,36245,39540,42835,46130,49425,52720,56015,59310,62605,65900,table-of-3295,3294,/table-of-3294,3293,/table-of-3293,3292,/table-of-3292
3296,6592,9888,13184,16480,19776,23072,26368,29664,32960,36256,39552,42848,46144,49440,52736,56032,59328,62624,65920,table-of-3296,3295,/table-of-3295,3294,/table-of-3294,3293,/table-of-3293
3297,6594,9891,13188,16485,19782,23079,26376,29673,32970,36267,39564,42861,46158,49455,52752,56049,59346,62643,65940,table-of-3297,3296,/table-of-3296,3295,/table-of-3295,3294,/table-of-3294
3298,6596,9894,13192,16490,19788,23086,26384,29682,32980,36278,39576,42874,46172,49470,52768,56066,59364,62662,65960,table-of-3298,3297,/table-of-3297,3296,/table-of-3296,3295,/table-of-3295
3299,6598,9897,13196,16495,19794,23093,26392,29691,32990,36289,39588,42887,46186,49485,52784,56083,59382,62681,65980,table-of-3299,3298,/table-of-3298,3297,/table-of-3297,3296,/table-of-3296
3300,6600,9900,13200,16500,19800,23100,26400,29700,33000,36300,39600,42900,46200,49500,52800,56100,59400,62700,66000,table-of-3300,3299,/table-of-3299,3298,/table-of-3298,3297,/table-of-3297
3301,6602,9903,13204,16505,19806,23107,26408,29709,33010,36311,39612,42913,46214,49515,52816,56117,59418,62719,66020,table-of-3301,3300,/table-of-3300,3299,/table-of-3299,3298,/table-of-3298
3302,6604,9906,13208,16510,19812,23114,26416,29718,33020,36322,39624,42926,46228,49530,52832,56134,59436,62738,66040,table-of-3302,3301,/table-of-3301,3300,/table-of-3300,3299,/table-of-3299
3303,6606,9909,13212,16515,19818,23121,26424,29727,33030,36333,39636,42939,46242,49545,52848,56151,59454,62757,66060,table-of-3303,3302,/table-of-3302,3301,/table-of-3301,3300,/table-of-3300
3304,6608,9912,13216,16520,19824,23128,26432,29736,33040,36344,39648,42952,46256,49560,52864,56168,59472,62776,66080,table-of-3304,3303,/table-of-3303,3302,/table-of-3302,3301,/table-of-3301
3305,6610,9915,13220,16525,19830,23135,26440,29745,33050,36355,39660,42965,46270,49575,52880,56185,59490,62795,66100,table-of-3305,3304,/table-of-3304,3303,/table-of-3303,3302,/table-of-3302
3306,6612,9918,13224,16530,19836,23142,26448,29754,33060,36366,39672,42978,46284,49590,52896,56202,59508,62814,66120,table-of-3306,3305,/table-of-3305,3304,/table-of-3304,3303,/table-of-3303
3307,6614,9921,13228,16535,19842,23149,26456,29763,33070,36377,39684,42991,46298,49605,52912,56219,59526,62833,66140,table-of-3307,3306,/table-of-3306,3305,/table-of-3305,3304,/table-of-3304
3308,6616,9924,13232,16540,19848,23156,26464,29772,33080,36388,39696,43004,46312,49620,52928,56236,59544,62852,66160,table-of-3308,3307,/table-of-3307,3306,/table-of-3306,3305,/table-of-3305
3309,6618,9927,13236,16545,19854,23163,26472,29781,33090,36399,39708,43017,46326,49635,52944,56253,59562,62871,66180,table-of-3309,3308,/table-of-3308,3307,/table-of-3307,3306,/table-of-3306
3310,6620,9930,13240,16550,19860,23170,26480,29790,33100,36410,39720,43030,46340,49650,52960,56270,59580,62890,66200,table-of-3310,3309,/table-of-3309,3308,/table-of-3308,3307,/table-of-3307
3311,6622,9933,13244,16555,19866,23177,26488,29799,33110,36421,39732,43043,46354,49665,52976,56287,59598,62909,66220,table-of-3311,3310,/table-of-3310,3309,/table-of-3309,3308,/table-of-3308
3312,6624,9936,13248,16560,19872,23184,26496,29808,33120,36432,39744,43056,46368,49680,52992,56304,59616,62928,66240,table-of-3312,3311,/table-of-3311,3310,/table-of-3310,3309,/table-of-3309
3313,6626,9939,13252,16565,19878,23191,26504,29817,33130,36443,39756,43069,46382,49695,53008,56321,59634,62947,66260,table-of-3313,3312,/table-of-3312,3311,/table-of-3311,3310,/table-of-3310
3314,6628,9942,13256,16570,19884,23198,26512,29826,33140,36454,39768,43082,46396,49710,53024,56338,59652,62966,66280,table-of-3314,3313,/table-of-3313,3312,/table-of-3312,3311,/table-of-3311
3315,6630,9945,13260,16575,19890,23205,26520,29835,33150,36465,39780,43095,46410,49725,53040,56355,59670,62985,66300,table-of-3315,3314,/table-of-3314,3313,/table-of-3313,3312,/table-of-3312
3316,6632,9948,13264,16580,19896,23212,26528,29844,33160,36476,39792,43108,46424,49740,53056,56372,59688,63004,66320,table-of-3316,3315,/table-of-3315,3314,/table-of-3314,3313,/table-of-3313
3317,6634,9951,13268,16585,19902,23219,26536,29853,33170,36487,39804,43121,46438,49755,53072,56389,59706,63023,66340,table-of-3317,3316,/table-of-3316,3315,/table-of-3315,3314,/table-of-3314
3318,6636,9954,13272,16590,19908,23226,26544,29862,33180,36498,39816,43134,46452,49770,53088,56406,59724,63042,66360,table-of-3318,3317,/table-of-3317,3316,/table-of-3316,3315,/table-of-3315
3319,6638,9957,13276,16595,19914,23233,26552,29871,33190,36509,39828,43147,46466,49785,53104,56423,59742,63061,66380,table-of-3319,3318,/table-of-3318,3317,/table-of-3317,3316,/table-of-3316
3320,6640,9960,13280,16600,19920,23240,26560,29880,33200,36520,39840,43160,46480,49800,53120,56440,59760,63080,66400,table-of-3320,3319,/table-of-3319,3318,/table-of-3318,3317,/table-of-3317
3321,6642,9963,13284,16605,19926,23247,26568,29889,33210,36531,39852,43173,46494,49815,53136,56457,59778,63099,66420,table-of-3321,3320,/table-of-3320,3319,/table-of-3319,3318,/table-of-3318
3322,6644,9966,13288,16610,19932,23254,26576,29898,33220,36542,39864,43186,46508,49830,53152,56474,59796,63118,66440,table-of-3322,3321,/table-of-3321,3320,/table-of-3320,3319,/table-of-3319
3323,6646,9969,13292,16615,19938,23261,26584,29907,33230,36553,39876,43199,46522,49845,53168,56491,59814,63137,66460,table-of-3323,3322,/table-of-3322,3321,/table-of-3321,3320,/table-of-3320
3324,6648,9972,13296,16620,19944,23268,26592,29916,33240,36564,39888,43212,46536,49860,53184,56508,59832,63156,66480,table-of-3324,3323,/table-of-3323,3322,/table-of-3322,3321,/table-of-3321
3325,6650,9975,13300,16625,19950,23275,26600,29925,33250,36575,39900,43225,46550,49875,53200,56525,59850,63175,66500,table-of-3325,3324,/table-of-3324,3323,/table-of-3323,3322,/table-of-3322
3326,6652,9978,13304,16630,19956,23282,26608,29934,33260,36586,39912,43238,46564,49890,53216,56542,59868,63194,66520,table-of-3326,3325,/table-of-3325,3324,/table-of-3324,3323,/table-of-3323
3327,6654,9981,13308,16635,19962,23289,26616,29943,33270,36597,39924,43251,46578,49905,53232,56559,59886,63213,66540,table-of-3327,3326,/table-of-3326,3325,/table-of-3325,3324,/table-of-3324
3328,6656,9984,13312,16640,19968,23296,26624,29952,33280,36608,39936,43264,46592,49920,53248,56576,59904,63232,66560,table-of-3328,3327,/table-of-3327,3326,/table-of-3326,3325,/table-of-3325
3329,6658,9987,13316,16645,19974,23303,26632,29961,33290,36619,39948,43277,46606,49935,53264,56593,59922,63251,66580,table-of-3329,3328,/table-of-3328,3327,/table-of-3327,3326,/table-of-3326
3330,6660,9990,13320,16650,19980,23310,26640,29970,33300,36630,39960,43290,46620,49950,53280,56610,59940,63270,66600,table-of-3330,3329,/table-of-3329,3328,/table-of-3328,3327,/table-of-3327
3331,6662,9993,13324,16655,19986,23317,26648,29979,33310,36641,39972,43303,46634,49965,53296,56627,59958,63289,66620,table-of-3331,3330,/table-of-3330,3329,/table-of-3329,3328,/table-of-3328
3332,6664,9996,13328,16660,19992,23324,26656,29988,33320,36652,39984,43316,46648,49980,53312,56644,59976,63308,66640,table-of-3332,3331,/table-of-3331,3330,/table-of-3330,3329,/table-of-3329
3333,6666,9999,13332,16665,19998,23331,26664,29997,33330,36663,39996,43329,46662,49995,53328,56661,59994,63327,66660,table-of-3333,3332,/table-of-3332,3331,/table-of-3331,3330,/table-of-3330
3334,6668,10002,13336,16670,20004,23338,26672,30006,33340,36674,40008,43342,46676,50010,53344,56678,60012,63346,66680,table-of-3334,3333,/table-of-3333,3332,/table-of-3332,3331,/table-of-3331
3335,6670,10005,13340,16675,20010,23345,26680,30015,33350,36685,40020,43355,46690,50025,53360,56695,60030,63365,66700,table-of-3335,3334,/table-of-3334,3333,/table-of-3333,3332,/table-of-3332
3336,6672,10008,13344,16680,20016,23352,26688,30024,33360,36696,40032,43368,46704,50040,53376,56712,60048,63384,66720,table-of-3336,3335,/table-of-3335,3334,/table-of-3334,3333,/table-of-3333
3337,6674,10011,13348,16685,20022,23359,26696,30033,33370,36707,40044,43381,46718,50055,53392,56729,60066,63403,66740,table-of-3337,3336,/table-of-3336,3335,/table-of-3335,3334,/table-of-3334
3338,6676,10014,13352,16690,20028,23366,26704,30042,33380,36718,40056,43394,46732,50070,53408,56746,60084,63422,66760,table-of-3338,3337,/table-of-3337,3336,/table-of-3336,3335,/table-of-3335
3339,6678,10017,13356,16695,20034,23373,26712,30051,33390,36729,40068,43407,46746,50085,53424,56763,60102,63441,66780,table-of-3339,3338,/table-of-3338,3337,/table-of-3337,3336,/table-of-3336
3340,6680,10020,13360,16700,20040,23380,26720,30060,33400,36740,40080,43420,46760,50100,53440,56780,60120,63460,66800,table-of-3340,3339,/table-of-3339,3338,/table-of-3338,3337,/table-of-3337
3341,6682,10023,13364,16705,20046,23387,26728,30069,33410,36751,40092,43433,46774,50115,53456,56797,60138,63479,66820,table-of-3341,3340,/table-of-3340,3339,/table-of-3339,3338,/table-of-3338
3342,6684,10026,13368,16710,20052,23394,26736,30078,33420,36762,40104,43446,46788,50130,53472,56814,60156,63498,66840,table-of-3342,3341,/table-of-3341,3340,/table-of-3340,3339,/table-of-3339
3343,6686,10029,13372,16715,20058,23401,26744,30087,33430,36773,40116,43459,46802,50145,53488,56831,60174,63517,66860,table-of-3343,3342,/table-of-3342,3341,/table-of-3341,3340,/table-of-3340
3344,6688,10032,13376,16720,20064,23408,26752,30096,33440,36784,40128,43472,46816,50160,53504,56848,60192,63536,66880,table-of-3344,3343,/table-of-3343,3342,/table-of-3342,3341,/table-of-3341
3345,6690,10035,13380,16725,20070,23415,26760,30105,33450,36795,40140,43485,46830,50175,53520,56865,60210,63555,66900,table-of-3345,3344,/table-of-3344,3343,/table-of-3343,3342,/table-of-3342
3346,6692,10038,13384,16730,20076,23422,26768,30114,33460,36806,40152,43498,46844,50190,53536,56882,60228,63574,66920,table-of-3346,3345,/table-of-3345,3344,/table-of-3344,3343,/table-of-3343
3347,6694,10041,13388,16735,20082,23429,26776,30123,33470,36817,40164,43511,46858,50205,53552,56899,60246,63593,66940,table-of-3347,3346,/table-of-3346,3345,/table-of-3345,3344,/table-of-3344
3348,6696,10044,13392,16740,20088,23436,26784,30132,33480,36828,40176,43524,46872,50220,53568,56916,60264,63612,66960,table-of-3348,3347,/table-of-3347,3346,/table-of-3346,3345,/table-of-3345
3349,6698,10047,13396,16745,20094,23443,26792,30141,33490,36839,40188,43537,46886,50235,53584,56933,60282,63631,66980,table-of-3349,3348,/table-of-3348,3347,/table-of-3347,3346,/table-of-3346
3350,6700,10050,13400,16750,20100,23450,26800,30150,33500,36850,40200,43550,46900,50250,53600,56950,60300,63650,67000,table-of-3350,3349,/table-of-3349,3348,/table-of-3348,3347,/table-of-3347
3351,6702,10053,13404,16755,20106,23457,26808,30159,33510,36861,40212,43563,46914,50265,53616,56967,60318,63669,67020,table-of-3351,3350,/table-of-3350,3349,/table-of-3349,3348,/table-of-3348
3352,6704,10056,13408,16760,20112,23464,26816,30168,33520,36872,40224,43576,46928,50280,53632,56984,60336,63688,67040,table-of-3352,3351,/table-of-3351,3350,/table-of-3350,3349,/table-of-3349
3353,6706,10059,13412,16765,20118,23471,26824,30177,33530,36883,40236,43589,46942,50295,53648,57001,60354,63707,67060,table-of-3353,3352,/table-of-3352,3351,/table-of-3351,3350,/table-of-3350
3354,6708,10062,13416,16770,20124,23478,26832,30186,33540,36894,40248,43602,46956,50310,53664,57018,60372,63726,67080,table-of-3354,3353,/table-of-3353,3352,/table-of-3352,3351,/table-of-3351
3355,6710,10065,13420,16775,20130,23485,26840,30195,33550,36905,40260,43615,46970,50325,53680,57035,60390,63745,67100,table-of-3355,3354,/table-of-3354,3353,/table-of-3353,3352,/table-of-3352
3356,6712,10068,13424,16780,20136,23492,26848,30204,33560,36916,40272,43628,46984,50340,53696,57052,60408,63764,67120,table-of-3356,3355,/table-of-3355,3354,/table-of-3354,3353,/table-of-3353
3357,6714,10071,13428,16785,20142,23499,26856,30213,33570,36927,40284,43641,46998,50355,53712,57069,60426,63783,67140,table-of-3357,3356,/table-of-3356,3355,/table-of-3355,3354,/table-of-3354
3358,6716,10074,13432,16790,20148,23506,26864,30222,33580,36938,40296,43654,47012,50370,53728,57086,60444,63802,67160,table-of-3358,3357,/table-of-3357,3356,/table-of-3356,3355,/table-of-3355
3359,6718,10077,13436,16795,20154,23513,26872,30231,33590,36949,40308,43667,47026,50385,53744,57103,60462,63821,67180,table-of-3359,3358,/table-of-3358,3357,/table-of-3357,3356,/table-of-3356
3360,6720,10080,13440,16800,20160,23520,26880,30240,33600,36960,40320,43680,47040,50400,53760,57120,60480,63840,67200,table-of-3360,3359,/table-of-3359,3358,/table-of-3358,3357,/table-of-3357
3361,6722,10083,13444,16805,20166,23527,26888,30249,33610,36971,40332,43693,47054,50415,53776,57137,60498,63859,67220,table-of-3361,3360,/table-of-3360,3359,/table-of-3359,3358,/table-of-3358
3362,6724,10086,13448,16810,20172,23534,26896,30258,33620,36982,40344,43706,47068,50430,53792,57154,60516,63878,67240,table-of-3362,3361,/table-of-3361,3360,/table-of-3360,3359,/table-of-3359
3363,6726,10089,13452,16815,20178,23541,26904,30267,33630,36993,40356,43719,47082,50445,53808,57171,60534,63897,67260,table-of-3363,3362,/table-of-3362,3361,/table-of-3361,3360,/table-of-3360
3364,6728,10092,13456,16820,20184,23548,26912,30276,33640,37004,40368,43732,47096,50460,53824,57188,60552,63916,67280,table-of-3364,3363,/table-of-3363,3362,/table-of-3362,3361,/table-of-3361
3365,6730,10095,13460,16825,20190,23555,26920,30285,33650,37015,40380,43745,47110,50475,53840,57205,60570,63935,67300,table-of-3365,3364,/table-of-3364,3363,/table-of-3363,3362,/table-of-3362
3366,6732,10098,13464,16830,20196,23562,26928,30294,33660,37026,40392,43758,47124,50490,53856,57222,60588,63954,67320,table-of-3366,3365,/table-of-3365,3364,/table-of-3364,3363,/table-of-3363
3367,6734,10101,13468,16835,20202,23569,26936,30303,33670,37037,40404,43771,47138,50505,53872,57239,60606,63973,67340,table-of-3367,3366,/table-of-3366,3365,/table-of-3365,3364,/table-of-3364
3368,6736,10104,13472,16840,20208,23576,26944,30312,33680,37048,40416,43784,47152,50520,53888,57256,60624,63992,67360,table-of-3368,3367,/table-of-3367,3366,/table-of-3366,3365,/table-of-3365
3369,6738,10107,13476,16845,20214,23583,26952,30321,33690,37059,40428,43797,47166,50535,53904,57273,60642,64011,67380,table-of-3369,3368,/table-of-3368,3367,/table-of-3367,3366,/table-of-3366
3370,6740,10110,13480,16850,20220,23590,26960,30330,33700,37070,40440,43810,47180,50550,53920,57290,60660,64030,67400,table-of-3370,3369,/table-of-3369,3368,/table-of-3368,3367,/table-of-3367
3371,6742,10113,13484,16855,20226,23597,26968,30339,33710,37081,40452,43823,47194,50565,53936,57307,60678,64049,67420,table-of-3371,3370,/table-of-3370,3369,/table-of-3369,3368,/table-of-3368
3372,6744,10116,13488,16860,20232,23604,26976,30348,33720,37092,40464,43836,47208,50580,53952,57324,60696,64068,67440,table-of-3372,3371,/table-of-3371,3370,/table-of-3370,3369,/table-of-3369
3373,6746,10119,13492,16865,20238,23611,26984,30357,33730,37103,40476,43849,47222,50595,53968,57341,60714,64087,67460,table-of-3373,3372,/table-of-3372,3371,/table-of-3371,3370,/table-of-3370
3374,6748,10122,13496,16870,20244,23618,26992,30366,33740,37114,40488,43862,47236,50610,53984,57358,60732,64106,67480,table-of-3374,3373,/table-of-3373,3372,/table-of-3372,3371,/table-of-3371
3375,6750,10125,13500,16875,20250,23625,27000,30375,33750,37125,40500,43875,47250,50625,54000,57375,60750,64125,67500,table-of-3375,3374,/table-of-3374,3373,/table-of-3373,3372,/table-of-3372
3376,6752,10128,13504,16880,20256,23632,27008,30384,33760,37136,40512,43888,47264,50640,54016,57392,60768,64144,67520,table-of-3376,3375,/table-of-3375,3374,/table-of-3374,3373,/table-of-3373
3377,6754,10131,13508,16885,20262,23639,27016,30393,33770,37147,40524,43901,47278,50655,54032,57409,60786,64163,67540,table-of-3377,3376,/table-of-3376,3375,/table-of-3375,3374,/table-of-3374
3378,6756,10134,13512,16890,20268,23646,27024,30402,33780,37158,40536,43914,47292,50670,54048,57426,60804,64182,67560,table-of-3378,3377,/table-of-3377,3376,/table-of-3376,3375,/table-of-3375
3379,6758,10137,13516,16895,20274,23653,27032,30411,33790,37169,40548,43927,47306,50685,54064,57443,60822,64201,67580,table-of-3379,3378,/table-of-3378,3377,/table-of-3377,3376,/table-of-3376
3380,6760,10140,13520,16900,20280,23660,27040,30420,33800,37180,40560,43940,47320,50700,54080,57460,60840,64220,67600,table-of-3380,3379,/table-of-3379,3378,/table-of-3378,3377,/table-of-3377
3381,6762,10143,13524,16905,20286,23667,27048,30429,33810,37191,40572,43953,47334,50715,54096,57477,60858,64239,67620,table-of-3381,3380,/table-of-3380,3379,/table-of-3379,3378,/table-of-3378
3382,6764,10146,13528,16910,20292,23674,27056,30438,33820,37202,40584,43966,47348,50730,54112,57494,60876,64258,67640,table-of-3382,3381,/table-of-3381,3380,/table-of-3380,3379,/table-of-3379
3383,6766,10149,13532,16915,20298,23681,27064,30447,33830,37213,40596,43979,47362,50745,54128,57511,60894,64277,67660,table-of-3383,3382,/table-of-3382,3381,/table-of-3381,3380,/table-of-3380
3384,6768,10152,13536,16920,20304,23688,27072,30456,33840,37224,40608,43992,47376,50760,54144,57528,60912,64296,67680,table-of-3384,3383,/table-of-3383,3382,/table-of-3382,3381,/table-of-3381
3385,6770,10155,13540,16925,20310,23695,27080,30465,33850,37235,40620,44005,47390,50775,54160,57545,60930,64315,67700,table-of-3385,3384,/table-of-3384,3383,/table-of-3383,3382,/table-of-3382
3386,6772,10158,13544,16930,20316,23702,27088,30474,33860,37246,40632,44018,47404,50790,54176,57562,60948,64334,67720,table-of-3386,3385,/table-of-3385,3384,/table-of-3384,3383,/table-of-3383
3387,6774,10161,13548,16935,20322,23709,27096,30483,33870,37257,40644,44031,47418,50805,54192,57579,60966,64353,67740,table-of-3387,3386,/table-of-3386,3385,/table-of-3385,3384,/table-of-3384
3388,6776,10164,13552,16940,20328,23716,27104,30492,33880,37268,40656,44044,47432,50820,54208,57596,60984,64372,67760,table-of-3388,3387,/table-of-3387,3386,/table-of-3386,3385,/table-of-3385
3389,6778,10167,13556,16945,20334,23723,27112,30501,33890,37279,40668,44057,47446,50835,54224,57613,61002,64391,67780,table-of-3389,3388,/table-of-3388,3387,/table-of-3387,3386,/table-of-3386
3390,6780,10170,13560,16950,20340,23730,27120,30510,33900,37290,40680,44070,47460,50850,54240,57630,61020,64410,67800,table-of-3390,3389,/table-of-3389,3388,/table-of-3388,3387,/table-of-3387
3391,6782,10173,13564,16955,20346,23737,27128,30519,33910,37301,40692,44083,47474,50865,54256,57647,61038,64429,67820,table-of-3391,3390,/table-of-3390,3389,/table-of-3389,3388,/table-of-3388
3392,6784,10176,13568,16960,20352,23744,27136,30528,33920,37312,40704,44096,47488,50880,54272,57664,61056,64448,67840,table-of-3392,3391,/table-of-3391,3390,/table-of-3390,3389,/table-of-3389
3393,6786,10179,13572,16965,20358,23751,27144,30537,33930,37323,40716,44109,47502,50895,54288,57681,61074,64467,67860,table-of-3393,3392,/table-of-3392,3391,/table-of-3391,3390,/table-of-3390
3394,6788,10182,13576,16970,20364,23758,27152,30546,33940,37334,40728,44122,47516,50910,54304,57698,61092,64486,67880,table-of-3394,3393,/table-of-3393,3392,/table-of-3392,3391,/table-of-3391
3395,6790,10185,13580,16975,20370,23765,27160,30555,33950,37345,40740,44135,47530,50925,54320,57715,61110,64505,67900,table-of-3395,3394,/table-of-3394,3393,/table-of-3393,3392,/table-of-3392
3396,6792,10188,13584,16980,20376,23772,27168,30564,33960,37356,40752,44148,47544,50940,54336,57732,61128,64524,67920,table-of-3396,3395,/table-of-3395,3394,/table-of-3394,3393,/table-of-3393
3397,6794,10191,13588,16985,20382,23779,27176,30573,33970,37367,40764,44161,47558,50955,54352,57749,61146,64543,67940,table-of-3397,3396,/table-of-3396,3395,/table-of-3395,3394,/table-of-3394
3398,6796,10194,13592,16990,20388,23786,27184,30582,33980,37378,40776,44174,47572,50970,54368,57766,61164,64562,67960,table-of-3398,3397,/table-of-3397,3396,/table-of-3396,3395,/table-of-3395
3399,6798,10197,13596,16995,20394,23793,27192,30591,33990,37389,40788,44187,47586,50985,54384,57783,61182,64581,67980,table-of-3399,3398,/table-of-3398,3397,/table-of-3397,3396,/table-of-3396
3400,6800,10200,13600,17000,20400,23800,27200,30600,34000,37400,40800,44200,47600,51000,54400,57800,61200,64600,68000,table-of-3400,3399,/table-of-3399,3398,/table-of-3398,3397,/table-of-3397
3401,6802,10203,13604,17005,20406,23807,27208,30609,34010,37411,40812,44213,47614,51015,54416,57817,61218,64619,68020,table-of-3401,3400,/table-of-3400,3399,/table-of-3399,3398,/table-of-3398
3402,6804,10206,13608,17010,20412,23814,27216,30618,34020,37422,40824,44226,47628,51030,54432,57834,61236,64638,68040,table-of-3402,3401,/table-of-3401,3400,/table-of-3400,3399,/table-of-3399
3403,6806,10209,13612,17015,20418,23821,27224,30627,34030,37433,40836,44239,47642,51045,54448,57851,61254,64657,68060,table-of-3403,3402,/table-of-3402,3401,/table-of-3401,3400,/table-of-3400
3404,6808,10212,13616,17020,20424,23828,27232,30636,34040,37444,40848,44252,47656,51060,54464,57868,61272,64676,68080,table-of-3404,3403,/table-of-3403,3402,/table-of-3402,3401,/table-of-3401
3405,6810,10215,13620,17025,20430,23835,27240,30645,34050,37455,40860,44265,47670,51075,54480,57885,61290,64695,68100,table-of-3405,3404,/table-of-3404,3403,/table-of-3403,3402,/table-of-3402
3406,6812,10218,13624,17030,20436,23842,27248,30654,34060,37466,40872,44278,47684,51090,54496,57902,61308,64714,68120,table-of-3406,3405,/table-of-3405,3404,/table-of-3404,3403,/table-of-3403
3407,6814,10221,13628,17035,20442,23849,27256,30663,34070,37477,40884,44291,47698,51105,54512,57919,61326,64733,68140,table-of-3407,3406,/table-of-3406,3405,/table-of-3405,3404,/table-of-3404
3408,6816,10224,13632,17040,20448,23856,27264,30672,34080,37488,40896,44304,47712,51120,54528,57936,61344,64752,68160,table-of-3408,3407,/table-of-3407,3406,/table-of-3406,3405,/table-of-3405
3409,6818,10227,13636,17045,20454,23863,27272,30681,34090,37499,40908,44317,47726,51135,54544,57953,61362,64771,68180,table-of-3409,3408,/table-of-3408,3407,/table-of-3407,3406,/table-of-3406
3410,6820,10230,13640,17050,20460,23870,27280,30690,34100,37510,40920,44330,47740,51150,54560,57970,61380,64790,68200,table-of-3410,3409,/table-of-3409,3408,/table-of-3408,3407,/table-of-3407
3411,6822,10233,13644,17055,20466,23877,27288,30699,34110,37521,40932,44343,47754,51165,54576,57987,61398,64809,68220,table-of-3411,3410,/table-of-3410,3409,/table-of-3409,3408,/table-of-3408
3412,6824,10236,13648,17060,20472,23884,27296,30708,34120,37532,40944,44356,47768,51180,54592,58004,61416,64828,68240,table-of-3412,3411,/table-of-3411,3410,/table-of-3410,3409,/table-of-3409
3413,6826,10239,13652,17065,20478,23891,27304,30717,34130,37543,40956,44369,47782,51195,54608,58021,61434,64847,68260,table-of-3413,3412,/table-of-3412,3411,/table-of-3411,3410,/table-of-3410
3414,6828,10242,13656,17070,20484,23898,27312,30726,34140,37554,40968,44382,47796,51210,54624,58038,61452,64866,68280,table-of-3414,3413,/table-of-3413,3412,/table-of-3412,3411,/table-of-3411
3415,6830,10245,13660,17075,20490,23905,27320,30735,34150,37565,40980,44395,47810,51225,54640,58055,61470,64885,68300,table-of-3415,3414,/table-of-3414,3413,/table-of-3413,3412,/table-of-3412
3416,6832,10248,13664,17080,20496,23912,27328,30744,34160,37576,40992,44408,47824,51240,54656,58072,61488,64904,68320,table-of-3416,3415,/table-of-3415,3414,/table-of-3414,3413,/table-of-3413
3417,6834,10251,13668,17085,20502,23919,27336,30753,34170,37587,41004,44421,47838,51255,54672,58089,61506,64923,68340,table-of-3417,3416,/table-of-3416,3415,/table-of-3415,3414,/table-of-3414
3418,6836,10254,13672,17090,20508,23926,27344,30762,34180,37598,41016,44434,47852,51270,54688,58106,61524,64942,68360,table-of-3418,3417,/table-of-3417,3416,/table-of-3416,3415,/table-of-3415
3419,6838,10257,13676,17095,20514,23933,27352,30771,34190,37609,41028,44447,47866,51285,54704,58123,61542,64961,68380,table-of-3419,3418,/table-of-3418,3417,/table-of-3417,3416,/table-of-3416
3420,6840,10260,13680,17100,20520,23940,27360,30780,34200,37620,41040,44460,47880,51300,54720,58140,61560,64980,68400,table-of-3420,3419,/table-of-3419,3418,/table-of-3418,3417,/table-of-3417
3421,6842,10263,13684,17105,20526,23947,27368,30789,34210,37631,41052,44473,47894,51315,54736,58157,61578,64999,68420,table-of-3421,3420,/table-of-3420,3419,/table-of-3419,3418,/table-of-3418
3422,6844,10266,13688,17110,20532,23954,27376,30798,34220,37642,41064,44486,47908,51330,54752,58174,61596,65018,68440,table-of-3422,3421,/table-of-3421,3420,/table-of-3420,3419,/table-of-3419
3423,6846,10269,13692,17115,20538,23961,27384,30807,34230,37653,41076,44499,47922,51345,54768,58191,61614,65037,68460,table-of-3423,3422,/table-of-3422,3421,/table-of-3421,3420,/table-of-3420
3424,6848,10272,13696,17120,20544,23968,27392,30816,34240,37664,41088,44512,47936,51360,54784,58208,61632,65056,68480,table-of-3424,3423,/table-of-3423,3422,/table-of-3422,3421,/table-of-3421
3425,6850,10275,13700,17125,20550,23975,27400,30825,34250,37675,41100,44525,47950,51375,54800,58225,61650,65075,68500,table-of-3425,3424,/table-of-3424,3423,/table-of-3423,3422,/table-of-3422
3426,6852,10278,13704,17130,20556,23982,27408,30834,34260,37686,41112,44538,47964,51390,54816,58242,61668,65094,68520,table-of-3426,3425,/table-of-3425,3424,/table-of-3424,3423,/table-of-3423
3427,6854,10281,13708,17135,20562,23989,27416,30843,34270,37697,41124,44551,47978,51405,54832,58259,61686,65113,68540,table-of-3427,3426,/table-of-3426,3425,/table-of-3425,3424,/table-of-3424
3428,6856,10284,13712,17140,20568,23996,27424,30852,34280,37708,41136,44564,47992,51420,54848,58276,61704,65132,68560,table-of-3428,3427,/table-of-3427,3426,/table-of-3426,3425,/table-of-3425
3429,6858,10287,13716,17145,20574,24003,27432,30861,34290,37719,41148,44577,48006,51435,54864,58293,61722,65151,68580,table-of-3429,3428,/table-of-3428,3427,/table-of-3427,3426,/table-of-3426
3430,6860,10290,13720,17150,20580,24010,27440,30870,34300,37730,41160,44590,48020,51450,54880,58310,61740,65170,68600,table-of-3430,3429,/table-of-3429,3428,/table-of-3428,3427,/table-of-3427
3431,6862,10293,13724,17155,20586,24017,27448,30879,34310,37741,41172,44603,48034,51465,54896,58327,61758,65189,68620,table-of-3431,3430,/table-of-3430,3429,/table-of-3429,3428,/table-of-3428
3432,6864,10296,13728,17160,20592,24024,27456,30888,34320,37752,41184,44616,48048,51480,54912,58344,61776,65208,68640,table-of-3432,3431,/table-of-3431,3430,/table-of-3430,3429,/table-of-3429
3433,6866,10299,13732,17165,20598,24031,27464,30897,34330,37763,41196,44629,48062,51495,54928,58361,61794,65227,68660,table-of-3433,3432,/table-of-3432,3431,/table-of-3431,3430,/table-of-3430
3434,6868,10302,13736,17170,20604,24038,27472,30906,34340,37774,41208,44642,48076,51510,54944,58378,61812,65246,68680,table-of-3434,3433,/table-of-3433,3432,/table-of-3432,3431,/table-of-3431
3435,6870,10305,13740,17175,20610,24045,27480,30915,34350,37785,41220,44655,48090,51525,54960,58395,61830,65265,68700,table-of-3435,3434,/table-of-3434,3433,/table-of-3433,3432,/table-of-3432
3436,6872,10308,13744,17180,20616,24052,27488,30924,34360,37796,41232,44668,48104,51540,54976,58412,61848,65284,68720,table-of-3436,3435,/table-of-3435,3434,/table-of-3434,3433,/table-of-3433
3437,6874,10311,13748,17185,20622,24059,27496,30933,34370,37807,41244,44681,48118,51555,54992,58429,61866,65303,68740,table-of-3437,3436,/table-of-3436,3435,/table-of-3435,3434,/table-of-3434
3438,6876,10314,13752,17190,20628,24066,27504,30942,34380,37818,41256,44694,48132,51570,55008,58446,61884,65322,68760,table-of-3438,3437,/table-of-3437,3436,/table-of-3436,3435,/table-of-3435
3439,6878,10317,13756,17195,20634,24073,27512,30951,34390,37829,41268,44707,48146,51585,55024,58463,61902,65341,68780,table-of-3439,3438,/table-of-3438,3437,/table-of-3437,3436,/table-of-3436
3440,6880,10320,13760,17200,20640,24080,27520,30960,34400,37840,41280,44720,48160,51600,55040,58480,61920,65360,68800,table-of-3440,3439,/table-of-3439,3438,/table-of-3438,3437,/table-of-3437
3441,6882,10323,13764,17205,20646,24087,27528,30969,34410,37851,41292,44733,48174,51615,55056,58497,61938,65379,68820,table-of-3441,3440,/table-of-3440,3439,/table-of-3439,3438,/table-of-3438
3442,6884,10326,13768,17210,20652,24094,27536,30978,34420,37862,41304,44746,48188,51630,55072,58514,61956,65398,68840,table-of-3442,3441,/table-of-3441,3440,/table-of-3440,3439,/table-of-3439
3443,6886,10329,13772,17215,20658,24101,27544,30987,34430,37873,41316,44759,48202,51645,55088,58531,61974,65417,68860,table-of-3443,3442,/table-of-3442,3441,/table-of-3441,3440,/table-of-3440
3444,6888,10332,13776,17220,20664,24108,27552,30996,34440,37884,41328,44772,48216,51660,55104,58548,61992,65436,68880,table-of-3444,3443,/table-of-3443,3442,/table-of-3442,3441,/table-of-3441
3445,6890,10335,13780,17225,20670,24115,27560,31005,34450,37895,41340,44785,48230,51675,55120,58565,62010,65455,68900,table-of-3445,3444,/table-of-3444,3443,/table-of-3443,3442,/table-of-3442
3446,6892,10338,13784,17230,20676,24122,27568,31014,34460,37906,41352,44798,48244,51690,55136,58582,62028,65474,68920,table-of-3446,3445,/table-of-3445,3444,/table-of-3444,3443,/table-of-3443
3447,6894,10341,13788,17235,20682,24129,27576,31023,34470,37917,41364,44811,48258,51705,55152,58599,62046,65493,68940,table-of-3447,3446,/table-of-3446,3445,/table-of-3445,3444,/table-of-3444
3448,6896,10344,13792,17240,20688,24136,27584,31032,34480,37928,41376,44824,48272,51720,55168,58616,62064,65512,68960,table-of-3448,3447,/table-of-3447,3446,/table-of-3446,3445,/table-of-3445
3449,6898,10347,13796,17245,20694,24143,27592,31041,34490,37939,41388,44837,48286,51735,55184,58633,62082,65531,68980,table-of-3449,3448,/table-of-3448,3447,/table-of-3447,3446,/table-of-3446
3450,6900,10350,13800,17250,20700,24150,27600,31050,34500,37950,41400,44850,48300,51750,55200,58650,62100,65550,69000,table-of-3450,3449,/table-of-3449,3448,/table-of-3448,3447,/table-of-3447
3451,6902,10353,13804,17255,20706,24157,27608,31059,34510,37961,41412,44863,48314,51765,55216,58667,62118,65569,69020,table-of-3451,3450,/table-of-3450,3449,/table-of-3449,3448,/table-of-3448
3452,6904,10356,13808,17260,20712,24164,27616,31068,34520,37972,41424,44876,48328,51780,55232,58684,62136,65588,69040,table-of-3452,3451,/table-of-3451,3450,/table-of-3450,3449,/table-of-3449
3453,6906,10359,13812,17265,20718,24171,27624,31077,34530,37983,41436,44889,48342,51795,55248,58701,62154,65607,69060,table-of-3453,3452,/table-of-3452,3451,/table-of-3451,3450,/table-of-3450
3454,6908,10362,13816,17270,20724,24178,27632,31086,34540,37994,41448,44902,48356,51810,55264,58718,62172,65626,69080,table-of-3454,3453,/table-of-3453,3452,/table-of-3452,3451,/table-of-3451
3455,6910,10365,13820,17275,20730,24185,27640,31095,34550,38005,41460,44915,48370,51825,55280,58735,62190,65645,69100,table-of-3455,3454,/table-of-3454,3453,/table-of-3453,3452,/table-of-3452
3456,6912,10368,13824,17280,20736,24192,27648,31104,34560,38016,41472,44928,48384,51840,55296,58752,62208,65664,69120,table-of-3456,3455,/table-of-3455,3454,/table-of-3454,3453,/table-of-3453
3457,6914,10371,13828,17285,20742,24199,27656,31113,34570,38027,41484,44941,48398,51855,55312,58769,62226,65683,69140,table-of-3457,3456,/table-of-3456,3455,/table-of-3455,3454,/table-of-3454
3458,6916,10374,13832,17290,20748,24206,27664,31122,34580,38038,41496,44954,48412,51870,55328,58786,62244,65702,69160,table-of-3458,3457,/table-of-3457,3456,/table-of-3456,3455,/table-of-3455
3459,6918,10377,13836,17295,20754,24213,27672,31131,34590,38049,41508,44967,48426,51885,55344,58803,62262,65721,69180,table-of-3459,3458,/table-of-3458,3457,/table-of-3457,3456,/table-of-3456
3460,6920,10380,13840,17300,20760,24220,27680,31140,34600,38060,41520,44980,48440,51900,55360,58820,62280,65740,69200,table-of-3460,3459,/table-of-3459,3458,/table-of-3458,3457,/table-of-3457
3461,6922,10383,13844,17305,20766,24227,27688,31149,34610,38071,41532,44993,48454,51915,55376,58837,62298,65759,69220,table-of-3461,3460,/table-of-3460,3459,/table-of-3459,3458,/table-of-3458
3462,6924,10386,13848,17310,20772,24234,27696,31158,34620,38082,41544,45006,48468,51930,55392,58854,62316,65778,69240,table-of-3462,3461,/table-of-3461,3460,/table-of-3460,3459,/table-of-3459
3463,6926,10389,13852,17315,20778,24241,27704,31167,34630,38093,41556,45019,48482,51945,55408,58871,62334,65797,69260,table-of-3463,3462,/table-of-3462,3461,/table-of-3461,3460,/table-of-3460
3464,6928,10392,13856,17320,20784,24248,27712,31176,34640,38104,41568,45032,48496,51960,55424,58888,62352,65816,69280,table-of-3464,3463,/table-of-3463,3462,/table-of-3462,3461,/table-of-3461
3465,6930,10395,13860,17325,20790,24255,27720,31185,34650,38115,41580,45045,48510,51975,55440,58905,62370,65835,69300,table-of-3465,3464,/table-of-3464,3463,/table-of-3463,3462,/table-of-3462
3466,6932,10398,13864,17330,20796,24262,27728,31194,34660,38126,41592,45058,48524,51990,55456,58922,62388,65854,69320,table-of-3466,3465,/table-of-3465,3464,/table-of-3464,3463,/table-of-3463
3467,6934,10401,13868,17335,20802,24269,27736,31203,34670,38137,41604,45071,48538,52005,55472,58939,62406,65873,69340,table-of-3467,3466,/table-of-3466,3465,/table-of-3465,3464,/table-of-3464
3468,6936,10404,13872,17340,20808,24276,27744,31212,34680,38148,41616,45084,48552,52020,55488,58956,62424,65892,69360,table-of-3468,3467,/table-of-3467,3466,/table-of-3466,3465,/table-of-3465
3469,6938,10407,13876,17345,20814,24283,27752,31221,34690,38159,41628,45097,48566,52035,55504,58973,62442,65911,69380,table-of-3469,3468,/table-of-3468,3467,/table-of-3467,3466,/table-of-3466
3470,6940,10410,13880,17350,20820,24290,27760,31230,34700,38170,41640,45110,48580,52050,55520,58990,62460,65930,69400,table-of-3470,3469,/table-of-3469,3468,/table-of-3468,3467,/table-of-3467
3471,6942,10413,13884,17355,20826,24297,27768,31239,34710,38181,41652,45123,48594,52065,55536,59007,62478,65949,69420,table-of-3471,3470,/table-of-3470,3469,/table-of-3469,3468,/table-of-3468
3472,6944,10416,13888,17360,20832,24304,27776,31248,34720,38192,41664,45136,48608,52080,55552,59024,62496,65968,69440,table-of-3472,3471,/table-of-3471,3470,/table-of-3470,3469,/table-of-3469
3473,6946,10419,13892,17365,20838,24311,27784,31257,34730,38203,41676,45149,48622,52095,55568,59041,62514,65987,69460,table-of-3473,3472,/table-of-3472,3471,/table-of-3471,3470,/table-of-3470
3474,6948,10422,13896,17370,20844,24318,27792,31266,34740,38214,41688,45162,48636,52110,55584,59058,62532,66006,69480,table-of-3474,3473,/table-of-3473,3472,/table-of-3472,3471,/table-of-3471
3475,6950,10425,13900,17375,20850,24325,27800,31275,34750,38225,41700,45175,48650,52125,55600,59075,62550,66025,69500,table-of-3475,3474,/table-of-3474,3473,/table-of-3473,3472,/table-of-3472
3476,6952,10428,13904,17380,20856,24332,27808,31284,34760,38236,41712,45188,48664,52140,55616,59092,62568,66044,69520,table-of-3476,3475,/table-of-3475,3474,/table-of-3474,3473,/table-of-3473
3477,6954,10431,13908,17385,20862,24339,27816,31293,34770,38247,41724,45201,48678,52155,55632,59109,62586,66063,69540,table-of-3477,3476,/table-of-3476,3475,/table-of-3475,3474,/table-of-3474
3478,6956,10434,13912,17390,20868,24346,27824,31302,34780,38258,41736,45214,48692,52170,55648,59126,62604,66082,69560,table-of-3478,3477,/table-of-3477,3476,/table-of-3476,3475,/table-of-3475
3479,6958,10437,13916,17395,20874,24353,27832,31311,34790,38269,41748,45227,48706,52185,55664,59143,62622,66101,69580,table-of-3479,3478,/table-of-3478,3477,/table-of-3477,3476,/table-of-3476
3480,6960,10440,13920,17400,20880,24360,27840,31320,34800,38280,41760,45240,48720,52200,55680,59160,62640,66120,69600,table-of-3480,3479,/table-of-3479,3478,/table-of-3478,3477,/table-of-3477
3481,6962,10443,13924,17405,20886,24367,27848,31329,34810,38291,41772,45253,48734,52215,55696,59177,62658,66139,69620,table-of-3481,3480,/table-of-3480,3479,/table-of-3479,3478,/table-of-3478
3482,6964,10446,13928,17410,20892,24374,27856,31338,34820,38302,41784,45266,48748,52230,55712,59194,62676,66158,69640,table-of-3482,3481,/table-of-3481,3480,/table-of-3480,3479,/table-of-3479
3483,6966,10449,13932,17415,20898,24381,27864,31347,34830,38313,41796,45279,48762,52245,55728,59211,62694,66177,69660,table-of-3483,3482,/table-of-3482,3481,/table-of-3481,3480,/table-of-3480
3484,6968,10452,13936,17420,20904,24388,27872,31356,34840,38324,41808,45292,48776,52260,55744,59228,62712,66196,69680,table-of-3484,3483,/table-of-3483,3482,/table-of-3482,3481,/table-of-3481
3485,6970,10455,13940,17425,20910,24395,27880,31365,34850,38335,41820,45305,48790,52275,55760,59245,62730,66215,69700,table-of-3485,3484,/table-of-3484,3483,/table-of-3483,3482,/table-of-3482
3486,6972,10458,13944,17430,20916,24402,27888,31374,34860,38346,41832,45318,48804,52290,55776,59262,62748,66234,69720,table-of-3486,3485,/table-of-3485,3484,/table-of-3484,3483,/table-of-3483
3487,6974,10461,13948,17435,20922,24409,27896,31383,34870,38357,41844,45331,48818,52305,55792,59279,62766,66253,69740,table-of-3487,3486,/table-of-3486,3485,/table-of-3485,3484,/table-of-3484
3488,6976,10464,13952,17440,20928,24416,27904,31392,34880,38368,41856,45344,48832,52320,55808,59296,62784,66272,69760,table-of-3488,3487,/table-of-3487,3486,/table-of-3486,3485,/table-of-3485
3489,6978,10467,13956,17445,20934,24423,27912,31401,34890,38379,41868,45357,48846,52335,55824,59313,62802,66291,69780,table-of-3489,3488,/table-of-3488,3487,/table-of-3487,3486,/table-of-3486
3490,6980,10470,13960,17450,20940,24430,27920,31410,34900,38390,41880,45370,48860,52350,55840,59330,62820,66310,69800,table-of-3490,3489,/table-of-3489,3488,/table-of-3488,3487,/table-of-3487
3491,6982,10473,13964,17455,20946,24437,27928,31419,34910,38401,41892,45383,48874,52365,55856,59347,62838,66329,69820,table-of-3491,3490,/table-of-3490,3489,/table-of-3489,3488,/table-of-3488
3492,6984,10476,13968,17460,20952,24444,27936,31428,34920,38412,41904,45396,48888,52380,55872,59364,62856,66348,69840,table-of-3492,3491,/table-of-3491,3490,/table-of-3490,3489,/table-of-3489
3493,6986,10479,13972,17465,20958,24451,27944,31437,34930,38423,41916,45409,48902,52395,55888,59381,62874,66367,69860,table-of-3493,3492,/table-of-3492,3491,/table-of-3491,3490,/table-of-3490
3494,6988,10482,13976,17470,20964,24458,27952,31446,34940,38434,41928,45422,48916,52410,55904,59398,62892,66386,69880,table-of-3494,3493,/table-of-3493,3492,/table-of-3492,3491,/table-of-3491
3495,6990,10485,13980,17475,20970,24465,27960,31455,34950,38445,41940,45435,48930,52425,55920,59415,62910,66405,69900,table-of-3495,3494,/table-of-3494,3493,/table-of-3493,3492,/table-of-3492
3496,6992,10488,13984,17480,20976,24472,27968,31464,34960,38456,41952,45448,48944,52440,55936,59432,62928,66424,69920,table-of-3496,3495,/table-of-3495,3494,/table-of-3494,3493,/table-of-3493
3497,6994,10491,13988,17485,20982,24479,27976,31473,34970,38467,41964,45461,48958,52455,55952,59449,62946,66443,69940,table-of-3497,3496,/table-of-3496,3495,/table-of-3495,3494,/table-of-3494
3498,6996,10494,13992,17490,20988,24486,27984,31482,34980,38478,41976,45474,48972,52470,55968,59466,62964,66462,69960,table-of-3498,3497,/table-of-3497,3496,/table-of-3496,3495,/table-of-3495
3499,6998,10497,13996,17495,20994,24493,27992,31491,34990,38489,41988,45487,48986,52485,55984,59483,62982,66481,69980,table-of-3499,3498,/table-of-3498,3497,/table-of-3497,3496,/table-of-3496
3500,7000,10500,14000,17500,21000,24500,28000,31500,35000,38500,42000,45500,49000,52500,56000,59500,63000,66500,70000,table-of-3500,3499,/table-of-3499,3498,/table-of-3498,3497,/table-of-3497
3501,7002,10503,14004,17505,21006,24507,28008,31509,35010,38511,42012,45513,49014,52515,56016,59517,63018,66519,70020,table-of-3501,3500,/table-of-3500,3499,/table-of-3499,3498,/table-of-3498
3502,7004,10506,14008,17510,21012,24514,28016,31518,35020,38522,42024,45526,49028,52530,56032,59534,63036,66538,70040,table-of-3502,3501,/table-of-3501,3500,/table-of-3500,3499,/table-of-3499
3503,7006,10509,14012,17515,21018,24521,28024,31527,35030,38533,42036,45539,49042,52545,56048,59551,63054,66557,70060,table-of-3503,3502,/table-of-3502,3501,/table-of-3501,3500,/table-of-3500
3504,7008,10512,14016,17520,21024,24528,28032,31536,35040,38544,42048,45552,49056,52560,56064,59568,63072,66576,70080,table-of-3504,3503,/table-of-3503,3502,/table-of-3502,3501,/table-of-3501
3505,7010,10515,14020,17525,21030,24535,28040,31545,35050,38555,42060,45565,49070,52575,56080,59585,63090,66595,70100,table-of-3505,3504,/table-of-3504,3503,/table-of-3503,3502,/table-of-3502
3506,7012,10518,14024,17530,21036,24542,28048,31554,35060,38566,42072,45578,49084,52590,56096,59602,63108,66614,70120,table-of-3506,3505,/table-of-3505,3504,/table-of-3504,3503,/table-of-3503
3507,7014,10521,14028,17535,21042,24549,28056,31563,35070,38577,42084,45591,49098,52605,56112,59619,63126,66633,70140,table-of-3507,3506,/table-of-3506,3505,/table-of-3505,3504,/table-of-3504
3508,7016,10524,14032,17540,21048,24556,28064,31572,35080,38588,42096,45604,49112,52620,56128,59636,63144,66652,70160,table-of-3508,3507,/table-of-3507,3506,/table-of-3506,3505,/table-of-3505
3509,7018,10527,14036,17545,21054,24563,28072,31581,35090,38599,42108,45617,49126,52635,56144,59653,63162,66671,70180,table-of-3509,3508,/table-of-3508,3507,/table-of-3507,3506,/table-of-3506
3510,7020,10530,14040,17550,21060,24570,28080,31590,35100,38610,42120,45630,49140,52650,56160,59670,63180,66690,70200,table-of-3510,3509,/table-of-3509,3508,/table-of-3508,3507,/table-of-3507
3511,7022,10533,14044,17555,21066,24577,28088,31599,35110,38621,42132,45643,49154,52665,56176,59687,63198,66709,70220,table-of-3511,3510,/table-of-3510,3509,/table-of-3509,3508,/table-of-3508
3512,7024,10536,14048,17560,21072,24584,28096,31608,35120,38632,42144,45656,49168,52680,56192,59704,63216,66728,70240,table-of-3512,3511,/table-of-3511,3510,/table-of-3510,3509,/table-of-3509
3513,7026,10539,14052,17565,21078,24591,28104,31617,35130,38643,42156,45669,49182,52695,56208,59721,63234,66747,70260,table-of-3513,3512,/table-of-3512,3511,/table-of-3511,3510,/table-of-3510
3514,7028,10542,14056,17570,21084,24598,28112,31626,35140,38654,42168,45682,49196,52710,56224,59738,63252,66766,70280,table-of-3514,3513,/table-of-3513,3512,/table-of-3512,3511,/table-of-3511
3515,7030,10545,14060,17575,21090,24605,28120,31635,35150,38665,42180,45695,49210,52725,56240,59755,63270,66785,70300,table-of-3515,3514,/table-of-3514,3513,/table-of-3513,3512,/table-of-3512
3516,7032,10548,14064,17580,21096,24612,28128,31644,35160,38676,42192,45708,49224,52740,56256,59772,63288,66804,70320,table-of-3516,3515,/table-of-3515,3514,/table-of-3514,3513,/table-of-3513
3517,7034,10551,14068,17585,21102,24619,28136,31653,35170,38687,42204,45721,49238,52755,56272,59789,63306,66823,70340,table-of-3517,3516,/table-of-3516,3515,/table-of-3515,3514,/table-of-3514
3518,7036,10554,14072,17590,21108,24626,28144,31662,35180,38698,42216,45734,49252,52770,56288,59806,63324,66842,70360,table-of-3518,3517,/table-of-3517,3516,/table-of-3516,3515,/table-of-3515
3519,7038,10557,14076,17595,21114,24633,28152,31671,35190,38709,42228,45747,49266,52785,56304,59823,63342,66861,70380,table-of-3519,3518,/table-of-3518,3517,/table-of-3517,3516,/table-of-3516
3520,7040,10560,14080,17600,21120,24640,28160,31680,35200,38720,42240,45760,49280,52800,56320,59840,63360,66880,70400,table-of-3520,3519,/table-of-3519,3518,/table-of-3518,3517,/table-of-3517
3521,7042,10563,14084,17605,21126,24647,28168,31689,35210,38731,42252,45773,49294,52815,56336,59857,63378,66899,70420,table-of-3521,3520,/table-of-3520,3519,/table-of-3519,3518,/table-of-3518
3522,7044,10566,14088,17610,21132,24654,28176,31698,35220,38742,42264,45786,49308,52830,56352,59874,63396,66918,70440,table-of-3522,3521,/table-of-3521,3520,/table-of-3520,3519,/table-of-3519
3523,7046,10569,14092,17615,21138,24661,28184,31707,35230,38753,42276,45799,49322,52845,56368,59891,63414,66937,70460,table-of-3523,3522,/table-of-3522,3521,/table-of-3521,3520,/table-of-3520
3524,7048,10572,14096,17620,21144,24668,28192,31716,35240,38764,42288,45812,49336,52860,56384,59908,63432,66956,70480,table-of-3524,3523,/table-of-3523,3522,/table-of-3522,3521,/table-of-3521
3525,7050,10575,14100,17625,21150,24675,28200,31725,35250,38775,42300,45825,49350,52875,56400,59925,63450,66975,70500,table-of-3525,3524,/table-of-3524,3523,/table-of-3523,3522,/table-of-3522
3526,7052,10578,14104,17630,21156,24682,28208,31734,35260,38786,42312,45838,49364,52890,56416,59942,63468,66994,70520,table-of-3526,3525,/table-of-3525,3524,/table-of-3524,3523,/table-of-3523
3527,7054,10581,14108,17635,21162,24689,28216,31743,35270,38797,42324,45851,49378,52905,56432,59959,63486,67013,70540,table-of-3527,3526,/table-of-3526,3525,/table-of-3525,3524,/table-of-3524
3528,7056,10584,14112,17640,21168,24696,28224,31752,35280,38808,42336,45864,49392,52920,56448,59976,63504,67032,70560,table-of-3528,3527,/table-of-3527,3526,/table-of-3526,3525,/table-of-3525
3529,7058,10587,14116,17645,21174,24703,28232,31761,35290,38819,42348,45877,49406,52935,56464,59993,63522,67051,70580,table-of-3529,3528,/table-of-3528,3527,/table-of-3527,3526,/table-of-3526
3530,7060,10590,14120,17650,21180,24710,28240,31770,35300,38830,42360,45890,49420,52950,56480,60010,63540,67070,70600,table-of-3530,3529,/table-of-3529,3528,/table-of-3528,3527,/table-of-3527
3531,7062,10593,14124,17655,21186,24717,28248,31779,35310,38841,42372,45903,49434,52965,56496,60027,63558,67089,70620,table-of-3531,3530,/table-of-3530,3529,/table-of-3529,3528,/table-of-3528
3532,7064,10596,14128,17660,21192,24724,28256,31788,35320,38852,42384,45916,49448,52980,56512,60044,63576,67108,70640,table-of-3532,3531,/table-of-3531,3530,/table-of-3530,3529,/table-of-3529
3533,7066,10599,14132,17665,21198,24731,28264,31797,35330,38863,42396,45929,49462,52995,56528,60061,63594,67127,70660,table-of-3533,3532,/table-of-3532,3531,/table-of-3531,3530,/table-of-3530
3534,7068,10602,14136,17670,21204,24738,28272,31806,35340,38874,42408,45942,49476,53010,56544,60078,63612,67146,70680,table-of-3534,3533,/table-of-3533,3532,/table-of-3532,3531,/table-of-3531
3535,7070,10605,14140,17675,21210,24745,28280,31815,35350,38885,42420,45955,49490,53025,56560,60095,63630,67165,70700,table-of-3535,3534,/table-of-3534,3533,/table-of-3533,3532,/table-of-3532
3536,7072,10608,14144,17680,21216,24752,28288,31824,35360,38896,42432,45968,49504,53040,56576,60112,63648,67184,70720,table-of-3536,3535,/table-of-3535,3534,/table-of-3534,3533,/table-of-3533
3537,7074,10611,14148,17685,21222,24759,28296,31833,35370,38907,42444,45981,49518,53055,56592,60129,63666,67203,70740,table-of-3537,3536,/table-of-3536,3535,/table-of-3535,3534,/table-of-3534
3538,7076,10614,14152,17690,21228,24766,28304,31842,35380,38918,42456,45994,49532,53070,56608,60146,63684,67222,70760,table-of-3538,3537,/table-of-3537,3536,/table-of-3536,3535,/table-of-3535
3539,7078,10617,14156,17695,21234,24773,28312,31851,35390,38929,42468,46007,49546,53085,56624,60163,63702,67241,70780,table-of-3539,3538,/table-of-3538,3537,/table-of-3537,3536,/table-of-3536
3540,7080,10620,14160,17700,21240,24780,28320,31860,35400,38940,42480,46020,49560,53100,56640,60180,63720,67260,70800,table-of-3540,3539,/table-of-3539,3538,/table-of-3538,3537,/table-of-3537
3541,7082,10623,14164,17705,21246,24787,28328,31869,35410,38951,42492,46033,49574,53115,56656,60197,63738,67279,70820,table-of-3541,3540,/table-of-3540,3539,/table-of-3539,3538,/table-of-3538
3542,7084,10626,14168,17710,21252,24794,28336,31878,35420,38962,42504,46046,49588,53130,56672,60214,63756,67298,70840,table-of-3542,3541,/table-of-3541,3540,/table-of-3540,3539,/table-of-3539
3543,7086,10629,14172,17715,21258,24801,28344,31887,35430,38973,42516,46059,49602,53145,56688,60231,63774,67317,70860,table-of-3543,3542,/table-of-3542,3541,/table-of-3541,3540,/table-of-3540
3544,7088,10632,14176,17720,21264,24808,28352,31896,35440,38984,42528,46072,49616,53160,56704,60248,63792,67336,70880,table-of-3544,3543,/table-of-3543,3542,/table-of-3542,3541,/table-of-3541
3545,7090,10635,14180,17725,21270,24815,28360,31905,35450,38995,42540,46085,49630,53175,56720,60265,63810,67355,70900,table-of-3545,3544,/table-of-3544,3543,/table-of-3543,3542,/table-of-3542
3546,7092,10638,14184,17730,21276,24822,28368,31914,35460,39006,42552,46098,49644,53190,56736,60282,63828,67374,70920,table-of-3546,3545,/table-of-3545,3544,/table-of-3544,3543,/table-of-3543
3547,7094,10641,14188,17735,21282,24829,28376,31923,35470,39017,42564,46111,49658,53205,56752,60299,63846,67393,70940,table-of-3547,3546,/table-of-3546,3545,/table-of-3545,3544,/table-of-3544
3548,7096,10644,14192,17740,21288,24836,28384,31932,35480,39028,42576,46124,49672,53220,56768,60316,63864,67412,70960,table-of-3548,3547,/table-of-3547,3546,/table-of-3546,3545,/table-of-3545
3549,7098,10647,14196,17745,21294,24843,28392,31941,35490,39039,42588,46137,49686,53235,56784,60333,63882,67431,70980,table-of-3549,3548,/table-of-3548,3547,/table-of-3547,3546,/table-of-3546
3550,7100,10650,14200,17750,21300,24850,28400,31950,35500,39050,42600,46150,49700,53250,56800,60350,63900,67450,71000,table-of-3550,3549,/table-of-3549,3548,/table-of-3548,3547,/table-of-3547
3551,7102,10653,14204,17755,21306,24857,28408,31959,35510,39061,42612,46163,49714,53265,56816,60367,63918,67469,71020,table-of-3551,3550,/table-of-3550,3549,/table-of-3549,3548,/table-of-3548
3552,7104,10656,14208,17760,21312,24864,28416,31968,35520,39072,42624,46176,49728,53280,56832,60384,63936,67488,71040,table-of-3552,3551,/table-of-3551,3550,/table-of-3550,3549,/table-of-3549
3553,7106,10659,14212,17765,21318,24871,28424,31977,35530,39083,42636,46189,49742,53295,56848,60401,63954,67507,71060,table-of-3553,3552,/table-of-3552,3551,/table-of-3551,3550,/table-of-3550
3554,7108,10662,14216,17770,21324,24878,28432,31986,35540,39094,42648,46202,49756,53310,56864,60418,63972,67526,71080,table-of-3554,3553,/table-of-3553,3552,/table-of-3552,3551,/table-of-3551
3555,7110,10665,14220,17775,21330,24885,28440,31995,35550,39105,42660,46215,49770,53325,56880,60435,63990,67545,71100,table-of-3555,3554,/table-of-3554,3553,/table-of-3553,3552,/table-of-3552
3556,7112,10668,14224,17780,21336,24892,28448,32004,35560,39116,42672,46228,49784,53340,56896,60452,64008,67564,71120,table-of-3556,3555,/table-of-3555,3554,/table-of-3554,3553,/table-of-3553
3557,7114,10671,14228,17785,21342,24899,28456,32013,35570,39127,42684,46241,49798,53355,56912,60469,64026,67583,71140,table-of-3557,3556,/table-of-3556,3555,/table-of-3555,3554,/table-of-3554
3558,7116,10674,14232,17790,21348,24906,28464,32022,35580,39138,42696,46254,49812,53370,56928,60486,64044,67602,71160,table-of-3558,3557,/table-of-3557,3556,/table-of-3556,3555,/table-of-3555
3559,7118,10677,14236,17795,21354,24913,28472,32031,35590,39149,42708,46267,49826,53385,56944,60503,64062,67621,71180,table-of-3559,3558,/table-of-3558,3557,/table-of-3557,3556,/table-of-3556
3560,7120,10680,14240,17800,21360,24920,28480,32040,35600,39160,42720,46280,49840,53400,56960,60520,64080,67640,71200,table-of-3560,3559,/table-of-3559,3558,/table-of-3558,3557,/table-of-3557
3561,7122,10683,14244,17805,21366,24927,28488,32049,35610,39171,42732,46293,49854,53415,56976,60537,64098,67659,71220,table-of-3561,3560,/table-of-3560,3559,/table-of-3559,3558,/table-of-3558
3562,7124,10686,14248,17810,21372,24934,28496,32058,35620,39182,42744,46306,49868,53430,56992,60554,64116,67678,71240,table-of-3562,3561,/table-of-3561,3560,/table-of-3560,3559,/table-of-3559
3563,7126,10689,14252,17815,21378,24941,28504,32067,35630,39193,42756,46319,49882,53445,57008,60571,64134,67697,71260,table-of-3563,3562,/table-of-3562,3561,/table-of-3561,3560,/table-of-3560
3564,7128,10692,14256,17820,21384,24948,28512,32076,35640,39204,42768,46332,49896,53460,57024,60588,64152,67716,71280,table-of-3564,3563,/table-of-3563,3562,/table-of-3562,3561,/table-of-3561
3565,7130,10695,14260,17825,21390,24955,28520,32085,35650,39215,42780,46345,49910,53475,57040,60605,64170,67735,71300,table-of-3565,3564,/table-of-3564,3563,/table-of-3563,3562,/table-of-3562
3566,7132,10698,14264,17830,21396,24962,28528,32094,35660,39226,42792,46358,49924,53490,57056,60622,64188,67754,71320,table-of-3566,3565,/table-of-3565,3564,/table-of-3564,3563,/table-of-3563
3567,7134,10701,14268,17835,21402,24969,28536,32103,35670,39237,42804,46371,49938,53505,57072,60639,64206,67773,71340,table-of-3567,3566,/table-of-3566,3565,/table-of-3565,3564,/table-of-3564
3568,7136,10704,14272,17840,21408,24976,28544,32112,35680,39248,42816,46384,49952,53520,57088,60656,64224,67792,71360,table-of-3568,3567,/table-of-3567,3566,/table-of-3566,3565,/table-of-3565
3569,7138,10707,14276,17845,21414,24983,28552,32121,35690,39259,42828,46397,49966,53535,57104,60673,64242,67811,71380,table-of-3569,3568,/table-of-3568,3567,/table-of-3567,3566,/table-of-3566
3570,7140,10710,14280,17850,21420,24990,28560,32130,35700,39270,42840,46410,49980,53550,57120,60690,64260,67830,71400,table-of-3570,3569,/table-of-3569,3568,/table-of-3568,3567,/table-of-3567
3571,7142,10713,14284,17855,21426,24997,28568,32139,35710,39281,42852,46423,49994,53565,57136,60707,64278,67849,71420,table-of-3571,3570,/table-of-3570,3569,/table-of-3569,3568,/table-of-3568
3572,7144,10716,14288,17860,21432,25004,28576,32148,35720,39292,42864,46436,50008,53580,57152,60724,64296,67868,71440,table-of-3572,3571,/table-of-3571,3570,/table-of-3570,3569,/table-of-3569
3573,7146,10719,14292,17865,21438,25011,28584,32157,35730,39303,42876,46449,50022,53595,57168,60741,64314,67887,71460,table-of-3573,3572,/table-of-3572,3571,/table-of-3571,3570,/table-of-3570
3574,7148,10722,14296,17870,21444,25018,28592,32166,35740,39314,42888,46462,50036,53610,57184,60758,64332,67906,71480,table-of-3574,3573,/table-of-3573,3572,/table-of-3572,3571,/table-of-3571
3575,7150,10725,14300,17875,21450,25025,28600,32175,35750,39325,42900,46475,50050,53625,57200,60775,64350,67925,71500,table-of-3575,3574,/table-of-3574,3573,/table-of-3573,3572,/table-of-3572
3576,7152,10728,14304,17880,21456,25032,28608,32184,35760,39336,42912,46488,50064,53640,57216,60792,64368,67944,71520,table-of-3576,3575,/table-of-3575,3574,/table-of-3574,3573,/table-of-3573
3577,7154,10731,14308,17885,21462,25039,28616,32193,35770,39347,42924,46501,50078,53655,57232,60809,64386,67963,71540,table-of-3577,3576,/table-of-3576,3575,/table-of-3575,3574,/table-of-3574
3578,7156,10734,14312,17890,21468,25046,28624,32202,35780,39358,42936,46514,50092,53670,57248,60826,64404,67982,71560,table-of-3578,3577,/table-of-3577,3576,/table-of-3576,3575,/table-of-3575
3579,7158,10737,14316,17895,21474,25053,28632,32211,35790,39369,42948,46527,50106,53685,57264,60843,64422,68001,71580,table-of-3579,3578,/table-of-3578,3577,/table-of-3577,3576,/table-of-3576
3580,7160,10740,14320,17900,21480,25060,28640,32220,35800,39380,42960,46540,50120,53700,57280,60860,64440,68020,71600,table-of-3580,3579,/table-of-3579,3578,/table-of-3578,3577,/table-of-3577
3581,7162,10743,14324,17905,21486,25067,28648,32229,35810,39391,42972,46553,50134,53715,57296,60877,64458,68039,71620,table-of-3581,3580,/table-of-3580,3579,/table-of-3579,3578,/table-of-3578
3582,7164,10746,14328,17910,21492,25074,28656,32238,35820,39402,42984,46566,50148,53730,57312,60894,64476,68058,71640,table-of-3582,3581,/table-of-3581,3580,/table-of-3580,3579,/table-of-3579
3583,7166,10749,14332,17915,21498,25081,28664,32247,35830,39413,42996,46579,50162,53745,57328,60911,64494,68077,71660,table-of-3583,3582,/table-of-3582,3581,/table-of-3581,3580,/table-of-3580
3584,7168,10752,14336,17920,21504,25088,28672,32256,35840,39424,43008,46592,50176,53760,57344,60928,64512,68096,71680,table-of-3584,3583,/table-of-3583,3582,/table-of-3582,3581,/table-of-3581
3585,7170,10755,14340,17925,21510,25095,28680,32265,35850,39435,43020,46605,50190,53775,57360,60945,64530,68115,71700,table-of-3585,3584,/table-of-3584,3583,/table-of-3583,3582,/table-of-3582
3586,7172,10758,14344,17930,21516,25102,28688,32274,35860,39446,43032,46618,50204,53790,57376,60962,64548,68134,71720,table-of-3586,3585,/table-of-3585,3584,/table-of-3584,3583,/table-of-3583
3587,7174,10761,14348,17935,21522,25109,28696,32283,35870,39457,43044,46631,50218,53805,57392,60979,64566,68153,71740,table-of-3587,3586,/table-of-3586,3585,/table-of-3585,3584,/table-of-3584
3588,7176,10764,14352,17940,21528,25116,28704,32292,35880,39468,43056,46644,50232,53820,57408,60996,64584,68172,71760,table-of-3588,3587,/table-of-3587,3586,/table-of-3586,3585,/table-of-3585
3589,7178,10767,14356,17945,21534,25123,28712,32301,35890,39479,43068,46657,50246,53835,57424,61013,64602,68191,71780,table-of-3589,3588,/table-of-3588,3587,/table-of-3587,3586,/table-of-3586
3590,7180,10770,14360,17950,21540,25130,28720,32310,35900,39490,43080,46670,50260,53850,57440,61030,64620,68210,71800,table-of-3590,3589,/table-of-3589,3588,/table-of-3588,3587,/table-of-3587
3591,7182,10773,14364,17955,21546,25137,28728,32319,35910,39501,43092,46683,50274,53865,57456,61047,64638,68229,71820,table-of-3591,3590,/table-of-3590,3589,/table-of-3589,3588,/table-of-3588
3592,7184,10776,14368,17960,21552,25144,28736,32328,35920,39512,43104,46696,50288,53880,57472,61064,64656,68248,71840,table-of-3592,3591,/table-of-3591,3590,/table-of-3590,3589,/table-of-3589
3593,7186,10779,14372,17965,21558,25151,28744,32337,35930,39523,43116,46709,50302,53895,57488,61081,64674,68267,71860,table-of-3593,3592,/table-of-3592,3591,/table-of-3591,3590,/table-of-3590
3594,7188,10782,14376,17970,21564,25158,28752,32346,35940,39534,43128,46722,50316,53910,57504,61098,64692,68286,71880,table-of-3594,3593,/table-of-3593,3592,/table-of-3592,3591,/table-of-3591
3595,7190,10785,14380,17975,21570,25165,28760,32355,35950,39545,43140,46735,50330,53925,57520,61115,64710,68305,71900,table-of-3595,3594,/table-of-3594,3593,/table-of-3593,3592,/table-of-3592
3596,7192,10788,14384,17980,21576,25172,28768,32364,35960,39556,43152,46748,50344,53940,57536,61132,64728,68324,71920,table-of-3596,3595,/table-of-3595,3594,/table-of-3594,3593,/table-of-3593
3597,7194,10791,14388,17985,21582,25179,28776,32373,35970,39567,43164,46761,50358,53955,57552,61149,64746,68343,71940,table-of-3597,3596,/table-of-3596,3595,/table-of-3595,3594,/table-of-3594
3598,7196,10794,14392,17990,21588,25186,28784,32382,35980,39578,43176,46774,50372,53970,57568,61166,64764,68362,71960,table-of-3598,3597,/table-of-3597,3596,/table-of-3596,3595,/table-of-3595
3599,7198,10797,14396,17995,21594,25193,28792,32391,35990,39589,43188,46787,50386,53985,57584,61183,64782,68381,71980,table-of-3599,3598,/table-of-3598,3597,/table-of-3597,3596,/table-of-3596
3600,7200,10800,14400,18000,21600,25200,28800,32400,36000,39600,43200,46800,50400,54000,57600,61200,64800,68400,72000,table-of-3600,3599,/table-of-3599,3598,/table-of-3598,3597,/table-of-3597
3601,7202,10803,14404,18005,21606,25207,28808,32409,36010,39611,43212,46813,50414,54015,57616,61217,64818,68419,72020,table-of-3601,3600,/table-of-3600,3599,/table-of-3599,3598,/table-of-3598
3602,7204,10806,14408,18010,21612,25214,28816,32418,36020,39622,43224,46826,50428,54030,57632,61234,64836,68438,72040,table-of-3602,3601,/table-of-3601,3600,/table-of-3600,3599,/table-of-3599
3603,7206,10809,14412,18015,21618,25221,28824,32427,36030,39633,43236,46839,50442,54045,57648,61251,64854,68457,72060,table-of-3603,3602,/table-of-3602,3601,/table-of-3601,3600,/table-of-3600
3604,7208,10812,14416,18020,21624,25228,28832,32436,36040,39644,43248,46852,50456,54060,57664,61268,64872,68476,72080,table-of-3604,3603,/table-of-3603,3602,/table-of-3602,3601,/table-of-3601
3605,7210,10815,14420,18025,21630,25235,28840,32445,36050,39655,43260,46865,50470,54075,57680,61285,64890,68495,72100,table-of-3605,3604,/table-of-3604,3603,/table-of-3603,3602,/table-of-3602
3606,7212,10818,14424,18030,21636,25242,28848,32454,36060,39666,43272,46878,50484,54090,57696,61302,64908,68514,72120,table-of-3606,3605,/table-of-3605,3604,/table-of-3604,3603,/table-of-3603
3607,7214,10821,14428,18035,21642,25249,28856,32463,36070,39677,43284,46891,50498,54105,57712,61319,64926,68533,72140,table-of-3607,3606,/table-of-3606,3605,/table-of-3605,3604,/table-of-3604
3608,7216,10824,14432,18040,21648,25256,28864,32472,36080,39688,43296,46904,50512,54120,57728,61336,64944,68552,72160,table-of-3608,3607,/table-of-3607,3606,/table-of-3606,3605,/table-of-3605
3609,7218,10827,14436,18045,21654,25263,28872,32481,36090,39699,43308,46917,50526,54135,57744,61353,64962,68571,72180,table-of-3609,3608,/table-of-3608,3607,/table-of-3607,3606,/table-of-3606
3610,7220,10830,14440,18050,21660,25270,28880,32490,36100,39710,43320,46930,50540,54150,57760,61370,64980,68590,72200,table-of-3610,3609,/table-of-3609,3608,/table-of-3608,3607,/table-of-3607
3611,7222,10833,14444,18055,21666,25277,28888,32499,36110,39721,43332,46943,50554,54165,57776,61387,64998,68609,72220,table-of-3611,3610,/table-of-3610,3609,/table-of-3609,3608,/table-of-3608
3612,7224,10836,14448,18060,21672,25284,28896,32508,36120,39732,43344,46956,50568,54180,57792,61404,65016,68628,72240,table-of-3612,3611,/table-of-3611,3610,/table-of-3610,3609,/table-of-3609
3613,7226,10839,14452,18065,21678,25291,28904,32517,36130,39743,43356,46969,50582,54195,57808,61421,65034,68647,72260,table-of-3613,3612,/table-of-3612,3611,/table-of-3611,3610,/table-of-3610
3614,7228,10842,14456,18070,21684,25298,28912,32526,36140,39754,43368,46982,50596,54210,57824,61438,65052,68666,72280,table-of-3614,3613,/table-of-3613,3612,/table-of-3612,3611,/table-of-3611
3615,7230,10845,14460,18075,21690,25305,28920,32535,36150,39765,43380,46995,50610,54225,57840,61455,65070,68685,72300,table-of-3615,3614,/table-of-3614,3613,/table-of-3613,3612,/table-of-3612
3616,7232,10848,14464,18080,21696,25312,28928,32544,36160,39776,43392,47008,50624,54240,57856,61472,65088,68704,72320,table-of-3616,3615,/table-of-3615,3614,/table-of-3614,3613,/table-of-3613
3617,7234,10851,14468,18085,21702,25319,28936,32553,36170,39787,43404,47021,50638,54255,57872,61489,65106,68723,72340,table-of-3617,3616,/table-of-3616,3615,/table-of-3615,3614,/table-of-3614
3618,7236,10854,14472,18090,21708,25326,28944,32562,36180,39798,43416,47034,50652,54270,57888,61506,65124,68742,72360,table-of-3618,3617,/table-of-3617,3616,/table-of-3616,3615,/table-of-3615
3619,7238,10857,14476,18095,21714,25333,28952,32571,36190,39809,43428,47047,50666,54285,57904,61523,65142,68761,72380,table-of-3619,3618,/table-of-3618,3617,/table-of-3617,3616,/table-of-3616
3620,7240,10860,14480,18100,21720,25340,28960,32580,36200,39820,43440,47060,50680,54300,57920,61540,65160,68780,72400,table-of-3620,3619,/table-of-3619,3618,/table-of-3618,3617,/table-of-3617
3621,7242,10863,14484,18105,21726,25347,28968,32589,36210,39831,43452,47073,50694,54315,57936,61557,65178,68799,72420,table-of-3621,3620,/table-of-3620,3619,/table-of-3619,3618,/table-of-3618
3622,7244,10866,14488,18110,21732,25354,28976,32598,36220,39842,43464,47086,50708,54330,57952,61574,65196,68818,72440,table-of-3622,3621,/table-of-3621,3620,/table-of-3620,3619,/table-of-3619
3623,7246,10869,14492,18115,21738,25361,28984,32607,36230,39853,43476,47099,50722,54345,57968,61591,65214,68837,72460,table-of-3623,3622,/table-of-3622,3621,/table-of-3621,3620,/table-of-3620
3624,7248,10872,14496,18120,21744,25368,28992,32616,36240,39864,43488,47112,50736,54360,57984,61608,65232,68856,72480,table-of-3624,3623,/table-of-3623,3622,/table-of-3622,3621,/table-of-3621
3625,7250,10875,14500,18125,21750,25375,29000,32625,36250,39875,43500,47125,50750,54375,58000,61625,65250,68875,72500,table-of-3625,3624,/table-of-3624,3623,/table-of-3623,3622,/table-of-3622
3626,7252,10878,14504,18130,21756,25382,29008,32634,36260,39886,43512,47138,50764,54390,58016,61642,65268,68894,72520,table-of-3626,3625,/table-of-3625,3624,/table-of-3624,3623,/table-of-3623
3627,7254,10881,14508,18135,21762,25389,29016,32643,36270,39897,43524,47151,50778,54405,58032,61659,65286,68913,72540,table-of-3627,3626,/table-of-3626,3625,/table-of-3625,3624,/table-of-3624
3628,7256,10884,14512,18140,21768,25396,29024,32652,36280,39908,43536,47164,50792,54420,58048,61676,65304,68932,72560,table-of-3628,3627,/table-of-3627,3626,/table-of-3626,3625,/table-of-3625
3629,7258,10887,14516,18145,21774,25403,29032,32661,36290,39919,43548,47177,50806,54435,58064,61693,65322,68951,72580,table-of-3629,3628,/table-of-3628,3627,/table-of-3627,3626,/table-of-3626
3630,7260,10890,14520,18150,21780,25410,29040,32670,36300,39930,43560,47190,50820,54450,58080,61710,65340,68970,72600,table-of-3630,3629,/table-of-3629,3628,/table-of-3628,3627,/table-of-3627
3631,7262,10893,14524,18155,21786,25417,29048,32679,36310,39941,43572,47203,50834,54465,58096,61727,65358,68989,72620,table-of-3631,3630,/table-of-3630,3629,/table-of-3629,3628,/table-of-3628
3632,7264,10896,14528,18160,21792,25424,29056,32688,36320,39952,43584,47216,50848,54480,58112,61744,65376,69008,72640,table-of-3632,3631,/table-of-3631,3630,/table-of-3630,3629,/table-of-3629
3633,7266,10899,14532,18165,21798,25431,29064,32697,36330,39963,43596,47229,50862,54495,58128,61761,65394,69027,72660,table-of-3633,3632,/table-of-3632,3631,/table-of-3631,3630,/table-of-3630
3634,7268,10902,14536,18170,21804,25438,29072,32706,36340,39974,43608,47242,50876,54510,58144,61778,65412,69046,72680,table-of-3634,3633,/table-of-3633,3632,/table-of-3632,3631,/table-of-3631
3635,7270,10905,14540,18175,21810,25445,29080,32715,36350,39985,43620,47255,50890,54525,58160,61795,65430,69065,72700,table-of-3635,3634,/table-of-3634,3633,/table-of-3633,3632,/table-of-3632
3636,7272,10908,14544,18180,21816,25452,29088,32724,36360,39996,43632,47268,50904,54540,58176,61812,65448,69084,72720,table-of-3636,3635,/table-of-3635,3634,/table-of-3634,3633,/table-of-3633
3637,7274,10911,14548,18185,21822,25459,29096,32733,36370,40007,43644,47281,50918,54555,58192,61829,65466,69103,72740,table-of-3637,3636,/table-of-3636,3635,/table-of-3635,3634,/table-of-3634
3638,7276,10914,14552,18190,21828,25466,29104,32742,36380,40018,43656,47294,50932,54570,58208,61846,65484,69122,72760,table-of-3638,3637,/table-of-3637,3636,/table-of-3636,3635,/table-of-3635
3639,7278,10917,14556,18195,21834,25473,29112,32751,36390,40029,43668,47307,50946,54585,58224,61863,65502,69141,72780,table-of-3639,3638,/table-of-3638,3637,/table-of-3637,3636,/table-of-3636
3640,7280,10920,14560,18200,21840,25480,29120,32760,36400,40040,43680,47320,50960,54600,58240,61880,65520,69160,72800,table-of-3640,3639,/table-of-3639,3638,/table-of-3638,3637,/table-of-3637
3641,7282,10923,14564,18205,21846,25487,29128,32769,36410,40051,43692,47333,50974,54615,58256,61897,65538,69179,72820,table-of-3641,3640,/table-of-3640,3639,/table-of-3639,3638,/table-of-3638
3642,7284,10926,14568,18210,21852,25494,29136,32778,36420,40062,43704,47346,50988,54630,58272,61914,65556,69198,72840,table-of-3642,3641,/table-of-3641,3640,/table-of-3640,3639,/table-of-3639
3643,7286,10929,14572,18215,21858,25501,29144,32787,36430,40073,43716,47359,51002,54645,58288,61931,65574,69217,72860,table-of-3643,3642,/table-of-3642,3641,/table-of-3641,3640,/table-of-3640
3644,7288,10932,14576,18220,21864,25508,29152,32796,36440,40084,43728,47372,51016,54660,58304,61948,65592,69236,72880,table-of-3644,3643,/table-of-3643,3642,/table-of-3642,3641,/table-of-3641
3645,7290,10935,14580,18225,21870,25515,29160,32805,36450,40095,43740,47385,51030,54675,58320,61965,65610,69255,72900,table-of-3645,3644,/table-of-3644,3643,/table-of-3643,3642,/table-of-3642
3646,7292,10938,14584,18230,21876,25522,29168,32814,36460,40106,43752,47398,51044,54690,58336,61982,65628,69274,72920,table-of-3646,3645,/table-of-3645,3644,/table-of-3644,3643,/table-of-3643
3647,7294,10941,14588,18235,21882,25529,29176,32823,36470,40117,43764,47411,51058,54705,58352,61999,65646,69293,72940,table-of-3647,3646,/table-of-3646,3645,/table-of-3645,3644,/table-of-3644
3648,7296,10944,14592,18240,21888,25536,29184,32832,36480,40128,43776,47424,51072,54720,58368,62016,65664,69312,72960,table-of-3648,3647,/table-of-3647,3646,/table-of-3646,3645,/table-of-3645
3649,7298,10947,14596,18245,21894,25543,29192,32841,36490,40139,43788,47437,51086,54735,58384,62033,65682,69331,72980,table-of-3649,3648,/table-of-3648,3647,/table-of-3647,3646,/table-of-3646
3650,7300,10950,14600,18250,21900,25550,29200,32850,36500,40150,43800,47450,51100,54750,58400,62050,65700,69350,73000,table-of-3650,3649,/table-of-3649,3648,/table-of-3648,3647,/table-of-3647
3651,7302,10953,14604,18255,21906,25557,29208,32859,36510,40161,43812,47463,51114,54765,58416,62067,65718,69369,73020,table-of-3651,3650,/table-of-3650,3649,/table-of-3649,3648,/table-of-3648
3652,7304,10956,14608,18260,21912,25564,29216,32868,36520,40172,43824,47476,51128,54780,58432,62084,65736,69388,73040,table-of-3652,3651,/table-of-3651,3650,/table-of-3650,3649,/table-of-3649
3653,7306,10959,14612,18265,21918,25571,29224,32877,36530,40183,43836,47489,51142,54795,58448,62101,65754,69407,73060,table-of-3653,3652,/table-of-3652,3651,/table-of-3651,3650,/table-of-3650
3654,7308,10962,14616,18270,21924,25578,29232,32886,36540,40194,43848,47502,51156,54810,58464,62118,65772,69426,73080,table-of-3654,3653,/table-of-3653,3652,/table-of-3652,3651,/table-of-3651
3655,7310,10965,14620,18275,21930,25585,29240,32895,36550,40205,43860,47515,51170,54825,58480,62135,65790,69445,73100,table-of-3655,3654,/table-of-3654,3653,/table-of-3653,3652,/table-of-3652
3656,7312,10968,14624,18280,21936,25592,29248,32904,36560,40216,43872,47528,51184,54840,58496,62152,65808,69464,73120,table-of-3656,3655,/table-of-3655,3654,/table-of-3654,3653,/table-of-3653
3657,7314,10971,14628,18285,21942,25599,29256,32913,36570,40227,43884,47541,51198,54855,58512,62169,65826,69483,73140,table-of-3657,3656,/table-of-3656,3655,/table-of-3655,3654,/table-of-3654
3658,7316,10974,14632,18290,21948,25606,29264,32922,36580,40238,43896,47554,51212,54870,58528,62186,65844,69502,73160,table-of-3658,3657,/table-of-3657,3656,/table-of-3656,3655,/table-of-3655
3659,7318,10977,14636,18295,21954,25613,29272,32931,36590,40249,43908,47567,51226,54885,58544,62203,65862,69521,73180,table-of-3659,3658,/table-of-3658,3657,/table-of-3657,3656,/table-of-3656
3660,7320,10980,14640,18300,21960,25620,29280,32940,36600,40260,43920,47580,51240,54900,58560,62220,65880,69540,73200,table-of-3660,3659,/table-of-3659,3658,/table-of-3658,3657,/table-of-3657
3661,7322,10983,14644,18305,21966,25627,29288,32949,36610,40271,43932,47593,51254,54915,58576,62237,65898,69559,73220,table-of-3661,3660,/table-of-3660,3659,/table-of-3659,3658,/table-of-3658
3662,7324,10986,14648,18310,21972,25634,29296,32958,36620,40282,43944,47606,51268,54930,58592,62254,65916,69578,73240,table-of-3662,3661,/table-of-3661,3660,/table-of-3660,3659,/table-of-3659
3663,7326,10989,14652,18315,21978,25641,29304,32967,36630,40293,43956,47619,51282,54945,58608,62271,65934,69597,73260,table-of-3663,3662,/table-of-3662,3661,/table-of-3661,3660,/table-of-3660
3664,7328,10992,14656,18320,21984,25648,29312,32976,36640,40304,43968,47632,51296,54960,58624,62288,65952,69616,73280,table-of-3664,3663,/table-of-3663,3662,/table-of-3662,3661,/table-of-3661
3665,7330,10995,14660,18325,21990,25655,29320,32985,36650,40315,43980,47645,51310,54975,58640,62305,65970,69635,73300,table-of-3665,3664,/table-of-3664,3663,/table-of-3663,3662,/table-of-3662
3666,7332,10998,14664,18330,21996,25662,29328,32994,36660,40326,43992,47658,51324,54990,58656,62322,65988,69654,73320,table-of-3666,3665,/table-of-3665,3664,/table-of-3664,3663,/table-of-3663
3667,7334,11001,14668,18335,22002,25669,29336,33003,36670,40337,44004,47671,51338,55005,58672,62339,66006,69673,73340,table-of-3667,3666,/table-of-3666,3665,/table-of-3665,3664,/table-of-3664
3668,7336,11004,14672,18340,22008,25676,29344,33012,36680,40348,44016,47684,51352,55020,58688,62356,66024,69692,73360,table-of-3668,3667,/table-of-3667,3666,/table-of-3666,3665,/table-of-3665
3669,7338,11007,14676,18345,22014,25683,29352,33021,36690,40359,44028,47697,51366,55035,58704,62373,66042,69711,73380,table-of-3669,3668,/table-of-3668,3667,/table-of-3667,3666,/table-of-3666
3670,7340,11010,14680,18350,22020,25690,29360,33030,36700,40370,44040,47710,51380,55050,58720,62390,66060,69730,73400,table-of-3670,3669,/table-of-3669,3668,/table-of-3668,3667,/table-of-3667
3671,7342,11013,14684,18355,22026,25697,29368,33039,36710,40381,44052,47723,51394,55065,58736,62407,66078,69749,73420,table-of-3671,3670,/table-of-3670,3669,/table-of-3669,3668,/table-of-3668
3672,7344,11016,14688,18360,22032,25704,29376,33048,36720,40392,44064,47736,51408,55080,58752,62424,66096,69768,73440,table-of-3672,3671,/table-of-3671,3670,/table-of-3670,3669,/table-of-3669
3673,7346,11019,14692,18365,22038,25711,29384,33057,36730,40403,44076,47749,51422,55095,58768,62441,66114,69787,73460,table-of-3673,3672,/table-of-3672,3671,/table-of-3671,3670,/table-of-3670
3674,7348,11022,14696,18370,22044,25718,29392,33066,36740,40414,44088,47762,51436,55110,58784,62458,66132,69806,73480,table-of-3674,3673,/table-of-3673,3672,/table-of-3672,3671,/table-of-3671
3675,7350,11025,14700,18375,22050,25725,29400,33075,36750,40425,44100,47775,51450,55125,58800,62475,66150,69825,73500,table-of-3675,3674,/table-of-3674,3673,/table-of-3673,3672,/table-of-3672
3676,7352,11028,14704,18380,22056,25732,29408,33084,36760,40436,44112,47788,51464,55140,58816,62492,66168,69844,73520,table-of-3676,3675,/table-of-3675,3674,/table-of-3674,3673,/table-of-3673
3677,7354,11031,14708,18385,22062,25739,29416,33093,36770,40447,44124,47801,51478,55155,58832,62509,66186,69863,73540,table-of-3677,3676,/table-of-3676,3675,/table-of-3675,3674,/table-of-3674
3678,7356,11034,14712,18390,22068,25746,29424,33102,36780,40458,44136,47814,51492,55170,58848,62526,66204,69882,73560,table-of-3678,3677,/table-of-3677,3676,/table-of-3676,3675,/table-of-3675
3679,7358,11037,14716,18395,22074,25753,29432,33111,36790,40469,44148,47827,51506,55185,58864,62543,66222,69901,73580,table-of-3679,3678,/table-of-3678,3677,/table-of-3677,3676,/table-of-3676
3680,7360,11040,14720,18400,22080,25760,29440,33120,36800,40480,44160,47840,51520,55200,58880,62560,66240,69920,73600,table-of-3680,3679,/table-of-3679,3678,/table-of-3678,3677,/table-of-3677
3681,7362,11043,14724,18405,22086,25767,29448,33129,36810,40491,44172,47853,51534,55215,58896,62577,66258,69939,73620,table-of-3681,3680,/table-of-3680,3679,/table-of-3679,3678,/table-of-3678
3682,7364,11046,14728,18410,22092,25774,29456,33138,36820,40502,44184,47866,51548,55230,58912,62594,66276,69958,73640,table-of-3682,3681,/table-of-3681,3680,/table-of-3680,3679,/table-of-3679
3683,7366,11049,14732,18415,22098,25781,29464,33147,36830,40513,44196,47879,51562,55245,58928,62611,66294,69977,73660,table-of-3683,3682,/table-of-3682,3681,/table-of-3681,3680,/table-of-3680
3684,7368,11052,14736,18420,22104,25788,29472,33156,36840,40524,44208,47892,51576,55260,58944,62628,66312,69996,73680,table-of-3684,3683,/table-of-3683,3682,/table-of-3682,3681,/table-of-3681
3685,7370,11055,14740,18425,22110,25795,29480,33165,36850,40535,44220,47905,51590,55275,58960,62645,66330,70015,73700,table-of-3685,3684,/table-of-3684,3683,/table-of-3683,3682,/table-of-3682
3686,7372,11058,14744,18430,22116,25802,29488,33174,36860,40546,44232,47918,51604,55290,58976,62662,66348,70034,73720,table-of-3686,3685,/table-of-3685,3684,/table-of-3684,3683,/table-of-3683
3687,7374,11061,14748,18435,22122,25809,29496,33183,36870,40557,44244,47931,51618,55305,58992,62679,66366,70053,73740,table-of-3687,3686,/table-of-3686,3685,/table-of-3685,3684,/table-of-3684
3688,7376,11064,14752,18440,22128,25816,29504,33192,36880,40568,44256,47944,51632,55320,59008,62696,66384,70072,73760,table-of-3688,3687,/table-of-3687,3686,/table-of-3686,3685,/table-of-3685
3689,7378,11067,14756,18445,22134,25823,29512,33201,36890,40579,44268,47957,51646,55335,59024,62713,66402,70091,73780,table-of-3689,3688,/table-of-3688,3687,/table-of-3687,3686,/table-of-3686
3690,7380,11070,14760,18450,22140,25830,29520,33210,36900,40590,44280,47970,51660,55350,59040,62730,66420,70110,73800,table-of-3690,3689,/table-of-3689,3688,/table-of-3688,3687,/table-of-3687
3691,7382,11073,14764,18455,22146,25837,29528,33219,36910,40601,44292,47983,51674,55365,59056,62747,66438,70129,73820,table-of-3691,3690,/table-of-3690,3689,/table-of-3689,3688,/table-of-3688
3692,7384,11076,14768,18460,22152,25844,29536,33228,36920,40612,44304,47996,51688,55380,59072,62764,66456,70148,73840,table-of-3692,3691,/table-of-3691,3690,/table-of-3690,3689,/table-of-3689
3693,7386,11079,14772,18465,22158,25851,29544,33237,36930,40623,44316,48009,51702,55395,59088,62781,66474,70167,73860,table-of-3693,3692,/table-of-3692,3691,/table-of-3691,3690,/table-of-3690
3694,7388,11082,14776,18470,22164,25858,29552,33246,36940,40634,44328,48022,51716,55410,59104,62798,66492,70186,73880,table-of-3694,3693,/table-of-3693,3692,/table-of-3692,3691,/table-of-3691
3695,7390,11085,14780,18475,22170,25865,29560,33255,36950,40645,44340,48035,51730,55425,59120,62815,66510,70205,73900,table-of-3695,3694,/table-of-3694,3693,/table-of-3693,3692,/table-of-3692
3696,7392,11088,14784,18480,22176,25872,29568,33264,36960,40656,44352,48048,51744,55440,59136,62832,66528,70224,73920,table-of-3696,3695,/table-of-3695,3694,/table-of-3694,3693,/table-of-3693
3697,7394,11091,14788,18485,22182,25879,29576,33273,36970,40667,44364,48061,51758,55455,59152,62849,66546,70243,73940,table-of-3697,3696,/table-of-3696,3695,/table-of-3695,3694,/table-of-3694
3698,7396,11094,14792,18490,22188,25886,29584,33282,36980,40678,44376,48074,51772,55470,59168,62866,66564,70262,73960,table-of-3698,3697,/table-of-3697,3696,/table-of-3696,3695,/table-of-3695
3699,7398,11097,14796,18495,22194,25893,29592,33291,36990,40689,44388,48087,51786,55485,59184,62883,66582,70281,73980,table-of-3699,3698,/table-of-3698,3697,/table-of-3697,3696,/table-of-3696
3700,7400,11100,14800,18500,22200,25900,29600,33300,37000,40700,44400,48100,51800,55500,59200,62900,66600,70300,74000,table-of-3700,3699,/table-of-3699,3698,/table-of-3698,3697,/table-of-3697
3701,7402,11103,14804,18505,22206,25907,29608,33309,37010,40711,44412,48113,51814,55515,59216,62917,66618,70319,74020,table-of-3701,3700,/table-of-3700,3699,/table-of-3699,3698,/table-of-3698
3702,7404,11106,14808,18510,22212,25914,29616,33318,37020,40722,44424,48126,51828,55530,59232,62934,66636,70338,74040,table-of-3702,3701,/table-of-3701,3700,/table-of-3700,3699,/table-of-3699
3703,7406,11109,14812,18515,22218,25921,29624,33327,37030,40733,44436,48139,51842,55545,59248,62951,66654,70357,74060,table-of-3703,3702,/table-of-3702,3701,/table-of-3701,3700,/table-of-3700
3704,7408,11112,14816,18520,22224,25928,29632,33336,37040,40744,44448,48152,51856,55560,59264,62968,66672,70376,74080,table-of-3704,3703,/table-of-3703,3702,/table-of-3702,3701,/table-of-3701
3705,7410,11115,14820,18525,22230,25935,29640,33345,37050,40755,44460,48165,51870,55575,59280,62985,66690,70395,74100,table-of-3705,3704,/table-of-3704,3703,/table-of-3703,3702,/table-of-3702
3706,7412,11118,14824,18530,22236,25942,29648,33354,37060,40766,44472,48178,51884,55590,59296,63002,66708,70414,74120,table-of-3706,3705,/table-of-3705,3704,/table-of-3704,3703,/table-of-3703
3707,7414,11121,14828,18535,22242,25949,29656,33363,37070,40777,44484,48191,51898,55605,59312,63019,66726,70433,74140,table-of-3707,3706,/table-of-3706,3705,/table-of-3705,3704,/table-of-3704
3708,7416,11124,14832,18540,22248,25956,29664,33372,37080,40788,44496,48204,51912,55620,59328,63036,66744,70452,74160,table-of-3708,3707,/table-of-3707,3706,/table-of-3706,3705,/table-of-3705
3709,7418,11127,14836,18545,22254,25963,29672,33381,37090,40799,44508,48217,51926,55635,59344,63053,66762,70471,74180,table-of-3709,3708,/table-of-3708,3707,/table-of-3707,3706,/table-of-3706
3710,7420,11130,14840,18550,22260,25970,29680,33390,37100,40810,44520,48230,51940,55650,59360,63070,66780,70490,74200,table-of-3710,3709,/table-of-3709,3708,/table-of-3708,3707,/table-of-3707
3711,7422,11133,14844,18555,22266,25977,29688,33399,37110,40821,44532,48243,51954,55665,59376,63087,66798,70509,74220,table-of-3711,3710,/table-of-3710,3709,/table-of-3709,3708,/table-of-3708
3712,7424,11136,14848,18560,22272,25984,29696,33408,37120,40832,44544,48256,51968,55680,59392,63104,66816,70528,74240,table-of-3712,3711,/table-of-3711,3710,/table-of-3710,3709,/table-of-3709
3713,7426,11139,14852,18565,22278,25991,29704,33417,37130,40843,44556,48269,51982,55695,59408,63121,66834,70547,74260,table-of-3713,3712,/table-of-3712,3711,/table-of-3711,3710,/table-of-3710
3714,7428,11142,14856,18570,22284,25998,29712,33426,37140,40854,44568,48282,51996,55710,59424,63138,66852,70566,74280,table-of-3714,3713,/table-of-3713,3712,/table-of-3712,3711,/table-of-3711
3715,7430,11145,14860,18575,22290,26005,29720,33435,37150,40865,44580,48295,52010,55725,59440,63155,66870,70585,74300,table-of-3715,3714,/table-of-3714,3713,/table-of-3713,3712,/table-of-3712
3716,7432,11148,14864,18580,22296,26012,29728,33444,37160,40876,44592,48308,52024,55740,59456,63172,66888,70604,74320,table-of-3716,3715,/table-of-3715,3714,/table-of-3714,3713,/table-of-3713
3717,7434,11151,14868,18585,22302,26019,29736,33453,37170,40887,44604,48321,52038,55755,59472,63189,66906,70623,74340,table-of-3717,3716,/table-of-3716,3715,/table-of-3715,3714,/table-of-3714
3718,7436,11154,14872,18590,22308,26026,29744,33462,37180,40898,44616,48334,52052,55770,59488,63206,66924,70642,74360,table-of-3718,3717,/table-of-3717,3716,/table-of-3716,3715,/table-of-3715
3719,7438,11157,14876,18595,22314,26033,29752,33471,37190,40909,44628,48347,52066,55785,59504,63223,66942,70661,74380,table-of-3719,3718,/table-of-3718,3717,/table-of-3717,3716,/table-of-3716
3720,7440,11160,14880,18600,22320,26040,29760,33480,37200,40920,44640,48360,52080,55800,59520,63240,66960,70680,74400,table-of-3720,3719,/table-of-3719,3718,/table-of-3718,3717,/table-of-3717
3721,7442,11163,14884,18605,22326,26047,29768,33489,37210,40931,44652,48373,52094,55815,59536,63257,66978,70699,74420,table-of-3721,3720,/table-of-3720,3719,/table-of-3719,3718,/table-of-3718
3722,7444,11166,14888,18610,22332,26054,29776,33498,37220,40942,44664,48386,52108,55830,59552,63274,66996,70718,74440,table-of-3722,3721,/table-of-3721,3720,/table-of-3720,3719,/table-of-3719
3723,7446,11169,14892,18615,22338,26061,29784,33507,37230,40953,44676,48399,52122,55845,59568,63291,67014,70737,74460,table-of-3723,3722,/table-of-3722,3721,/table-of-3721,3720,/table-of-3720
3724,7448,11172,14896,18620,22344,26068,29792,33516,37240,40964,44688,48412,52136,55860,59584,63308,67032,70756,74480,table-of-3724,3723,/table-of-3723,3722,/table-of-3722,3721,/table-of-3721
3725,7450,11175,14900,18625,22350,26075,29800,33525,37250,40975,44700,48425,52150,55875,59600,63325,67050,70775,74500,table-of-3725,3724,/table-of-3724,3723,/table-of-3723,3722,/table-of-3722
3726,7452,11178,14904,18630,22356,26082,29808,33534,37260,40986,44712,48438,52164,55890,59616,63342,67068,70794,74520,table-of-3726,3725,/table-of-3725,3724,/table-of-3724,3723,/table-of-3723
3727,7454,11181,14908,18635,22362,26089,29816,33543,37270,40997,44724,48451,52178,55905,59632,63359,67086,70813,74540,table-of-3727,3726,/table-of-3726,3725,/table-of-3725,3724,/table-of-3724
3728,7456,11184,14912,18640,22368,26096,29824,33552,37280,41008,44736,48464,52192,55920,59648,63376,67104,70832,74560,table-of-3728,3727,/table-of-3727,3726,/table-of-3726,3725,/table-of-3725
3729,7458,11187,14916,18645,22374,26103,29832,33561,37290,41019,44748,48477,52206,55935,59664,63393,67122,70851,74580,table-of-3729,3728,/table-of-3728,3727,/table-of-3727,3726,/table-of-3726
3730,7460,11190,14920,18650,22380,26110,29840,33570,37300,41030,44760,48490,52220,55950,59680,63410,67140,70870,74600,table-of-3730,3729,/table-of-3729,3728,/table-of-3728,3727,/table-of-3727
3731,7462,11193,14924,18655,22386,26117,29848,33579,37310,41041,44772,48503,52234,55965,59696,63427,67158,70889,74620,table-of-3731,3730,/table-of-3730,3729,/table-of-3729,3728,/table-of-3728
3732,7464,11196,14928,18660,22392,26124,29856,33588,37320,41052,44784,48516,52248,55980,59712,63444,67176,70908,74640,table-of-3732,3731,/table-of-3731,3730,/table-of-3730,3729,/table-of-3729
3733,7466,11199,14932,18665,22398,26131,29864,33597,37330,41063,44796,48529,52262,55995,59728,63461,67194,70927,74660,table-of-3733,3732,/table-of-3732,3731,/table-of-3731,3730,/table-of-3730
3734,7468,11202,14936,18670,22404,26138,29872,33606,37340,41074,44808,48542,52276,56010,59744,63478,67212,70946,74680,table-of-3734,3733,/table-of-3733,3732,/table-of-3732,3731,/table-of-3731
3735,7470,11205,14940,18675,22410,26145,29880,33615,37350,41085,44820,48555,52290,56025,59760,63495,67230,70965,74700,table-of-3735,3734,/table-of-3734,3733,/table-of-3733,3732,/table-of-3732
3736,7472,11208,14944,18680,22416,26152,29888,33624,37360,41096,44832,48568,52304,56040,59776,63512,67248,70984,74720,table-of-3736,3735,/table-of-3735,3734,/table-of-3734,3733,/table-of-3733
3737,7474,11211,14948,18685,22422,26159,29896,33633,37370,41107,44844,48581,52318,56055,59792,63529,67266,71003,74740,table-of-3737,3736,/table-of-3736,3735,/table-of-3735,3734,/table-of-3734
3738,7476,11214,14952,18690,22428,26166,29904,33642,37380,41118,44856,48594,52332,56070,59808,63546,67284,71022,74760,table-of-3738,3737,/table-of-3737,3736,/table-of-3736,3735,/table-of-3735
3739,7478,11217,14956,18695,22434,26173,29912,33651,37390,41129,44868,48607,52346,56085,59824,63563,67302,71041,74780,table-of-3739,3738,/table-of-3738,3737,/table-of-3737,3736,/table-of-3736
3740,7480,11220,14960,18700,22440,26180,29920,33660,37400,41140,44880,48620,52360,56100,59840,63580,67320,71060,74800,table-of-3740,3739,/table-of-3739,3738,/table-of-3738,3737,/table-of-3737
3741,7482,11223,14964,18705,22446,26187,29928,33669,37410,41151,44892,48633,52374,56115,59856,63597,67338,71079,74820,table-of-3741,3740,/table-of-3740,3739,/table-of-3739,3738,/table-of-3738
3742,7484,11226,14968,18710,22452,26194,29936,33678,37420,41162,44904,48646,52388,56130,59872,63614,67356,71098,74840,table-of-3742,3741,/table-of-3741,3740,/table-of-3740,3739,/table-of-3739
3743,7486,11229,14972,18715,22458,26201,29944,33687,37430,41173,44916,48659,52402,56145,59888,63631,67374,71117,74860,table-of-3743,3742,/table-of-3742,3741,/table-of-3741,3740,/table-of-3740
3744,7488,11232,14976,18720,22464,26208,29952,33696,37440,41184,44928,48672,52416,56160,59904,63648,67392,71136,74880,table-of-3744,3743,/table-of-3743,3742,/table-of-3742,3741,/table-of-3741
3745,7490,11235,14980,18725,22470,26215,29960,33705,37450,41195,44940,48685,52430,56175,59920,63665,67410,71155,74900,table-of-3745,3744,/table-of-3744,3743,/table-of-3743,3742,/table-of-3742
3746,7492,11238,14984,18730,22476,26222,29968,33714,37460,41206,44952,48698,52444,56190,59936,63682,67428,71174,74920,table-of-3746,3745,/table-of-3745,3744,/table-of-3744,3743,/table-of-3743
3747,7494,11241,14988,18735,22482,26229,29976,33723,37470,41217,44964,48711,52458,56205,59952,63699,67446,71193,74940,table-of-3747,3746,/table-of-3746,3745,/table-of-3745,3744,/table-of-3744
3748,7496,11244,14992,18740,22488,26236,29984,33732,37480,41228,44976,48724,52472,56220,59968,63716,67464,71212,74960,table-of-3748,3747,/table-of-3747,3746,/table-of-3746,3745,/table-of-3745
3749,7498,11247,14996,18745,22494,26243,29992,33741,37490,41239,44988,48737,52486,56235,59984,63733,67482,71231,74980,table-of-3749,3748,/table-of-3748,3747,/table-of-3747,3746,/table-of-3746
3750,7500,11250,15000,18750,22500,26250,30000,33750,37500,41250,45000,48750,52500,56250,60000,63750,67500,71250,75000,table-of-3750,3749,/table-of-3749,3748,/table-of-3748,3747,/table-of-3747
3751,7502,11253,15004,18755,22506,26257,30008,33759,37510,41261,45012,48763,52514,56265,60016,63767,67518,71269,75020,table-of-3751,3750,/table-of-3750,3749,/table-of-3749,3748,/table-of-3748
3752,7504,11256,15008,18760,22512,26264,30016,33768,37520,41272,45024,48776,52528,56280,60032,63784,67536,71288,75040,table-of-3752,3751,/table-of-3751,3750,/table-of-3750,3749,/table-of-3749
3753,7506,11259,15012,18765,22518,26271,30024,33777,37530,41283,45036,48789,52542,56295,60048,63801,67554,71307,75060,table-of-3753,3752,/table-of-3752,3751,/table-of-3751,3750,/table-of-3750
3754,7508,11262,15016,18770,22524,26278,30032,33786,37540,41294,45048,48802,52556,56310,60064,63818,67572,71326,75080,table-of-3754,3753,/table-of-3753,3752,/table-of-3752,3751,/table-of-3751
3755,7510,11265,15020,18775,22530,26285,30040,33795,37550,41305,45060,48815,52570,56325,60080,63835,67590,71345,75100,table-of-3755,3754,/table-of-3754,3753,/table-of-3753,3752,/table-of-3752
3756,7512,11268,15024,18780,22536,26292,30048,33804,37560,41316,45072,48828,52584,56340,60096,63852,67608,71364,75120,table-of-3756,3755,/table-of-3755,3754,/table-of-3754,3753,/table-of-3753
3757,7514,11271,15028,18785,22542,26299,30056,33813,37570,41327,45084,48841,52598,56355,60112,63869,67626,71383,75140,table-of-3757,3756,/table-of-3756,3755,/table-of-3755,3754,/table-of-3754
3758,7516,11274,15032,18790,22548,26306,30064,33822,37580,41338,45096,48854,52612,56370,60128,63886,67644,71402,75160,table-of-3758,3757,/table-of-3757,3756,/table-of-3756,3755,/table-of-3755
3759,7518,11277,15036,18795,22554,26313,30072,33831,37590,41349,45108,48867,52626,56385,60144,63903,67662,71421,75180,table-of-3759,3758,/table-of-3758,3757,/table-of-3757,3756,/table-of-3756
3760,7520,11280,15040,18800,22560,26320,30080,33840,37600,41360,45120,48880,52640,56400,60160,63920,67680,71440,75200,table-of-3760,3759,/table-of-3759,3758,/table-of-3758,3757,/table-of-3757
3761,7522,11283,15044,18805,22566,26327,30088,33849,37610,41371,45132,48893,52654,56415,60176,63937,67698,71459,75220,table-of-3761,3760,/table-of-3760,3759,/table-of-3759,3758,/table-of-3758
3762,7524,11286,15048,18810,22572,26334,30096,33858,37620,41382,45144,48906,52668,56430,60192,63954,67716,71478,75240,table-of-3762,3761,/table-of-3761,3760,/table-of-3760,3759,/table-of-3759
3763,7526,11289,15052,18815,22578,26341,30104,33867,37630,41393,45156,48919,52682,56445,60208,63971,67734,71497,75260,table-of-3763,3762,/table-of-3762,3761,/table-of-3761,3760,/table-of-3760
3764,7528,11292,15056,18820,22584,26348,30112,33876,37640,41404,45168,48932,52696,56460,60224,63988,67752,71516,75280,table-of-3764,3763,/table-of-3763,3762,/table-of-3762,3761,/table-of-3761
3765,7530,11295,15060,18825,22590,26355,30120,33885,37650,41415,45180,48945,52710,56475,60240,64005,67770,71535,75300,table-of-3765,3764,/table-of-3764,3763,/table-of-3763,3762,/table-of-3762
3766,7532,11298,15064,18830,22596,26362,30128,33894,37660,41426,45192,48958,52724,56490,60256,64022,67788,71554,75320,table-of-3766,3765,/table-of-3765,3764,/table-of-3764,3763,/table-of-3763
3767,7534,11301,15068,18835,22602,26369,30136,33903,37670,41437,45204,48971,52738,56505,60272,64039,67806,71573,75340,table-of-3767,3766,/table-of-3766,3765,/table-of-3765,3764,/table-of-3764
3768,7536,11304,15072,18840,22608,26376,30144,33912,37680,41448,45216,48984,52752,56520,60288,64056,67824,71592,75360,table-of-3768,3767,/table-of-3767,3766,/table-of-3766,3765,/table-of-3765
3769,7538,11307,15076,18845,22614,26383,30152,33921,37690,41459,45228,48997,52766,56535,60304,64073,67842,71611,75380,table-of-3769,3768,/table-of-3768,3767,/table-of-3767,3766,/table-of-3766
3770,7540,11310,15080,18850,22620,26390,30160,33930,37700,41470,45240,49010,52780,56550,60320,64090,67860,71630,75400,table-of-3770,3769,/table-of-3769,3768,/table-of-3768,3767,/table-of-3767
3771,7542,11313,15084,18855,22626,26397,30168,33939,37710,41481,45252,49023,52794,56565,60336,64107,67878,71649,75420,table-of-3771,3770,/table-of-3770,3769,/table-of-3769,3768,/table-of-3768
3772,7544,11316,15088,18860,22632,26404,30176,33948,37720,41492,45264,49036,52808,56580,60352,64124,67896,71668,75440,table-of-3772,3771,/table-of-3771,3770,/table-of-3770,3769,/table-of-3769
3773,7546,11319,15092,18865,22638,26411,30184,33957,37730,41503,45276,49049,52822,56595,60368,64141,67914,71687,75460,table-of-3773,3772,/table-of-3772,3771,/table-of-3771,3770,/table-of-3770
3774,7548,11322,15096,18870,22644,26418,30192,33966,37740,41514,45288,49062,52836,56610,60384,64158,67932,71706,75480,table-of-3774,3773,/table-of-3773,3772,/table-of-3772,3771,/table-of-3771
3775,7550,11325,15100,18875,22650,26425,30200,33975,37750,41525,45300,49075,52850,56625,60400,64175,67950,71725,75500,table-of-3775,3774,/table-of-3774,3773,/table-of-3773,3772,/table-of-3772
3776,7552,11328,15104,18880,22656,26432,30208,33984,37760,41536,45312,49088,52864,56640,60416,64192,67968,71744,75520,table-of-3776,3775,/table-of-3775,3774,/table-of-3774,3773,/table-of-3773
3777,7554,11331,15108,18885,22662,26439,30216,33993,37770,41547,45324,49101,52878,56655,60432,64209,67986,71763,75540,table-of-3777,3776,/table-of-3776,3775,/table-of-3775,3774,/table-of-3774
3778,7556,11334,15112,18890,22668,26446,30224,34002,37780,41558,45336,49114,52892,56670,60448,64226,68004,71782,75560,table-of-3778,3777,/table-of-3777,3776,/table-of-3776,3775,/table-of-3775
3779,7558,11337,15116,18895,22674,26453,30232,34011,37790,41569,45348,49127,52906,56685,60464,64243,68022,71801,75580,table-of-3779,3778,/table-of-3778,3777,/table-of-3777,3776,/table-of-3776
3780,7560,11340,15120,18900,22680,26460,30240,34020,37800,41580,45360,49140,52920,56700,60480,64260,68040,71820,75600,table-of-3780,3779,/table-of-3779,3778,/table-of-3778,3777,/table-of-3777
3781,7562,11343,15124,18905,22686,26467,30248,34029,37810,41591,45372,49153,52934,56715,60496,64277,68058,71839,75620,table-of-3781,3780,/table-of-3780,3779,/table-of-3779,3778,/table-of-3778
3782,7564,11346,15128,18910,22692,26474,30256,34038,37820,41602,45384,49166,52948,56730,60512,64294,68076,71858,75640,table-of-3782,3781,/table-of-3781,3780,/table-of-3780,3779,/table-of-3779
3783,7566,11349,15132,18915,22698,26481,30264,34047,37830,41613,45396,49179,52962,56745,60528,64311,68094,71877,75660,table-of-3783,3782,/table-of-3782,3781,/table-of-3781,3780,/table-of-3780
3784,7568,11352,15136,18920,22704,26488,30272,34056,37840,41624,45408,49192,52976,56760,60544,64328,68112,71896,75680,table-of-3784,3783,/table-of-3783,3782,/table-of-3782,3781,/table-of-3781
3785,7570,11355,15140,18925,22710,26495,30280,34065,37850,41635,45420,49205,52990,56775,60560,64345,68130,71915,75700,table-of-3785,3784,/table-of-3784,3783,/table-of-3783,3782,/table-of-3782
3786,7572,11358,15144,18930,22716,26502,30288,34074,37860,41646,45432,49218,53004,56790,60576,64362,68148,71934,75720,table-of-3786,3785,/table-of-3785,3784,/table-of-3784,3783,/table-of-3783
3787,7574,11361,15148,18935,22722,26509,30296,34083,37870,41657,45444,49231,53018,56805,60592,64379,68166,71953,75740,table-of-3787,3786,/table-of-3786,3785,/table-of-3785,3784,/table-of-3784
3788,7576,11364,15152,18940,22728,26516,30304,34092,37880,41668,45456,49244,53032,56820,60608,64396,68184,71972,75760,table-of-3788,3787,/table-of-3787,3786,/table-of-3786,3785,/table-of-3785
3789,7578,11367,15156,18945,22734,26523,30312,34101,37890,41679,45468,49257,53046,56835,60624,64413,68202,71991,75780,table-of-3789,3788,/table-of-3788,3787,/table-of-3787,3786,/table-of-3786
3790,7580,11370,15160,18950,22740,26530,30320,34110,37900,41690,45480,49270,53060,56850,60640,64430,68220,72010,75800,table-of-3790,3789,/table-of-3789,3788,/table-of-3788,3787,/table-of-3787
3791,7582,11373,15164,18955,22746,26537,30328,34119,37910,41701,45492,49283,53074,56865,60656,64447,68238,72029,75820,table-of-3791,3790,/table-of-3790,3789,/table-of-3789,3788,/table-of-3788
3792,7584,11376,15168,18960,22752,26544,30336,34128,37920,41712,45504,49296,53088,56880,60672,64464,68256,72048,75840,table-of-3792,3791,/table-of-3791,3790,/table-of-3790,3789,/table-of-3789
3793,7586,11379,15172,18965,22758,26551,30344,34137,37930,41723,45516,49309,53102,56895,60688,64481,68274,72067,75860,table-of-3793,3792,/table-of-3792,3791,/table-of-3791,3790,/table-of-3790
3794,7588,11382,15176,18970,22764,26558,30352,34146,37940,41734,45528,49322,53116,56910,60704,64498,68292,72086,75880,table-of-3794,3793,/table-of-3793,3792,/table-of-3792,3791,/table-of-3791
3795,7590,11385,15180,18975,22770,26565,30360,34155,37950,41745,45540,49335,53130,56925,60720,64515,68310,72105,75900,table-of-3795,3794,/table-of-3794,3793,/table-of-3793,3792,/table-of-3792
3796,7592,11388,15184,18980,22776,26572,30368,34164,37960,41756,45552,49348,53144,56940,60736,64532,68328,72124,75920,table-of-3796,3795,/table-of-3795,3794,/table-of-3794,3793,/table-of-3793
3797,7594,11391,15188,18985,22782,26579,30376,34173,37970,41767,45564,49361,53158,56955,60752,64549,68346,72143,75940,table-of-3797,3796,/table-of-3796,3795,/table-of-3795,3794,/table-of-3794
3798,7596,11394,15192,18990,22788,26586,30384,34182,37980,41778,45576,49374,53172,56970,60768,64566,68364,72162,75960,table-of-3798,3797,/table-of-3797,3796,/table-of-3796,3795,/table-of-3795
3799,7598,11397,15196,18995,22794,26593,30392,34191,37990,41789,45588,49387,53186,56985,60784,64583,68382,72181,75980,table-of-3799,3798,/table-of-3798,3797,/table-of-3797,3796,/table-of-3796
3800,7600,11400,15200,19000,22800,26600,30400,34200,38000,41800,45600,49400,53200,57000,60800,64600,68400,72200,76000,table-of-3800,3799,/table-of-3799,3798,/table-of-3798,3797,/table-of-3797
3801,7602,11403,15204,19005,22806,26607,30408,34209,38010,41811,45612,49413,53214,57015,60816,64617,68418,72219,76020,table-of-3801,3800,/table-of-3800,3799,/table-of-3799,3798,/table-of-3798
3802,7604,11406,15208,19010,22812,26614,30416,34218,38020,41822,45624,49426,53228,57030,60832,64634,68436,72238,76040,table-of-3802,3801,/table-of-3801,3800,/table-of-3800,3799,/table-of-3799
3803,7606,11409,15212,19015,22818,26621,30424,34227,38030,41833,45636,49439,53242,57045,60848,64651,68454,72257,76060,table-of-3803,3802,/table-of-3802,3801,/table-of-3801,3800,/table-of-3800
3804,7608,11412,15216,19020,22824,26628,30432,34236,38040,41844,45648,49452,53256,57060,60864,64668,68472,72276,76080,table-of-3804,3803,/table-of-3803,3802,/table-of-3802,3801,/table-of-3801
3805,7610,11415,15220,19025,22830,26635,30440,34245,38050,41855,45660,49465,53270,57075,60880,64685,68490,72295,76100,table-of-3805,3804,/table-of-3804,3803,/table-of-3803,3802,/table-of-3802
3806,7612,11418,15224,19030,22836,26642,30448,34254,38060,41866,45672,49478,53284,57090,60896,64702,68508,72314,76120,table-of-3806,3805,/table-of-3805,3804,/table-of-3804,3803,/table-of-3803
3807,7614,11421,15228,19035,22842,26649,30456,34263,38070,41877,45684,49491,53298,57105,60912,64719,68526,72333,76140,table-of-3807,3806,/table-of-3806,3805,/table-of-3805,3804,/table-of-3804
3808,7616,11424,15232,19040,22848,26656,30464,34272,38080,41888,45696,49504,53312,57120,60928,64736,68544,72352,76160,table-of-3808,3807,/table-of-3807,3806,/table-of-3806,3805,/table-of-3805
3809,7618,11427,15236,19045,22854,26663,30472,34281,38090,41899,45708,49517,53326,57135,60944,64753,68562,72371,76180,table-of-3809,3808,/table-of-3808,3807,/table-of-3807,3806,/table-of-3806
3810,7620,11430,15240,19050,22860,26670,30480,34290,38100,41910,45720,49530,53340,57150,60960,64770,68580,72390,76200,table-of-3810,3809,/table-of-3809,3808,/table-of-3808,3807,/table-of-3807
3811,7622,11433,15244,19055,22866,26677,30488,34299,38110,41921,45732,49543,53354,57165,60976,64787,68598,72409,76220,table-of-3811,3810,/table-of-3810,3809,/table-of-3809,3808,/table-of-3808
3812,7624,11436,15248,19060,22872,26684,30496,34308,38120,41932,45744,49556,53368,57180,60992,64804,68616,72428,76240,table-of-3812,3811,/table-of-3811,3810,/table-of-3810,3809,/table-of-3809
3813,7626,11439,15252,19065,22878,26691,30504,34317,38130,41943,45756,49569,53382,57195,61008,64821,68634,72447,76260,table-of-3813,3812,/table-of-3812,3811,/table-of-3811,3810,/table-of-3810
3814,7628,11442,15256,19070,22884,26698,30512,34326,38140,41954,45768,49582,53396,57210,61024,64838,68652,72466,76280,table-of-3814,3813,/table-of-3813,3812,/table-of-3812,3811,/table-of-3811
3815,7630,11445,15260,19075,22890,26705,30520,34335,38150,41965,45780,49595,53410,57225,61040,64855,68670,72485,76300,table-of-3815,3814,/table-of-3814,3813,/table-of-3813,3812,/table-of-3812
3816,7632,11448,15264,19080,22896,26712,30528,34344,38160,41976,45792,49608,53424,57240,61056,64872,68688,72504,76320,table-of-3816,3815,/table-of-3815,3814,/table-of-3814,3813,/table-of-3813
3817,7634,11451,15268,19085,22902,26719,30536,34353,38170,41987,45804,49621,53438,57255,61072,64889,68706,72523,76340,table-of-3817,3816,/table-of-3816,3815,/table-of-3815,3814,/table-of-3814
3818,7636,11454,15272,19090,22908,26726,30544,34362,38180,41998,45816,49634,53452,57270,61088,64906,68724,72542,76360,table-of-3818,3817,/table-of-3817,3816,/table-of-3816,3815,/table-of-3815
3819,7638,11457,15276,19095,22914,26733,30552,34371,38190,42009,45828,49647,53466,57285,61104,64923,68742,72561,76380,table-of-3819,3818,/table-of-3818,3817,/table-of-3817,3816,/table-of-3816
3820,7640,11460,15280,19100,22920,26740,30560,34380,38200,42020,45840,49660,53480,57300,61120,64940,68760,72580,76400,table-of-3820,3819,/table-of-3819,3818,/table-of-3818,3817,/table-of-3817
3821,7642,11463,15284,19105,22926,26747,30568,34389,38210,42031,45852,49673,53494,57315,61136,64957,68778,72599,76420,table-of-3821,3820,/table-of-3820,3819,/table-of-3819,3818,/table-of-3818
3822,7644,11466,15288,19110,22932,26754,30576,34398,38220,42042,45864,49686,53508,57330,61152,64974,68796,72618,76440,table-of-3822,3821,/table-of-3821,3820,/table-of-3820,3819,/table-of-3819
3823,7646,11469,15292,19115,22938,26761,30584,34407,38230,42053,45876,49699,53522,57345,61168,64991,68814,72637,76460,table-of-3823,3822,/table-of-3822,3821,/table-of-3821,3820,/table-of-3820
3824,7648,11472,15296,19120,22944,26768,30592,34416,38240,42064,45888,49712,53536,57360,61184,65008,68832,72656,76480,table-of-3824,3823,/table-of-3823,3822,/table-of-3822,3821,/table-of-3821
3825,7650,11475,15300,19125,22950,26775,30600,34425,38250,42075,45900,49725,53550,57375,61200,65025,68850,72675,76500,table-of-3825,3824,/table-of-3824,3823,/table-of-3823,3822,/table-of-3822
3826,7652,11478,15304,19130,22956,26782,30608,34434,38260,42086,45912,49738,53564,57390,61216,65042,68868,72694,76520,table-of-3826,3825,/table-of-3825,3824,/table-of-3824,3823,/table-of-3823
3827,7654,11481,15308,19135,22962,26789,30616,34443,38270,42097,45924,49751,53578,57405,61232,65059,68886,72713,76540,table-of-3827,3826,/table-of-3826,3825,/table-of-3825,3824,/table-of-3824
3828,7656,11484,15312,19140,22968,26796,30624,34452,38280,42108,45936,49764,53592,57420,61248,65076,68904,72732,76560,table-of-3828,3827,/table-of-3827,3826,/table-of-3826,3825,/table-of-3825
3829,7658,11487,15316,19145,22974,26803,30632,34461,38290,42119,45948,49777,53606,57435,61264,65093,68922,72751,76580,table-of-3829,3828,/table-of-3828,3827,/table-of-3827,3826,/table-of-3826
3830,7660,11490,15320,19150,22980,26810,30640,34470,38300,42130,45960,49790,53620,57450,61280,65110,68940,72770,76600,table-of-3830,3829,/table-of-3829,3828,/table-of-3828,3827,/table-of-3827
3831,7662,11493,15324,19155,22986,26817,30648,34479,38310,42141,45972,49803,53634,57465,61296,65127,68958,72789,76620,table-of-3831,3830,/table-of-3830,3829,/table-of-3829,3828,/table-of-3828
3832,7664,11496,15328,19160,22992,26824,30656,34488,38320,42152,45984,49816,53648,57480,61312,65144,68976,72808,76640,table-of-3832,3831,/table-of-3831,3830,/table-of-3830,3829,/table-of-3829
3833,7666,11499,15332,19165,22998,26831,30664,34497,38330,42163,45996,49829,53662,57495,61328,65161,68994,72827,76660,table-of-3833,3832,/table-of-3832,3831,/table-of-3831,3830,/table-of-3830
3834,7668,11502,15336,19170,23004,26838,30672,34506,38340,42174,46008,49842,53676,57510,61344,65178,69012,72846,76680,table-of-3834,3833,/table-of-3833,3832,/table-of-3832,3831,/table-of-3831
3835,7670,11505,15340,19175,23010,26845,30680,34515,38350,42185,46020,49855,53690,57525,61360,65195,69030,72865,76700,table-of-3835,3834,/table-of-3834,3833,/table-of-3833,3832,/table-of-3832
3836,7672,11508,15344,19180,23016,26852,30688,34524,38360,42196,46032,49868,53704,57540,61376,65212,69048,72884,76720,table-of-3836,3835,/table-of-3835,3834,/table-of-3834,3833,/table-of-3833
3837,7674,11511,15348,19185,23022,26859,30696,34533,38370,42207,46044,49881,53718,57555,61392,65229,69066,72903,76740,table-of-3837,3836,/table-of-3836,3835,/table-of-3835,3834,/table-of-3834
3838,7676,11514,15352,19190,23028,26866,30704,34542,38380,42218,46056,49894,53732,57570,61408,65246,69084,72922,76760,table-of-3838,3837,/table-of-3837,3836,/table-of-3836,3835,/table-of-3835
3839,7678,11517,15356,19195,23034,26873,30712,34551,38390,42229,46068,49907,53746,57585,61424,65263,69102,72941,76780,table-of-3839,3838,/table-of-3838,3837,/table-of-3837,3836,/table-of-3836
3840,7680,11520,15360,19200,23040,26880,30720,34560,38400,42240,46080,49920,53760,57600,61440,65280,69120,72960,76800,table-of-3840,3839,/table-of-3839,3838,/table-of-3838,3837,/table-of-3837
3841,7682,11523,15364,19205,23046,26887,30728,34569,38410,42251,46092,49933,53774,57615,61456,65297,69138,72979,76820,table-of-3841,3840,/table-of-3840,3839,/table-of-3839,3838,/table-of-3838
3842,7684,11526,15368,19210,23052,26894,30736,34578,38420,42262,46104,49946,53788,57630,61472,65314,69156,72998,76840,table-of-3842,3841,/table-of-3841,3840,/table-of-3840,3839,/table-of-3839
3843,7686,11529,15372,19215,23058,26901,30744,34587,38430,42273,46116,49959,53802,57645,61488,65331,69174,73017,76860,table-of-3843,3842,/table-of-3842,3841,/table-of-3841,3840,/table-of-3840
3844,7688,11532,15376,19220,23064,26908,30752,34596,38440,42284,46128,49972,53816,57660,61504,65348,69192,73036,76880,table-of-3844,3843,/table-of-3843,3842,/table-of-3842,3841,/table-of-3841
3845,7690,11535,15380,19225,23070,26915,30760,34605,38450,42295,46140,49985,53830,57675,61520,65365,69210,73055,76900,table-of-3845,3844,/table-of-3844,3843,/table-of-3843,3842,/table-of-3842
3846,7692,11538,15384,19230,23076,26922,30768,34614,38460,42306,46152,49998,53844,57690,61536,65382,69228,73074,76920,table-of-3846,3845,/table-of-3845,3844,/table-of-3844,3843,/table-of-3843
3847,7694,11541,15388,19235,23082,26929,30776,34623,38470,42317,46164,50011,53858,57705,61552,65399,69246,73093,76940,table-of-3847,3846,/table-of-3846,3845,/table-of-3845,3844,/table-of-3844
3848,7696,11544,15392,19240,23088,26936,30784,34632,38480,42328,46176,50024,53872,57720,61568,65416,69264,73112,76960,table-of-3848,3847,/table-of-3847,3846,/table-of-3846,3845,/table-of-3845
3849,7698,11547,15396,19245,23094,26943,30792,34641,38490,42339,46188,50037,53886,57735,61584,65433,69282,73131,76980,table-of-3849,3848,/table-of-3848,3847,/table-of-3847,3846,/table-of-3846
3850,7700,11550,15400,19250,23100,26950,30800,34650,38500,42350,46200,50050,53900,57750,61600,65450,69300,73150,77000,table-of-3850,3849,/table-of-3849,3848,/table-of-3848,3847,/table-of-3847
3851,7702,11553,15404,19255,23106,26957,30808,34659,38510,42361,46212,50063,53914,57765,61616,65467,69318,73169,77020,table-of-3851,3850,/table-of-3850,3849,/table-of-3849,3848,/table-of-3848
3852,7704,11556,15408,19260,23112,26964,30816,34668,38520,42372,46224,50076,53928,57780,61632,65484,69336,73188,77040,table-of-3852,3851,/table-of-3851,3850,/table-of-3850,3849,/table-of-3849
3853,7706,11559,15412,19265,23118,26971,30824,34677,38530,42383,46236,50089,53942,57795,61648,65501,69354,73207,77060,table-of-3853,3852,/table-of-3852,3851,/table-of-3851,3850,/table-of-3850
3854,7708,11562,15416,19270,23124,26978,30832,34686,38540,42394,46248,50102,53956,57810,61664,65518,69372,73226,77080,table-of-3854,3853,/table-of-3853,3852,/table-of-3852,3851,/table-of-3851
3855,7710,11565,15420,19275,23130,26985,30840,34695,38550,42405,46260,50115,53970,57825,61680,65535,69390,73245,77100,table-of-3855,3854,/table-of-3854,3853,/table-of-3853,3852,/table-of-3852
3856,7712,11568,15424,19280,23136,26992,30848,34704,38560,42416,46272,50128,53984,57840,61696,65552,69408,73264,77120,table-of-3856,3855,/table-of-3855,3854,/table-of-3854,3853,/table-of-3853
3857,7714,11571,15428,19285,23142,26999,30856,34713,38570,42427,46284,50141,53998,57855,61712,65569,69426,73283,77140,table-of-3857,3856,/table-of-3856,3855,/table-of-3855,3854,/table-of-3854
3858,7716,11574,15432,19290,23148,27006,30864,34722,38580,42438,46296,50154,54012,57870,61728,65586,69444,73302,77160,table-of-3858,3857,/table-of-3857,3856,/table-of-3856,3855,/table-of-3855
3859,7718,11577,15436,19295,23154,27013,30872,34731,38590,42449,46308,50167,54026,57885,61744,65603,69462,73321,77180,table-of-3859,3858,/table-of-3858,3857,/table-of-3857,3856,/table-of-3856
3860,7720,11580,15440,19300,23160,27020,30880,34740,38600,42460,46320,50180,54040,57900,61760,65620,69480,73340,77200,table-of-3860,3859,/table-of-3859,3858,/table-of-3858,3857,/table-of-3857
3861,7722,11583,15444,19305,23166,27027,30888,34749,38610,42471,46332,50193,54054,57915,61776,65637,69498,73359,77220,table-of-3861,3860,/table-of-3860,3859,/table-of-3859,3858,/table-of-3858
3862,7724,11586,15448,19310,23172,27034,30896,34758,38620,42482,46344,50206,54068,57930,61792,65654,69516,73378,77240,table-of-3862,3861,/table-of-3861,3860,/table-of-3860,3859,/table-of-3859
3863,7726,11589,15452,19315,23178,27041,30904,34767,38630,42493,46356,50219,54082,57945,61808,65671,69534,73397,77260,table-of-3863,3862,/table-of-3862,3861,/table-of-3861,3860,/table-of-3860
3864,7728,11592,15456,19320,23184,27048,30912,34776,38640,42504,46368,50232,54096,57960,61824,65688,69552,73416,77280,table-of-3864,3863,/table-of-3863,3862,/table-of-3862,3861,/table-of-3861
3865,7730,11595,15460,19325,23190,27055,30920,34785,38650,42515,46380,50245,54110,57975,61840,65705,69570,73435,77300,table-of-3865,3864,/table-of-3864,3863,/table-of-3863,3862,/table-of-3862
3866,7732,11598,15464,19330,23196,27062,30928,34794,38660,42526,46392,50258,54124,57990,61856,65722,69588,73454,77320,table-of-3866,3865,/table-of-3865,3864,/table-of-3864,3863,/table-of-3863
3867,7734,11601,15468,19335,23202,27069,30936,34803,38670,42537,46404,50271,54138,58005,61872,65739,69606,73473,77340,table-of-3867,3866,/table-of-3866,3865,/table-of-3865,3864,/table-of-3864
3868,7736,11604,15472,19340,23208,27076,30944,34812,38680,42548,46416,50284,54152,58020,61888,65756,69624,73492,77360,table-of-3868,3867,/table-of-3867,3866,/table-of-3866,3865,/table-of-3865
3869,7738,11607,15476,19345,23214,27083,30952,34821,38690,42559,46428,50297,54166,58035,61904,65773,69642,73511,77380,table-of-3869,3868,/table-of-3868,3867,/table-of-3867,3866,/table-of-3866
3870,7740,11610,15480,19350,23220,27090,30960,34830,38700,42570,46440,50310,54180,58050,61920,65790,69660,73530,77400,table-of-3870,3869,/table-of-3869,3868,/table-of-3868,3867,/table-of-3867
3871,7742,11613,15484,19355,23226,27097,30968,34839,38710,42581,46452,50323,54194,58065,61936,65807,69678,73549,77420,table-of-3871,3870,/table-of-3870,3869,/table-of-3869,3868,/table-of-3868
3872,7744,11616,15488,19360,23232,27104,30976,34848,38720,42592,46464,50336,54208,58080,61952,65824,69696,73568,77440,table-of-3872,3871,/table-of-3871,3870,/table-of-3870,3869,/table-of-3869
3873,7746,11619,15492,19365,23238,27111,30984,34857,38730,42603,46476,50349,54222,58095,61968,65841,69714,73587,77460,table-of-3873,3872,/table-of-3872,3871,/table-of-3871,3870,/table-of-3870
3874,7748,11622,15496,19370,23244,27118,30992,34866,38740,42614,46488,50362,54236,58110,61984,65858,69732,73606,77480,table-of-3874,3873,/table-of-3873,3872,/table-of-3872,3871,/table-of-3871
3875,7750,11625,15500,19375,23250,27125,31000,34875,38750,42625,46500,50375,54250,58125,62000,65875,69750,73625,77500,table-of-3875,3874,/table-of-3874,3873,/table-of-3873,3872,/table-of-3872
3876,7752,11628,15504,19380,23256,27132,31008,34884,38760,42636,46512,50388,54264,58140,62016,65892,69768,73644,77520,table-of-3876,3875,/table-of-3875,3874,/table-of-3874,3873,/table-of-3873
3877,7754,11631,15508,19385,23262,27139,31016,34893,38770,42647,46524,50401,54278,58155,62032,65909,69786,73663,77540,table-of-3877,3876,/table-of-3876,3875,/table-of-3875,3874,/table-of-3874
3878,7756,11634,15512,19390,23268,27146,31024,34902,38780,42658,46536,50414,54292,58170,62048,65926,69804,73682,77560,table-of-3878,3877,/table-of-3877,3876,/table-of-3876,3875,/table-of-3875
3879,7758,11637,15516,19395,23274,27153,31032,34911,38790,42669,46548,50427,54306,58185,62064,65943,69822,73701,77580,table-of-3879,3878,/table-of-3878,3877,/table-of-3877,3876,/table-of-3876
3880,7760,11640,15520,19400,23280,27160,31040,34920,38800,42680,46560,50440,54320,58200,62080,65960,69840,73720,77600,table-of-3880,3879,/table-of-3879,3878,/table-of-3878,3877,/table-of-3877
3881,7762,11643,15524,19405,23286,27167,31048,34929,38810,42691,46572,50453,54334,58215,62096,65977,69858,73739,77620,table-of-3881,3880,/table-of-3880,3879,/table-of-3879,3878,/table-of-3878
3882,7764,11646,15528,19410,23292,27174,31056,34938,38820,42702,46584,50466,54348,58230,62112,65994,69876,73758,77640,table-of-3882,3881,/table-of-3881,3880,/table-of-3880,3879,/table-of-3879
3883,7766,11649,15532,19415,23298,27181,31064,34947,38830,42713,46596,50479,54362,58245,62128,66011,69894,73777,77660,table-of-3883,3882,/table-of-3882,3881,/table-of-3881,3880,/table-of-3880
3884,7768,11652,15536,19420,23304,27188,31072,34956,38840,42724,46608,50492,54376,58260,62144,66028,69912,73796,77680,table-of-3884,3883,/table-of-3883,3882,/table-of-3882,3881,/table-of-3881
3885,7770,11655,15540,19425,23310,27195,31080,34965,38850,42735,46620,50505,54390,58275,62160,66045,69930,73815,77700,table-of-3885,3884,/table-of-3884,3883,/table-of-3883,3882,/table-of-3882
3886,7772,11658,15544,19430,23316,27202,31088,34974,38860,42746,46632,50518,54404,58290,62176,66062,69948,73834,77720,table-of-3886,3885,/table-of-3885,3884,/table-of-3884,3883,/table-of-3883
3887,7774,11661,15548,19435,23322,27209,31096,34983,38870,42757,46644,50531,54418,58305,62192,66079,69966,73853,77740,table-of-3887,3886,/table-of-3886,3885,/table-of-3885,3884,/table-of-3884
3888,7776,11664,15552,19440,23328,27216,31104,34992,38880,42768,46656,50544,54432,58320,62208,66096,69984,73872,77760,table-of-3888,3887,/table-of-3887,3886,/table-of-3886,3885,/table-of-3885
3889,7778,11667,15556,19445,23334,27223,31112,35001,38890,42779,46668,50557,54446,58335,62224,66113,70002,73891,77780,table-of-3889,3888,/table-of-3888,3887,/table-of-3887,3886,/table-of-3886
3890,7780,11670,15560,19450,23340,27230,31120,35010,38900,42790,46680,50570,54460,58350,62240,66130,70020,73910,77800,table-of-3890,3889,/table-of-3889,3888,/table-of-3888,3887,/table-of-3887
3891,7782,11673,15564,19455,23346,27237,31128,35019,38910,42801,46692,50583,54474,58365,62256,66147,70038,73929,77820,table-of-3891,3890,/table-of-3890,3889,/table-of-3889,3888,/table-of-3888
3892,7784,11676,15568,19460,23352,27244,31136,35028,38920,42812,46704,50596,54488,58380,62272,66164,70056,73948,77840,table-of-3892,3891,/table-of-3891,3890,/table-of-3890,3889,/table-of-3889
3893,7786,11679,15572,19465,23358,27251,31144,35037,38930,42823,46716,50609,54502,58395,62288,66181,70074,73967,77860,table-of-3893,3892,/table-of-3892,3891,/table-of-3891,3890,/table-of-3890
3894,7788,11682,15576,19470,23364,27258,31152,35046,38940,42834,46728,50622,54516,58410,62304,66198,70092,73986,77880,table-of-3894,3893,/table-of-3893,3892,/table-of-3892,3891,/table-of-3891
3895,7790,11685,15580,19475,23370,27265,31160,35055,38950,42845,46740,50635,54530,58425,62320,66215,70110,74005,77900,table-of-3895,3894,/table-of-3894,3893,/table-of-3893,3892,/table-of-3892
3896,7792,11688,15584,19480,23376,27272,31168,35064,38960,42856,46752,50648,54544,58440,62336,66232,70128,74024,77920,table-of-3896,3895,/table-of-3895,3894,/table-of-3894,3893,/table-of-3893
3897,7794,11691,15588,19485,23382,27279,31176,35073,38970,42867,46764,50661,54558,58455,62352,66249,70146,74043,77940,table-of-3897,3896,/table-of-3896,3895,/table-of-3895,3894,/table-of-3894
3898,7796,11694,15592,19490,23388,27286,31184,35082,38980,42878,46776,50674,54572,58470,62368,66266,70164,74062,77960,table-of-3898,3897,/table-of-3897,3896,/table-of-3896,3895,/table-of-3895
3899,7798,11697,15596,19495,23394,27293,31192,35091,38990,42889,46788,50687,54586,58485,62384,66283,70182,74081,77980,table-of-3899,3898,/table-of-3898,3897,/table-of-3897,3896,/table-of-3896
3900,7800,11700,15600,19500,23400,27300,31200,35100,39000,42900,46800,50700,54600,58500,62400,66300,70200,74100,78000,table-of-3900,3899,/table-of-3899,3898,/table-of-3898,3897,/table-of-3897
3901,7802,11703,15604,19505,23406,27307,31208,35109,39010,42911,46812,50713,54614,58515,62416,66317,70218,74119,78020,table-of-3901,3900,/table-of-3900,3899,/table-of-3899,3898,/table-of-3898
3902,7804,11706,15608,19510,23412,27314,31216,35118,39020,42922,46824,50726,54628,58530,62432,66334,70236,74138,78040,table-of-3902,3901,/table-of-3901,3900,/table-of-3900,3899,/table-of-3899
3903,7806,11709,15612,19515,23418,27321,31224,35127,39030,42933,46836,50739,54642,58545,62448,66351,70254,74157,78060,table-of-3903,3902,/table-of-3902,3901,/table-of-3901,3900,/table-of-3900
3904,7808,11712,15616,19520,23424,27328,31232,35136,39040,42944,46848,50752,54656,58560,62464,66368,70272,74176,78080,table-of-3904,3903,/table-of-3903,3902,/table-of-3902,3901,/table-of-3901
3905,7810,11715,15620,19525,23430,27335,31240,35145,39050,42955,46860,50765,54670,58575,62480,66385,70290,74195,78100,table-of-3905,3904,/table-of-3904,3903,/table-of-3903,3902,/table-of-3902
3906,7812,11718,15624,19530,23436,27342,31248,35154,39060,42966,46872,50778,54684,58590,62496,66402,70308,74214,78120,table-of-3906,3905,/table-of-3905,3904,/table-of-3904,3903,/table-of-3903
3907,7814,11721,15628,19535,23442,27349,31256,35163,39070,42977,46884,50791,54698,58605,62512,66419,70326,74233,78140,table-of-3907,3906,/table-of-3906,3905,/table-of-3905,3904,/table-of-3904
3908,7816,11724,15632,19540,23448,27356,31264,35172,39080,42988,46896,50804,54712,58620,62528,66436,70344,74252,78160,table-of-3908,3907,/table-of-3907,3906,/table-of-3906,3905,/table-of-3905
3909,7818,11727,15636,19545,23454,27363,31272,35181,39090,42999,46908,50817,54726,58635,62544,66453,70362,74271,78180,table-of-3909,3908,/table-of-3908,3907,/table-of-3907,3906,/table-of-3906
3910,7820,11730,15640,19550,23460,27370,31280,35190,39100,43010,46920,50830,54740,58650,62560,66470,70380,74290,78200,table-of-3910,3909,/table-of-3909,3908,/table-of-3908,3907,/table-of-3907
3911,7822,11733,15644,19555,23466,27377,31288,35199,39110,43021,46932,50843,54754,58665,62576,66487,70398,74309,78220,table-of-3911,3910,/table-of-3910,3909,/table-of-3909,3908,/table-of-3908
3912,7824,11736,15648,19560,23472,27384,31296,35208,39120,43032,46944,50856,54768,58680,62592,66504,70416,74328,78240,table-of-3912,3911,/table-of-3911,3910,/table-of-3910,3909,/table-of-3909
3913,7826,11739,15652,19565,23478,27391,31304,35217,39130,43043,46956,50869,54782,58695,62608,66521,70434,74347,78260,table-of-3913,3912,/table-of-3912,3911,/table-of-3911,3910,/table-of-3910
3914,7828,11742,15656,19570,23484,27398,31312,35226,39140,43054,46968,50882,54796,58710,62624,66538,70452,74366,78280,table-of-3914,3913,/table-of-3913,3912,/table-of-3912,3911,/table-of-3911
3915,7830,11745,15660,19575,23490,27405,31320,35235,39150,43065,46980,50895,54810,58725,62640,66555,70470,74385,78300,table-of-3915,3914,/table-of-3914,3913,/table-of-3913,3912,/table-of-3912
3916,7832,11748,15664,19580,23496,27412,31328,35244,39160,43076,46992,50908,54824,58740,62656,66572,70488,74404,78320,table-of-3916,3915,/table-of-3915,3914,/table-of-3914,3913,/table-of-3913
3917,7834,11751,15668,19585,23502,27419,31336,35253,39170,43087,47004,50921,54838,58755,62672,66589,70506,74423,78340,table-of-3917,3916,/table-of-3916,3915,/table-of-3915,3914,/table-of-3914
3918,7836,11754,15672,19590,23508,27426,31344,35262,39180,43098,47016,50934,54852,58770,62688,66606,70524,74442,78360,table-of-3918,3917,/table-of-3917,3916,/table-of-3916,3915,/table-of-3915
3919,7838,11757,15676,19595,23514,27433,31352,35271,39190,43109,47028,50947,54866,58785,62704,66623,70542,74461,78380,table-of-3919,3918,/table-of-3918,3917,/table-of-3917,3916,/table-of-3916
3920,7840,11760,15680,19600,23520,27440,31360,35280,39200,43120,47040,50960,54880,58800,62720,66640,70560,74480,78400,table-of-3920,3919,/table-of-3919,3918,/table-of-3918,3917,/table-of-3917
3921,7842,11763,15684,19605,23526,27447,31368,35289,39210,43131,47052,50973,54894,58815,62736,66657,70578,74499,78420,table-of-3921,3920,/table-of-3920,3919,/table-of-3919,3918,/table-of-3918
3922,7844,11766,15688,19610,23532,27454,31376,35298,39220,43142,47064,50986,54908,58830,62752,66674,70596,74518,78440,table-of-3922,3921,/table-of-3921,3920,/table-of-3920,3919,/table-of-3919
3923,7846,11769,15692,19615,23538,27461,31384,35307,39230,43153,47076,50999,54922,58845,62768,66691,70614,74537,78460,table-of-3923,3922,/table-of-3922,3921,/table-of-3921,3920,/table-of-3920
3924,7848,11772,15696,19620,23544,27468,31392,35316,39240,43164,47088,51012,54936,58860,62784,66708,70632,74556,78480,table-of-3924,3923,/table-of-3923,3922,/table-of-3922,3921,/table-of-3921
3925,7850,11775,15700,19625,23550,27475,31400,35325,39250,43175,47100,51025,54950,58875,62800,66725,70650,74575,78500,table-of-3925,3924,/table-of-3924,3923,/table-of-3923,3922,/table-of-3922
3926,7852,11778,15704,19630,23556,27482,31408,35334,39260,43186,47112,51038,54964,58890,62816,66742,70668,74594,78520,table-of-3926,3925,/table-of-3925,3924,/table-of-3924,3923,/table-of-3923
3927,7854,11781,15708,19635,23562,27489,31416,35343,39270,43197,47124,51051,54978,58905,62832,66759,70686,74613,78540,table-of-3927,3926,/table-of-3926,3925,/table-of-3925,3924,/table-of-3924
3928,7856,11784,15712,19640,23568,27496,31424,35352,39280,43208,47136,51064,54992,58920,62848,66776,70704,74632,78560,table-of-3928,3927,/table-of-3927,3926,/table-of-3926,3925,/table-of-3925
3929,7858,11787,15716,19645,23574,27503,31432,35361,39290,43219,47148,51077,55006,58935,62864,66793,70722,74651,78580,table-of-3929,3928,/table-of-3928,3927,/table-of-3927,3926,/table-of-3926
3930,7860,11790,15720,19650,23580,27510,31440,35370,39300,43230,47160,51090,55020,58950,62880,66810,70740,74670,78600,table-of-3930,3929,/table-of-3929,3928,/table-of-3928,3927,/table-of-3927
3931,7862,11793,15724,19655,23586,27517,31448,35379,39310,43241,47172,51103,55034,58965,62896,66827,70758,74689,78620,table-of-3931,3930,/table-of-3930,3929,/table-of-3929,3928,/table-of-3928
3932,7864,11796,15728,19660,23592,27524,31456,35388,39320,43252,47184,51116,55048,58980,62912,66844,70776,74708,78640,table-of-3932,3931,/table-of-3931,3930,/table-of-3930,3929,/table-of-3929
3933,7866,11799,15732,19665,23598,27531,31464,35397,39330,43263,47196,51129,55062,58995,62928,66861,70794,74727,78660,table-of-3933,3932,/table-of-3932,3931,/table-of-3931,3930,/table-of-3930
3934,7868,11802,15736,19670,23604,27538,31472,35406,39340,43274,47208,51142,55076,59010,62944,66878,70812,74746,78680,table-of-3934,3933,/table-of-3933,3932,/table-of-3932,3931,/table-of-3931
3935,7870,11805,15740,19675,23610,27545,31480,35415,39350,43285,47220,51155,55090,59025,62960,66895,70830,74765,78700,table-of-3935,3934,/table-of-3934,3933,/table-of-3933,3932,/table-of-3932
3936,7872,11808,15744,19680,23616,27552,31488,35424,39360,43296,47232,51168,55104,59040,62976,66912,70848,74784,78720,table-of-3936,3935,/table-of-3935,3934,/table-of-3934,3933,/table-of-3933
3937,7874,11811,15748,19685,23622,27559,31496,35433,39370,43307,47244,51181,55118,59055,62992,66929,70866,74803,78740,table-of-3937,3936,/table-of-3936,3935,/table-of-3935,3934,/table-of-3934
3938,7876,11814,15752,19690,23628,27566,31504,35442,39380,43318,47256,51194,55132,59070,63008,66946,70884,74822,78760,table-of-3938,3937,/table-of-3937,3936,/table-of-3936,3935,/table-of-3935
3939,7878,11817,15756,19695,23634,27573,31512,35451,39390,43329,47268,51207,55146,59085,63024,66963,70902,74841,78780,table-of-3939,3938,/table-of-3938,3937,/table-of-3937,3936,/table-of-3936
3940,7880,11820,15760,19700,23640,27580,31520,35460,39400,43340,47280,51220,55160,59100,63040,66980,70920,74860,78800,table-of-3940,3939,/table-of-3939,3938,/table-of-3938,3937,/table-of-3937
3941,7882,11823,15764,19705,23646,27587,31528,35469,39410,43351,47292,51233,55174,59115,63056,66997,70938,74879,78820,table-of-3941,3940,/table-of-3940,3939,/table-of-3939,3938,/table-of-3938
3942,7884,11826,15768,19710,23652,27594,31536,35478,39420,43362,47304,51246,55188,59130,63072,67014,70956,74898,78840,table-of-3942,3941,/table-of-3941,3940,/table-of-3940,3939,/table-of-3939
3943,7886,11829,15772,19715,23658,27601,31544,35487,39430,43373,47316,51259,55202,59145,63088,67031,70974,74917,78860,table-of-3943,3942,/table-of-3942,3941,/table-of-3941,3940,/table-of-3940
3944,7888,11832,15776,19720,23664,27608,31552,35496,39440,43384,47328,51272,55216,59160,63104,67048,70992,74936,78880,table-of-3944,3943,/table-of-3943,3942,/table-of-3942,3941,/table-of-3941
3945,7890,11835,15780,19725,23670,27615,31560,35505,39450,43395,47340,51285,55230,59175,63120,67065,71010,74955,78900,table-of-3945,3944,/table-of-3944,3943,/table-of-3943,3942,/table-of-3942
3946,7892,11838,15784,19730,23676,27622,31568,35514,39460,43406,47352,51298,55244,59190,63136,67082,71028,74974,78920,table-of-3946,3945,/table-of-3945,3944,/table-of-3944,3943,/table-of-3943
3947,7894,11841,15788,19735,23682,27629,31576,35523,39470,43417,47364,51311,55258,59205,63152,67099,71046,74993,78940,table-of-3947,3946,/table-of-3946,3945,/table-of-3945,3944,/table-of-3944
3948,7896,11844,15792,19740,23688,27636,31584,35532,39480,43428,47376,51324,55272,59220,63168,67116,71064,75012,78960,table-of-3948,3947,/table-of-3947,3946,/table-of-3946,3945,/table-of-3945
3949,7898,11847,15796,19745,23694,27643,31592,35541,39490,43439,47388,51337,55286,59235,63184,67133,71082,75031,78980,table-of-3949,3948,/table-of-3948,3947,/table-of-3947,3946,/table-of-3946
3950,7900,11850,15800,19750,23700,27650,31600,35550,39500,43450,47400,51350,55300,59250,63200,67150,71100,75050,79000,table-of-3950,3949,/table-of-3949,3948,/table-of-3948,3947,/table-of-3947
3951,7902,11853,15804,19755,23706,27657,31608,35559,39510,43461,47412,51363,55314,59265,63216,67167,71118,75069,79020,table-of-3951,3950,/table-of-3950,3949,/table-of-3949,3948,/table-of-3948
3952,7904,11856,15808,19760,23712,27664,31616,35568,39520,43472,47424,51376,55328,59280,63232,67184,71136,75088,79040,table-of-3952,3951,/table-of-3951,3950,/table-of-3950,3949,/table-of-3949
3953,7906,11859,15812,19765,23718,27671,31624,35577,39530,43483,47436,51389,55342,59295,63248,67201,71154,75107,79060,table-of-3953,3952,/table-of-3952,3951,/table-of-3951,3950,/table-of-3950
3954,7908,11862,15816,19770,23724,27678,31632,35586,39540,43494,47448,51402,55356,59310,63264,67218,71172,75126,79080,table-of-3954,3953,/table-of-3953,3952,/table-of-3952,3951,/table-of-3951
3955,7910,11865,15820,19775,23730,27685,31640,35595,39550,43505,47460,51415,55370,59325,63280,67235,71190,75145,79100,table-of-3955,3954,/table-of-3954,3953,/table-of-3953,3952,/table-of-3952
3956,7912,11868,15824,19780,23736,27692,31648,35604,39560,43516,47472,51428,55384,59340,63296,67252,71208,75164,79120,table-of-3956,3955,/table-of-3955,3954,/table-of-3954,3953,/table-of-3953
3957,7914,11871,15828,19785,23742,27699,31656,35613,39570,43527,47484,51441,55398,59355,63312,67269,71226,75183,79140,table-of-3957,3956,/table-of-3956,3955,/table-of-3955,3954,/table-of-3954
3958,7916,11874,15832,19790,23748,27706,31664,35622,39580,43538,47496,51454,55412,59370,63328,67286,71244,75202,79160,table-of-3958,3957,/table-of-3957,3956,/table-of-3956,3955,/table-of-3955
3959,7918,11877,15836,19795,23754,27713,31672,35631,39590,43549,47508,51467,55426,59385,63344,67303,71262,75221,79180,table-of-3959,3958,/table-of-3958,3957,/table-of-3957,3956,/table-of-3956
3960,7920,11880,15840,19800,23760,27720,31680,35640,39600,43560,47520,51480,55440,59400,63360,67320,71280,75240,79200,table-of-3960,3959,/table-of-3959,3958,/table-of-3958,3957,/table-of-3957
3961,7922,11883,15844,19805,23766,27727,31688,35649,39610,43571,47532,51493,55454,59415,63376,67337,71298,75259,79220,table-of-3961,3960,/table-of-3960,3959,/table-of-3959,3958,/table-of-3958
3962,7924,11886,15848,19810,23772,27734,31696,35658,39620,43582,47544,51506,55468,59430,63392,67354,71316,75278,79240,table-of-3962,3961,/table-of-3961,3960,/table-of-3960,3959,/table-of-3959
3963,7926,11889,15852,19815,23778,27741,31704,35667,39630,43593,47556,51519,55482,59445,63408,67371,71334,75297,79260,table-of-3963,3962,/table-of-3962,3961,/table-of-3961,3960,/table-of-3960
3964,7928,11892,15856,19820,23784,27748,31712,35676,39640,43604,47568,51532,55496,59460,63424,67388,71352,75316,79280,table-of-3964,3963,/table-of-3963,3962,/table-of-3962,3961,/table-of-3961
3965,7930,11895,15860,19825,23790,27755,31720,35685,39650,43615,47580,51545,55510,59475,63440,67405,71370,75335,79300,table-of-3965,3964,/table-of-3964,3963,/table-of-3963,3962,/table-of-3962
3966,7932,11898,15864,19830,23796,27762,31728,35694,39660,43626,47592,51558,55524,59490,63456,67422,71388,75354,79320,table-of-3966,3965,/table-of-3965,3964,/table-of-3964,3963,/table-of-3963
3967,7934,11901,15868,19835,23802,27769,31736,35703,39670,43637,47604,51571,55538,59505,63472,67439,71406,75373,79340,table-of-3967,3966,/table-of-3966,3965,/table-of-3965,3964,/table-of-3964
3968,7936,11904,15872,19840,23808,27776,31744,35712,39680,43648,47616,51584,55552,59520,63488,67456,71424,75392,79360,table-of-3968,3967,/table-of-3967,3966,/table-of-3966,3965,/table-of-3965
3969,7938,11907,15876,19845,23814,27783,31752,35721,39690,43659,47628,51597,55566,59535,63504,67473,71442,75411,79380,table-of-3969,3968,/table-of-3968,3967,/table-of-3967,3966,/table-of-3966
3970,7940,11910,15880,19850,23820,27790,31760,35730,39700,43670,47640,51610,55580,59550,63520,67490,71460,75430,79400,table-of-3970,3969,/table-of-3969,3968,/table-of-3968,3967,/table-of-3967
3971,7942,11913,15884,19855,23826,27797,31768,35739,39710,43681,47652,51623,55594,59565,63536,67507,71478,75449,79420,table-of-3971,3970,/table-of-3970,3969,/table-of-3969,3968,/table-of-3968
3972,7944,11916,15888,19860,23832,27804,31776,35748,39720,43692,47664,51636,55608,59580,63552,67524,71496,75468,79440,table-of-3972,3971,/table-of-3971,3970,/table-of-3970,3969,/table-of-3969
3973,7946,11919,15892,19865,23838,27811,31784,35757,39730,43703,47676,51649,55622,59595,63568,67541,71514,75487,79460,table-of-3973,3972,/table-of-3972,3971,/table-of-3971,3970,/table-of-3970
3974,7948,11922,15896,19870,23844,27818,31792,35766,39740,43714,47688,51662,55636,59610,63584,67558,71532,75506,79480,table-of-3974,3973,/table-of-3973,3972,/table-of-3972,3971,/table-of-3971
3975,7950,11925,15900,19875,23850,27825,31800,35775,39750,43725,47700,51675,55650,59625,63600,67575,71550,75525,79500,table-of-3975,3974,/table-of-3974,3973,/table-of-3973,3972,/table-of-3972
3976,7952,11928,15904,19880,23856,27832,31808,35784,39760,43736,47712,51688,55664,59640,63616,67592,71568,75544,79520,table-of-3976,3975,/table-of-3975,3974,/table-of-3974,3973,/table-of-3973
3977,7954,11931,15908,19885,23862,27839,31816,35793,39770,43747,47724,51701,55678,59655,63632,67609,71586,75563,79540,table-of-3977,3976,/table-of-3976,3975,/table-of-3975,3974,/table-of-3974
3978,7956,11934,15912,19890,23868,27846,31824,35802,39780,43758,47736,51714,55692,59670,63648,67626,71604,75582,79560,table-of-3978,3977,/table-of-3977,3976,/table-of-3976,3975,/table-of-3975
3979,7958,11937,15916,19895,23874,27853,31832,35811,39790,43769,47748,51727,55706,59685,63664,67643,71622,75601,79580,table-of-3979,3978,/table-of-3978,3977,/table-of-3977,3976,/table-of-3976
3980,7960,11940,15920,19900,23880,27860,31840,35820,39800,43780,47760,51740,55720,59700,63680,67660,71640,75620,79600,table-of-3980,3979,/table-of-3979,3978,/table-of-3978,3977,/table-of-3977
3981,7962,11943,15924,19905,23886,27867,31848,35829,39810,43791,47772,51753,55734,59715,63696,67677,71658,75639,79620,table-of-3981,3980,/table-of-3980,3979,/table-of-3979,3978,/table-of-3978
3982,7964,11946,15928,19910,23892,27874,31856,35838,39820,43802,47784,51766,55748,59730,63712,67694,71676,75658,79640,table-of-3982,3981,/table-of-3981,3980,/table-of-3980,3979,/table-of-3979
3983,7966,11949,15932,19915,23898,27881,31864,35847,39830,43813,47796,51779,55762,59745,63728,67711,71694,75677,79660,table-of-3983,3982,/table-of-3982,3981,/table-of-3981,3980,/table-of-3980
3984,7968,11952,15936,19920,23904,27888,31872,35856,39840,43824,47808,51792,55776,59760,63744,67728,71712,75696,79680,table-of-3984,3983,/table-of-3983,3982,/table-of-3982,3981,/table-of-3981
3985,7970,11955,15940,19925,23910,27895,31880,35865,39850,43835,47820,51805,55790,59775,63760,67745,71730,75715,79700,table-of-3985,3984,/table-of-3984,3983,/table-of-3983,3982,/table-of-3982
3986,7972,11958,15944,19930,23916,27902,31888,35874,39860,43846,47832,51818,55804,59790,63776,67762,71748,75734,79720,table-of-3986,3985,/table-of-3985,3984,/table-of-3984,3983,/table-of-3983
3987,7974,11961,15948,19935,23922,27909,31896,35883,39870,43857,47844,51831,55818,59805,63792,67779,71766,75753,79740,table-of-3987,3986,/table-of-3986,3985,/table-of-3985,3984,/table-of-3984
3988,7976,11964,15952,19940,23928,27916,31904,35892,39880,43868,47856,51844,55832,59820,63808,67796,71784,75772,79760,table-of-3988,3987,/table-of-3987,3986,/table-of-3986,3985,/table-of-3985
3989,7978,11967,15956,19945,23934,27923,31912,35901,39890,43879,47868,51857,55846,59835,63824,67813,71802,75791,79780,table-of-3989,3988,/table-of-3988,3987,/table-of-3987,3986,/table-of-3986
3990,7980,11970,15960,19950,23940,27930,31920,35910,39900,43890,47880,51870,55860,59850,63840,67830,71820,75810,79800,table-of-3990,3989,/table-of-3989,3988,/table-of-3988,3987,/table-of-3987
3991,7982,11973,15964,19955,23946,27937,31928,35919,39910,43901,47892,51883,55874,59865,63856,67847,71838,75829,79820,table-of-3991,3990,/table-of-3990,3989,/table-of-3989,3988,/table-of-3988
3992,7984,11976,15968,19960,23952,27944,31936,35928,39920,43912,47904,51896,55888,59880,63872,67864,71856,75848,79840,table-of-3992,3991,/table-of-3991,3990,/table-of-3990,3989,/table-of-3989
3993,7986,11979,15972,19965,23958,27951,31944,35937,39930,43923,47916,51909,55902,59895,63888,67881,71874,75867,79860,table-of-3993,3992,/table-of-3992,3991,/table-of-3991,3990,/table-of-3990
3994,7988,11982,15976,19970,23964,27958,31952,35946,39940,43934,47928,51922,55916,59910,63904,67898,71892,75886,79880,table-of-3994,3993,/table-of-3993,3992,/table-of-3992,3991,/table-of-3991
3995,7990,11985,15980,19975,23970,27965,31960,35955,39950,43945,47940,51935,55930,59925,63920,67915,71910,75905,79900,table-of-3995,3994,/table-of-3994,3993,/table-of-3993,3992,/table-of-3992
3996,7992,11988,15984,19980,23976,27972,31968,35964,39960,43956,47952,51948,55944,59940,63936,67932,71928,75924,79920,table-of-3996,3995,/table-of-3995,3994,/table-of-3994,3993,/table-of-3993
3997,7994,11991,15988,19985,23982,27979,31976,35973,39970,43967,47964,51961,55958,59955,63952,67949,71946,75943,79940,table-of-3997,3996,/table-of-3996,3995,/table-of-3995,3994,/table-of-3994
3998,7996,11994,15992,19990,23988,27986,31984,35982,39980,43978,47976,51974,55972,59970,63968,67966,71964,75962,79960,table-of-3998,3997,/table-of-3997,3996,/table-of-3996,3995,/table-of-3995
3999,7998,11997,15996,19995,23994,27993,31992,35991,39990,43989,47988,51987,55986,59985,63984,67983,71982,75981,79980,table-of-3999,3998,/table-of-3998,3997,/table-of-3997,3996,/table-of-3996
4000,8000,12000,16000,20000,24000,28000,32000,36000,40000,44000,48000,52000,56000,60000,64000,68000,72000,76000,80000,table-of-4000,3999,/table-of-3999,3998,/table-of-3998,3997,/table-of-3997
4001,8002,12003,16004,20005,24006,28007,32008,36009,40010,44011,48012,52013,56014,60015,64016,68017,72018,76019,80020,table-of-4001,4000,/table-of-4000,3999,/table-of-3999,3998,/table-of-3998
4002,8004,12006,16008,20010,24012,28014,32016,36018,40020,44022,48024,52026,56028,60030,64032,68034,72036,76038,80040,table-of-4002,4001,/table-of-4001,4000,/table-of-4000,3999,/table-of-3999
4003,8006,12009,16012,20015,24018,28021,32024,36027,40030,44033,48036,52039,56042,60045,64048,68051,72054,76057,80060,table-of-4003,4002,/table-of-4002,4001,/table-of-4001,4000,/table-of-4000
4004,8008,12012,16016,20020,24024,28028,32032,36036,40040,44044,48048,52052,56056,60060,64064,68068,72072,76076,80080,table-of-4004,4003,/table-of-4003,4002,/table-of-4002,4001,/table-of-4001
4005,8010,12015,16020,20025,24030,28035,32040,36045,40050,44055,48060,52065,56070,60075,64080,68085,72090,76095,80100,table-of-4005,4004,/table-of-4004,4003,/table-of-4003,4002,/table-of-4002
4006,8012,12018,16024,20030,24036,28042,32048,36054,40060,44066,48072,52078,56084,60090,64096,68102,72108,76114,80120,table-of-4006,4005,/table-of-4005,4004,/table-of-4004,4003,/table-of-4003
4007,8014,12021,16028,20035,24042,28049,32056,36063,40070,44077,48084,52091,56098,60105,64112,68119,72126,76133,80140,table-of-4007,4006,/table-of-4006,4005,/table-of-4005,4004,/table-of-4004
4008,8016,12024,16032,20040,24048,28056,32064,36072,40080,44088,48096,52104,56112,60120,64128,68136,72144,76152,80160,table-of-4008,4007,/table-of-4007,4006,/table-of-4006,4005,/table-of-4005
4009,8018,12027,16036,20045,24054,28063,32072,36081,40090,44099,48108,52117,56126,60135,64144,68153,72162,76171,80180,table-of-4009,4008,/table-of-4008,4007,/table-of-4007,4006,/table-of-4006
4010,8020,12030,16040,20050,24060,28070,32080,36090,40100,44110,48120,52130,56140,60150,64160,68170,72180,76190,80200,table-of-4010,4009,/table-of-4009,4008,/table-of-4008,4007,/table-of-4007
4011,8022,12033,16044,20055,24066,28077,32088,36099,40110,44121,48132,52143,56154,60165,64176,68187,72198,76209,80220,table-of-4011,4010,/table-of-4010,4009,/table-of-4009,4008,/table-of-4008
4012,8024,12036,16048,20060,24072,28084,32096,36108,40120,44132,48144,52156,56168,60180,64192,68204,72216,76228,80240,table-of-4012,4011,/table-of-4011,4010,/table-of-4010,4009,/table-of-4009
4013,8026,12039,16052,20065,24078,28091,32104,36117,40130,44143,48156,52169,56182,60195,64208,68221,72234,76247,80260,table-of-4013,4012,/table-of-4012,4011,/table-of-4011,4010,/table-of-4010
4014,8028,12042,16056,20070,24084,28098,32112,36126,40140,44154,48168,52182,56196,60210,64224,68238,72252,76266,80280,table-of-4014,4013,/table-of-4013,4012,/table-of-4012,4011,/table-of-4011
4015,8030,12045,16060,20075,24090,28105,32120,36135,40150,44165,48180,52195,56210,60225,64240,68255,72270,76285,80300,table-of-4015,4014,/table-of-4014,4013,/table-of-4013,4012,/table-of-4012
4016,8032,12048,16064,20080,24096,28112,32128,36144,40160,44176,48192,52208,56224,60240,64256,68272,72288,76304,80320,table-of-4016,4015,/table-of-4015,4014,/table-of-4014,4013,/table-of-4013
4017,8034,12051,16068,20085,24102,28119,32136,36153,40170,44187,48204,52221,56238,60255,64272,68289,72306,76323,80340,table-of-4017,4016,/table-of-4016,4015,/table-of-4015,4014,/table-of-4014
4018,8036,12054,16072,20090,24108,28126,32144,36162,40180,44198,48216,52234,56252,60270,64288,68306,72324,76342,80360,table-of-4018,4017,/table-of-4017,4016,/table-of-4016,4015,/table-of-4015
4019,8038,12057,16076,20095,24114,28133,32152,36171,40190,44209,48228,52247,56266,60285,64304,68323,72342,76361,80380,table-of-4019,4018,/table-of-4018,4017,/table-of-4017,4016,/table-of-4016
4020,8040,12060,16080,20100,24120,28140,32160,36180,40200,44220,48240,52260,56280,60300,64320,68340,72360,76380,80400,table-of-4020,4019,/table-of-4019,4018,/table-of-4018,4017,/table-of-4017
4021,8042,12063,16084,20105,24126,28147,32168,36189,40210,44231,48252,52273,56294,60315,64336,68357,72378,76399,80420,table-of-4021,4020,/table-of-4020,4019,/table-of-4019,4018,/table-of-4018
4022,8044,12066,16088,20110,24132,28154,32176,36198,40220,44242,48264,52286,56308,60330,64352,68374,72396,76418,80440,table-of-4022,4021,/table-of-4021,4020,/table-of-4020,4019,/table-of-4019
4023,8046,12069,16092,20115,24138,28161,32184,36207,40230,44253,48276,52299,56322,60345,64368,68391,72414,76437,80460,table-of-4023,4022,/table-of-4022,4021,/table-of-4021,4020,/table-of-4020
4024,8048,12072,16096,20120,24144,28168,32192,36216,40240,44264,48288,52312,56336,60360,64384,68408,72432,76456,80480,table-of-4024,4023,/table-of-4023,4022,/table-of-4022,4021,/table-of-4021
4025,8050,12075,16100,20125,24150,28175,32200,36225,40250,44275,48300,52325,56350,60375,64400,68425,72450,76475,80500,table-of-4025,4024,/table-of-4024,4023,/table-of-4023,4022,/table-of-4022
4026,8052,12078,16104,20130,24156,28182,32208,36234,40260,44286,48312,52338,56364,60390,64416,68442,72468,76494,80520,table-of-4026,4025,/table-of-4025,4024,/table-of-4024,4023,/table-of-4023
4027,8054,12081,16108,20135,24162,28189,32216,36243,40270,44297,48324,52351,56378,60405,64432,68459,72486,76513,80540,table-of-4027,4026,/table-of-4026,4025,/table-of-4025,4024,/table-of-4024
4028,8056,12084,16112,20140,24168,28196,32224,36252,40280,44308,48336,52364,56392,60420,64448,68476,72504,76532,80560,table-of-4028,4027,/table-of-4027,4026,/table-of-4026,4025,/table-of-4025
4029,8058,12087,16116,20145,24174,28203,32232,36261,40290,44319,48348,52377,56406,60435,64464,68493,72522,76551,80580,table-of-4029,4028,/table-of-4028,4027,/table-of-4027,4026,/table-of-4026
4030,8060,12090,16120,20150,24180,28210,32240,36270,40300,44330,48360,52390,56420,60450,64480,68510,72540,76570,80600,table-of-4030,4029,/table-of-4029,4028,/table-of-4028,4027,/table-of-4027
4031,8062,12093,16124,20155,24186,28217,32248,36279,40310,44341,48372,52403,56434,60465,64496,68527,72558,76589,80620,table-of-4031,4030,/table-of-4030,4029,/table-of-4029,4028,/table-of-4028
4032,8064,12096,16128,20160,24192,28224,32256,36288,40320,44352,48384,52416,56448,60480,64512,68544,72576,76608,80640,table-of-4032,4031,/table-of-4031,4030,/table-of-4030,4029,/table-of-4029
4033,8066,12099,16132,20165,24198,28231,32264,36297,40330,44363,48396,52429,56462,60495,64528,68561,72594,76627,80660,table-of-4033,4032,/table-of-4032,4031,/table-of-4031,4030,/table-of-4030
4034,8068,12102,16136,20170,24204,28238,32272,36306,40340,44374,48408,52442,56476,60510,64544,68578,72612,76646,80680,table-of-4034,4033,/table-of-4033,4032,/table-of-4032,4031,/table-of-4031
4035,8070,12105,16140,20175,24210,28245,32280,36315,40350,44385,48420,52455,56490,60525,64560,68595,72630,76665,80700,table-of-4035,4034,/table-of-4034,4033,/table-of-4033,4032,/table-of-4032
4036,8072,12108,16144,20180,24216,28252,32288,36324,40360,44396,48432,52468,56504,60540,64576,68612,72648,76684,80720,table-of-4036,4035,/table-of-4035,4034,/table-of-4034,4033,/table-of-4033
4037,8074,12111,16148,20185,24222,28259,32296,36333,40370,44407,48444,52481,56518,60555,64592,68629,72666,76703,80740,table-of-4037,4036,/table-of-4036,4035,/table-of-4035,4034,/table-of-4034
4038,8076,12114,16152,20190,24228,28266,32304,36342,40380,44418,48456,52494,56532,60570,64608,68646,72684,76722,80760,table-of-4038,4037,/table-of-4037,4036,/table-of-4036,4035,/table-of-4035
4039,8078,12117,16156,20195,24234,28273,32312,36351,40390,44429,48468,52507,56546,60585,64624,68663,72702,76741,80780,table-of-4039,4038,/table-of-4038,4037,/table-of-4037,4036,/table-of-4036
4040,8080,12120,16160,20200,24240,28280,32320,36360,40400,44440,48480,52520,56560,60600,64640,68680,72720,76760,80800,table-of-4040,4039,/table-of-4039,4038,/table-of-4038,4037,/table-of-4037
4041,8082,12123,16164,20205,24246,28287,32328,36369,40410,44451,48492,52533,56574,60615,64656,68697,72738,76779,80820,table-of-4041,4040,/table-of-4040,4039,/table-of-4039,4038,/table-of-4038
4042,8084,12126,16168,20210,24252,28294,32336,36378,40420,44462,48504,52546,56588,60630,64672,68714,72756,76798,80840,table-of-4042,4041,/table-of-4041,4040,/table-of-4040,4039,/table-of-4039
4043,8086,12129,16172,20215,24258,28301,32344,36387,40430,44473,48516,52559,56602,60645,64688,68731,72774,76817,80860,table-of-4043,4042,/table-of-4042,4041,/table-of-4041,4040,/table-of-4040
4044,8088,12132,16176,20220,24264,28308,32352,36396,40440,44484,48528,52572,56616,60660,64704,68748,72792,76836,80880,table-of-4044,4043,/table-of-4043,4042,/table-of-4042,4041,/table-of-4041
4045,8090,12135,16180,20225,24270,28315,32360,36405,40450,44495,48540,52585,56630,60675,64720,68765,72810,76855,80900,table-of-4045,4044,/table-of-4044,4043,/table-of-4043,4042,/table-of-4042
4046,8092,12138,16184,20230,24276,28322,32368,36414,40460,44506,48552,52598,56644,60690,64736,68782,72828,76874,80920,table-of-4046,4045,/table-of-4045,4044,/table-of-4044,4043,/table-of-4043
4047,8094,12141,16188,20235,24282,28329,32376,36423,40470,44517,48564,52611,56658,60705,64752,68799,72846,76893,80940,table-of-4047,4046,/table-of-4046,4045,/table-of-4045,4044,/table-of-4044
4048,8096,12144,16192,20240,24288,28336,32384,36432,40480,44528,48576,52624,56672,60720,64768,68816,72864,76912,80960,table-of-4048,4047,/table-of-4047,4046,/table-of-4046,4045,/table-of-4045
4049,8098,12147,16196,20245,24294,28343,32392,36441,40490,44539,48588,52637,56686,60735,64784,68833,72882,76931,80980,table-of-4049,4048,/table-of-4048,4047,/table-of-4047,4046,/table-of-4046
4050,8100,12150,16200,20250,24300,28350,32400,36450,40500,44550,48600,52650,56700,60750,64800,68850,72900,76950,81000,table-of-4050,4049,/table-of-4049,4048,/table-of-4048,4047,/table-of-4047
4051,8102,12153,16204,20255,24306,28357,32408,36459,40510,44561,48612,52663,56714,60765,64816,68867,72918,76969,81020,table-of-4051,4050,/table-of-4050,4049,/table-of-4049,4048,/table-of-4048
4052,8104,12156,16208,20260,24312,28364,32416,36468,40520,44572,48624,52676,56728,60780,64832,68884,72936,76988,81040,table-of-4052,4051,/table-of-4051,4050,/table-of-4050,4049,/table-of-4049
4053,8106,12159,16212,20265,24318,28371,32424,36477,40530,44583,48636,52689,56742,60795,64848,68901,72954,77007,81060,table-of-4053,4052,/table-of-4052,4051,/table-of-4051,4050,/table-of-4050
4054,8108,12162,16216,20270,24324,28378,32432,36486,40540,44594,48648,52702,56756,60810,64864,68918,72972,77026,81080,table-of-4054,4053,/table-of-4053,4052,/table-of-4052,4051,/table-of-4051
4055,8110,12165,16220,20275,24330,28385,32440,36495,40550,44605,48660,52715,56770,60825,64880,68935,72990,77045,81100,table-of-4055,4054,/table-of-4054,4053,/table-of-4053,4052,/table-of-4052
4056,8112,12168,16224,20280,24336,28392,32448,36504,40560,44616,48672,52728,56784,60840,64896,68952,73008,77064,81120,table-of-4056,4055,/table-of-4055,4054,/table-of-4054,4053,/table-of-4053
4057,8114,12171,16228,20285,24342,28399,32456,36513,40570,44627,48684,52741,56798,60855,64912,68969,73026,77083,81140,table-of-4057,4056,/table-of-4056,4055,/table-of-4055,4054,/table-of-4054
4058,8116,12174,16232,20290,24348,28406,32464,36522,40580,44638,48696,52754,56812,60870,64928,68986,73044,77102,81160,table-of-4058,4057,/table-of-4057,4056,/table-of-4056,4055,/table-of-4055
4059,8118,12177,16236,20295,24354,28413,32472,36531,40590,44649,48708,52767,56826,60885,64944,69003,73062,77121,81180,table-of-4059,4058,/table-of-4058,4057,/table-of-4057,4056,/table-of-4056
4060,8120,12180,16240,20300,24360,28420,32480,36540,40600,44660,48720,52780,56840,60900,64960,69020,73080,77140,81200,table-of-4060,4059,/table-of-4059,4058,/table-of-4058,4057,/table-of-4057
4061,8122,12183,16244,20305,24366,28427,32488,36549,40610,44671,48732,52793,56854,60915,64976,69037,73098,77159,81220,table-of-4061,4060,/table-of-4060,4059,/table-of-4059,4058,/table-of-4058
4062,8124,12186,16248,20310,24372,28434,32496,36558,40620,44682,48744,52806,56868,60930,64992,69054,73116,77178,81240,table-of-4062,4061,/table-of-4061,4060,/table-of-4060,4059,/table-of-4059
4063,8126,12189,16252,20315,24378,28441,32504,36567,40630,44693,48756,52819,56882,60945,65008,69071,73134,77197,81260,table-of-4063,4062,/table-of-4062,4061,/table-of-4061,4060,/table-of-4060
4064,8128,12192,16256,20320,24384,28448,32512,36576,40640,44704,48768,52832,56896,60960,65024,69088,73152,77216,81280,table-of-4064,4063,/table-of-4063,4062,/table-of-4062,4061,/table-of-4061
4065,8130,12195,16260,20325,24390,28455,32520,36585,40650,44715,48780,52845,56910,60975,65040,69105,73170,77235,81300,table-of-4065,4064,/table-of-4064,4063,/table-of-4063,4062,/table-of-4062
4066,8132,12198,16264,20330,24396,28462,32528,36594,40660,44726,48792,52858,56924,60990,65056,69122,73188,77254,81320,table-of-4066,4065,/table-of-4065,4064,/table-of-4064,4063,/table-of-4063
4067,8134,12201,16268,20335,24402,28469,32536,36603,40670,44737,48804,52871,56938,61005,65072,69139,73206,77273,81340,table-of-4067,4066,/table-of-4066,4065,/table-of-4065,4064,/table-of-4064
4068,8136,12204,16272,20340,24408,28476,32544,36612,40680,44748,48816,52884,56952,61020,65088,69156,73224,77292,81360,table-of-4068,4067,/table-of-4067,4066,/table-of-4066,4065,/table-of-4065
4069,8138,12207,16276,20345,24414,28483,32552,36621,40690,44759,48828,52897,56966,61035,65104,69173,73242,77311,81380,table-of-4069,4068,/table-of-4068,4067,/table-of-4067,4066,/table-of-4066
4070,8140,12210,16280,20350,24420,28490,32560,36630,40700,44770,48840,52910,56980,61050,65120,69190,73260,77330,81400,table-of-4070,4069,/table-of-4069,4068,/table-of-4068,4067,/table-of-4067
4071,8142,12213,16284,20355,24426,28497,32568,36639,40710,44781,48852,52923,56994,61065,65136,69207,73278,77349,81420,table-of-4071,4070,/table-of-4070,4069,/table-of-4069,4068,/table-of-4068
4072,8144,12216,16288,20360,24432,28504,32576,36648,40720,44792,48864,52936,57008,61080,65152,69224,73296,77368,81440,table-of-4072,4071,/table-of-4071,4070,/table-of-4070,4069,/table-of-4069
4073,8146,12219,16292,20365,24438,28511,32584,36657,40730,44803,48876,52949,57022,61095,65168,69241,73314,77387,81460,table-of-4073,4072,/table-of-4072,4071,/table-of-4071,4070,/table-of-4070
4074,8148,12222,16296,20370,24444,28518,32592,36666,40740,44814,48888,52962,57036,61110,65184,69258,73332,77406,81480,table-of-4074,4073,/table-of-4073,4072,/table-of-4072,4071,/table-of-4071
4075,8150,12225,16300,20375,24450,28525,32600,36675,40750,44825,48900,52975,57050,61125,65200,69275,73350,77425,81500,table-of-4075,4074,/table-of-4074,4073,/table-of-4073,4072,/table-of-4072
4076,8152,12228,16304,20380,24456,28532,32608,36684,40760,44836,48912,52988,57064,61140,65216,69292,73368,77444,81520,table-of-4076,4075,/table-of-4075,4074,/table-of-4074,4073,/table-of-4073
4077,8154,12231,16308,20385,24462,28539,32616,36693,40770,44847,48924,53001,57078,61155,65232,69309,73386,77463,81540,table-of-4077,4076,/table-of-4076,4075,/table-of-4075,4074,/table-of-4074
4078,8156,12234,16312,20390,24468,28546,32624,36702,40780,44858,48936,53014,57092,61170,65248,69326,73404,77482,81560,table-of-4078,4077,/table-of-4077,4076,/table-of-4076,4075,/table-of-4075
4079,8158,12237,16316,20395,24474,28553,32632,36711,40790,44869,48948,53027,57106,61185,65264,69343,73422,77501,81580,table-of-4079,4078,/table-of-4078,4077,/table-of-4077,4076,/table-of-4076
4080,8160,12240,16320,20400,24480,28560,32640,36720,40800,44880,48960,53040,57120,61200,65280,69360,73440,77520,81600,table-of-4080,4079,/table-of-4079,4078,/table-of-4078,4077,/table-of-4077
4081,8162,12243,16324,20405,24486,28567,32648,36729,40810,44891,48972,53053,57134,61215,65296,69377,73458,77539,81620,table-of-4081,4080,/table-of-4080,4079,/table-of-4079,4078,/table-of-4078
4082,8164,12246,16328,20410,24492,28574,32656,36738,40820,44902,48984,53066,57148,61230,65312,69394,73476,77558,81640,table-of-4082,4081,/table-of-4081,4080,/table-of-4080,4079,/table-of-4079
4083,8166,12249,16332,20415,24498,28581,32664,36747,40830,44913,48996,53079,57162,61245,65328,69411,73494,77577,81660,table-of-4083,4082,/table-of-4082,4081,/table-of-4081,4080,/table-of-4080
4084,8168,12252,16336,20420,24504,28588,32672,36756,40840,44924,49008,53092,57176,61260,65344,69428,73512,77596,81680,table-of-4084,4083,/table-of-4083,4082,/table-of-4082,4081,/table-of-4081
4085,8170,12255,16340,20425,24510,28595,32680,36765,40850,44935,49020,53105,57190,61275,65360,69445,73530,77615,81700,table-of-4085,4084,/table-of-4084,4083,/table-of-4083,4082,/table-of-4082
4086,8172,12258,16344,20430,24516,28602,32688,36774,40860,44946,49032,53118,57204,61290,65376,69462,73548,77634,81720,table-of-4086,4085,/table-of-4085,4084,/table-of-4084,4083,/table-of-4083
4087,8174,12261,16348,20435,24522,28609,32696,36783,40870,44957,49044,53131,57218,61305,65392,69479,73566,77653,81740,table-of-4087,4086,/table-of-4086,4085,/table-of-4085,4084,/table-of-4084
4088,8176,12264,16352,20440,24528,28616,32704,36792,40880,44968,49056,53144,57232,61320,65408,69496,73584,77672,81760,table-of-4088,4087,/table-of-4087,4086,/table-of-4086,4085,/table-of-4085
4089,8178,12267,16356,20445,24534,28623,32712,36801,40890,44979,49068,53157,57246,61335,65424,69513,73602,77691,81780,table-of-4089,4088,/table-of-4088,4087,/table-of-4087,4086,/table-of-4086
4090,8180,12270,16360,20450,24540,28630,32720,36810,40900,44990,49080,53170,57260,61350,65440,69530,73620,77710,81800,table-of-4090,4089,/table-of-4089,4088,/table-of-4088,4087,/table-of-4087
4091,8182,12273,16364,20455,24546,28637,32728,36819,40910,45001,49092,53183,57274,61365,65456,69547,73638,77729,81820,table-of-4091,4090,/table-of-4090,4089,/table-of-4089,4088,/table-of-4088
4092,8184,12276,16368,20460,24552,28644,32736,36828,40920,45012,49104,53196,57288,61380,65472,69564,73656,77748,81840,table-of-4092,4091,/table-of-4091,4090,/table-of-4090,4089,/table-of-4089
4093,8186,12279,16372,20465,24558,28651,32744,36837,40930,45023,49116,53209,57302,61395,65488,69581,73674,77767,81860,table-of-4093,4092,/table-of-4092,4091,/table-of-4091,4090,/table-of-4090
4094,8188,12282,16376,20470,24564,28658,32752,36846,40940,45034,49128,53222,57316,61410,65504,69598,73692,77786,81880,table-of-4094,4093,/table-of-4093,4092,/table-of-4092,4091,/table-of-4091
4095,8190,12285,16380,20475,24570,28665,32760,36855,40950,45045,49140,53235,57330,61425,65520,69615,73710,77805,81900,table-of-4095,4094,/table-of-4094,4093,/table-of-4093,4092,/table-of-4092
4096,8192,12288,16384,20480,24576,28672,32768,36864,40960,45056,49152,53248,57344,61440,65536,69632,73728,77824,81920,table-of-4096,4095,/table-of-4095,4094,/table-of-4094,4093,/table-of-4093
4097,8194,12291,16388,20485,24582,28679,32776,36873,40970,45067,49164,53261,57358,61455,65552,69649,73746,77843,81940,table-of-4097,4096,/table-of-4096,4095,/table-of-4095,4094,/table-of-4094
4098,8196,12294,16392,20490,24588,28686,32784,36882,40980,45078,49176,53274,57372,61470,65568,69666,73764,77862,81960,table-of-4098,4097,/table-of-4097,4096,/table-of-4096,4095,/table-of-4095
4099,8198,12297,16396,20495,24594,28693,32792,36891,40990,45089,49188,53287,57386,61485,65584,69683,73782,77881,81980,table-of-4099,4098,/table-of-4098,4097,/table-of-4097,4096,/table-of-4096
4100,8200,12300,16400,20500,24600,28700,32800,36900,41000,45100,49200,53300,57400,61500,65600,69700,73800,77900,82000,table-of-4100,4099,/table-of-4099,4098,/table-of-4098,4097,/table-of-4097
4101,8202,12303,16404,20505,24606,28707,32808,36909,41010,45111,49212,53313,57414,61515,65616,69717,73818,77919,82020,table-of-4101,4100,/table-of-4100,4099,/table-of-4099,4098,/table-of-4098
4102,8204,12306,16408,20510,24612,28714,32816,36918,41020,45122,49224,53326,57428,61530,65632,69734,73836,77938,82040,table-of-4102,4101,/table-of-4101,4100,/table-of-4100,4099,/table-of-4099
4103,8206,12309,16412,20515,24618,28721,32824,36927,41030,45133,49236,53339,57442,61545,65648,69751,73854,77957,82060,table-of-4103,4102,/table-of-4102,4101,/table-of-4101,4100,/table-of-4100
4104,8208,12312,16416,20520,24624,28728,32832,36936,41040,45144,49248,53352,57456,61560,65664,69768,73872,77976,82080,table-of-4104,4103,/table-of-4103,4102,/table-of-4102,4101,/table-of-4101
4105,8210,12315,16420,20525,24630,28735,32840,36945,41050,45155,49260,53365,57470,61575,65680,69785,73890,77995,82100,table-of-4105,4104,/table-of-4104,4103,/table-of-4103,4102,/table-of-4102
4106,8212,12318,16424,20530,24636,28742,32848,36954,41060,45166,49272,53378,57484,61590,65696,69802,73908,78014,82120,table-of-4106,4105,/table-of-4105,4104,/table-of-4104,4103,/table-of-4103
4107,8214,12321,16428,20535,24642,28749,32856,36963,41070,45177,49284,53391,57498,61605,65712,69819,73926,78033,82140,table-of-4107,4106,/table-of-4106,4105,/table-of-4105,4104,/table-of-4104
4108,8216,12324,16432,20540,24648,28756,32864,36972,41080,45188,49296,53404,57512,61620,65728,69836,73944,78052,82160,table-of-4108,4107,/table-of-4107,4106,/table-of-4106,4105,/table-of-4105
4109,8218,12327,16436,20545,24654,28763,32872,36981,41090,45199,49308,53417,57526,61635,65744,69853,73962,78071,82180,table-of-4109,4108,/table-of-4108,4107,/table-of-4107,4106,/table-of-4106
4110,8220,12330,16440,20550,24660,28770,32880,36990,41100,45210,49320,53430,57540,61650,65760,69870,73980,78090,82200,table-of-4110,4109,/table-of-4109,4108,/table-of-4108,4107,/table-of-4107
4111,8222,12333,16444,20555,24666,28777,32888,36999,41110,45221,49332,53443,57554,61665,65776,69887,73998,78109,82220,table-of-4111,4110,/table-of-4110,4109,/table-of-4109,4108,/table-of-4108
4112,8224,12336,16448,20560,24672,28784,32896,37008,41120,45232,49344,53456,57568,61680,65792,69904,74016,78128,82240,table-of-4112,4111,/table-of-4111,4110,/table-of-4110,4109,/table-of-4109
4113,8226,12339,16452,20565,24678,28791,32904,37017,41130,45243,49356,53469,57582,61695,65808,69921,74034,78147,82260,table-of-4113,4112,/table-of-4112,4111,/table-of-4111,4110,/table-of-4110
4114,8228,12342,16456,20570,24684,28798,32912,37026,41140,45254,49368,53482,57596,61710,65824,69938,74052,78166,82280,table-of-4114,4113,/table-of-4113,4112,/table-of-4112,4111,/table-of-4111
4115,8230,12345,16460,20575,24690,28805,32920,37035,41150,45265,49380,53495,57610,61725,65840,69955,74070,78185,82300,table-of-4115,4114,/table-of-4114,4113,/table-of-4113,4112,/table-of-4112
4116,8232,12348,16464,20580,24696,28812,32928,37044,41160,45276,49392,53508,57624,61740,65856,69972,74088,78204,82320,table-of-4116,4115,/table-of-4115,4114,/table-of-4114,4113,/table-of-4113
4117,8234,12351,16468,20585,24702,28819,32936,37053,41170,45287,49404,53521,57638,61755,65872,69989,74106,78223,82340,table-of-4117,4116,/table-of-4116,4115,/table-of-4115,4114,/table-of-4114
4118,8236,12354,16472,20590,24708,28826,32944,37062,41180,45298,49416,53534,57652,61770,65888,70006,74124,78242,82360,table-of-4118,4117,/table-of-4117,4116,/table-of-4116,4115,/table-of-4115
4119,8238,12357,16476,20595,24714,28833,32952,37071,41190,45309,49428,53547,57666,61785,65904,70023,74142,78261,82380,table-of-4119,4118,/table-of-4118,4117,/table-of-4117,4116,/table-of-4116
4120,8240,12360,16480,20600,24720,28840,32960,37080,41200,45320,49440,53560,57680,61800,65920,70040,74160,78280,82400,table-of-4120,4119,/table-of-4119,4118,/table-of-4118,4117,/table-of-4117
4121,8242,12363,16484,20605,24726,28847,32968,37089,41210,45331,49452,53573,57694,61815,65936,70057,74178,78299,82420,table-of-4121,4120,/table-of-4120,4119,/table-of-4119,4118,/table-of-4118
4122,8244,12366,16488,20610,24732,28854,32976,37098,41220,45342,49464,53586,57708,61830,65952,70074,74196,78318,82440,table-of-4122,4121,/table-of-4121,4120,/table-of-4120,4119,/table-of-4119
4123,8246,12369,16492,20615,24738,28861,32984,37107,41230,45353,49476,53599,57722,61845,65968,70091,74214,78337,82460,table-of-4123,4122,/table-of-4122,4121,/table-of-4121,4120,/table-of-4120
4124,8248,12372,16496,20620,24744,28868,32992,37116,41240,45364,49488,53612,57736,61860,65984,70108,74232,78356,82480,table-of-4124,4123,/table-of-4123,4122,/table-of-4122,4121,/table-of-4121
4125,8250,12375,16500,20625,24750,28875,33000,37125,41250,45375,49500,53625,57750,61875,66000,70125,74250,78375,82500,table-of-4125,4124,/table-of-4124,4123,/table-of-4123,4122,/table-of-4122
4126,8252,12378,16504,20630,24756,28882,33008,37134,41260,45386,49512,53638,57764,61890,66016,70142,74268,78394,82520,table-of-4126,4125,/table-of-4125,4124,/table-of-4124,4123,/table-of-4123
4127,8254,12381,16508,20635,24762,28889,33016,37143,41270,45397,49524,53651,57778,61905,66032,70159,74286,78413,82540,table-of-4127,4126,/table-of-4126,4125,/table-of-4125,4124,/table-of-4124
4128,8256,12384,16512,20640,24768,28896,33024,37152,41280,45408,49536,53664,57792,61920,66048,70176,74304,78432,82560,table-of-4128,4127,/table-of-4127,4126,/table-of-4126,4125,/table-of-4125
4129,8258,12387,16516,20645,24774,28903,33032,37161,41290,45419,49548,53677,57806,61935,66064,70193,74322,78451,82580,table-of-4129,4128,/table-of-4128,4127,/table-of-4127,4126,/table-of-4126
4130,8260,12390,16520,20650,24780,28910,33040,37170,41300,45430,49560,53690,57820,61950,66080,70210,74340,78470,82600,table-of-4130,4129,/table-of-4129,4128,/table-of-4128,4127,/table-of-4127
4131,8262,12393,16524,20655,24786,28917,33048,37179,41310,45441,49572,53703,57834,61965,66096,70227,74358,78489,82620,table-of-4131,4130,/table-of-4130,4129,/table-of-4129,4128,/table-of-4128
4132,8264,12396,16528,20660,24792,28924,33056,37188,41320,45452,49584,53716,57848,61980,66112,70244,74376,78508,82640,table-of-4132,4131,/table-of-4131,4130,/table-of-4130,4129,/table-of-4129
4133,8266,12399,16532,20665,24798,28931,33064,37197,41330,45463,49596,53729,57862,61995,66128,70261,74394,78527,82660,table-of-4133,4132,/table-of-4132,4131,/table-of-4131,4130,/table-of-4130
4134,8268,12402,16536,20670,24804,28938,33072,37206,41340,45474,49608,53742,57876,62010,66144,70278,74412,78546,82680,table-of-4134,4133,/table-of-4133,4132,/table-of-4132,4131,/table-of-4131
4135,8270,12405,16540,20675,24810,28945,33080,37215,41350,45485,49620,53755,57890,62025,66160,70295,74430,78565,82700,table-of-4135,4134,/table-of-4134,4133,/table-of-4133,4132,/table-of-4132
4136,8272,12408,16544,20680,24816,28952,33088,37224,41360,45496,49632,53768,57904,62040,66176,70312,74448,78584,82720,table-of-4136,4135,/table-of-4135,4134,/table-of-4134,4133,/table-of-4133
4137,8274,12411,16548,20685,24822,28959,33096,37233,41370,45507,49644,53781,57918,62055,66192,70329,74466,78603,82740,table-of-4137,4136,/table-of-4136,4135,/table-of-4135,4134,/table-of-4134
4138,8276,12414,16552,20690,24828,28966,33104,37242,41380,45518,49656,53794,57932,62070,66208,70346,74484,78622,82760,table-of-4138,4137,/table-of-4137,4136,/table-of-4136,4135,/table-of-4135
4139,8278,12417,16556,20695,24834,28973,33112,37251,41390,45529,49668,53807,57946,62085,66224,70363,74502,78641,82780,table-of-4139,4138,/table-of-4138,4137,/table-of-4137,4136,/table-of-4136
4140,8280,12420,16560,20700,24840,28980,33120,37260,41400,45540,49680,53820,57960,62100,66240,70380,74520,78660,82800,table-of-4140,4139,/table-of-4139,4138,/table-of-4138,4137,/table-of-4137
4141,8282,12423,16564,20705,24846,28987,33128,37269,41410,45551,49692,53833,57974,62115,66256,70397,74538,78679,82820,table-of-4141,4140,/table-of-4140,4139,/table-of-4139,4138,/table-of-4138
4142,8284,12426,16568,20710,24852,28994,33136,37278,41420,45562,49704,53846,57988,62130,66272,70414,74556,78698,82840,table-of-4142,4141,/table-of-4141,4140,/table-of-4140,4139,/table-of-4139
4143,8286,12429,16572,20715,24858,29001,33144,37287,41430,45573,49716,53859,58002,62145,66288,70431,74574,78717,82860,table-of-4143,4142,/table-of-4142,4141,/table-of-4141,4140,/table-of-4140
4144,8288,12432,16576,20720,24864,29008,33152,37296,41440,45584,49728,53872,58016,62160,66304,70448,74592,78736,82880,table-of-4144,4143,/table-of-4143,4142,/table-of-4142,4141,/table-of-4141
4145,8290,12435,16580,20725,24870,29015,33160,37305,41450,45595,49740,53885,58030,62175,66320,70465,74610,78755,82900,table-of-4145,4144,/table-of-4144,4143,/table-of-4143,4142,/table-of-4142
4146,8292,12438,16584,20730,24876,29022,33168,37314,41460,45606,49752,53898,58044,62190,66336,70482,74628,78774,82920,table-of-4146,4145,/table-of-4145,4144,/table-of-4144,4143,/table-of-4143
4147,8294,12441,16588,20735,24882,29029,33176,37323,41470,45617,49764,53911,58058,62205,66352,70499,74646,78793,82940,table-of-4147,4146,/table-of-4146,4145,/table-of-4145,4144,/table-of-4144
4148,8296,12444,16592,20740,24888,29036,33184,37332,41480,45628,49776,53924,58072,62220,66368,70516,74664,78812,82960,table-of-4148,4147,/table-of-4147,4146,/table-of-4146,4145,/table-of-4145
4149,8298,12447,16596,20745,24894,29043,33192,37341,41490,45639,49788,53937,58086,62235,66384,70533,74682,78831,82980,table-of-4149,4148,/table-of-4148,4147,/table-of-4147,4146,/table-of-4146
4150,8300,12450,16600,20750,24900,29050,33200,37350,41500,45650,49800,53950,58100,62250,66400,70550,74700,78850,83000,table-of-4150,4149,/table-of-4149,4148,/table-of-4148,4147,/table-of-4147
4151,8302,12453,16604,20755,24906,29057,33208,37359,41510,45661,49812,53963,58114,62265,66416,70567,74718,78869,83020,table-of-4151,4150,/table-of-4150,4149,/table-of-4149,4148,/table-of-4148
4152,8304,12456,16608,20760,24912,29064,33216,37368,41520,45672,49824,53976,58128,62280,66432,70584,74736,78888,83040,table-of-4152,4151,/table-of-4151,4150,/table-of-4150,4149,/table-of-4149
4153,8306,12459,16612,20765,24918,29071,33224,37377,41530,45683,49836,53989,58142,62295,66448,70601,74754,78907,83060,table-of-4153,4152,/table-of-4152,4151,/table-of-4151,4150,/table-of-4150
4154,8308,12462,16616,20770,24924,29078,33232,37386,41540,45694,49848,54002,58156,62310,66464,70618,74772,78926,83080,table-of-4154,4153,/table-of-4153,4152,/table-of-4152,4151,/table-of-4151
4155,8310,12465,16620,20775,24930,29085,33240,37395,41550,45705,49860,54015,58170,62325,66480,70635,74790,78945,83100,table-of-4155,4154,/table-of-4154,4153,/table-of-4153,4152,/table-of-4152
4156,8312,12468,16624,20780,24936,29092,33248,37404,41560,45716,49872,54028,58184,62340,66496,70652,74808,78964,83120,table-of-4156,4155,/table-of-4155,4154,/table-of-4154,4153,/table-of-4153
4157,8314,12471,16628,20785,24942,29099,33256,37413,41570,45727,49884,54041,58198,62355,66512,70669,74826,78983,83140,table-of-4157,4156,/table-of-4156,4155,/table-of-4155,4154,/table-of-4154
4158,8316,12474,16632,20790,24948,29106,33264,37422,41580,45738,49896,54054,58212,62370,66528,70686,74844,79002,83160,table-of-4158,4157,/table-of-4157,4156,/table-of-4156,4155,/table-of-4155
4159,8318,12477,16636,20795,24954,29113,33272,37431,41590,45749,49908,54067,58226,62385,66544,70703,74862,79021,83180,table-of-4159,4158,/table-of-4158,4157,/table-of-4157,4156,/table-of-4156
4160,8320,12480,16640,20800,24960,29120,33280,37440,41600,45760,49920,54080,58240,62400,66560,70720,74880,79040,83200,table-of-4160,4159,/table-of-4159,4158,/table-of-4158,4157,/table-of-4157
4161,8322,12483,16644,20805,24966,29127,33288,37449,41610,45771,49932,54093,58254,62415,66576,70737,74898,79059,83220,table-of-4161,4160,/table-of-4160,4159,/table-of-4159,4158,/table-of-4158
4162,8324,12486,16648,20810,24972,29134,33296,37458,41620,45782,49944,54106,58268,62430,66592,70754,74916,79078,83240,table-of-4162,4161,/table-of-4161,4160,/table-of-4160,4159,/table-of-4159
4163,8326,12489,16652,20815,24978,29141,33304,37467,41630,45793,49956,54119,58282,62445,66608,70771,74934,79097,83260,table-of-4163,4162,/table-of-4162,4161,/table-of-4161,4160,/table-of-4160
4164,8328,12492,16656,20820,24984,29148,33312,37476,41640,45804,49968,54132,58296,62460,66624,70788,74952,79116,83280,table-of-4164,4163,/table-of-4163,4162,/table-of-4162,4161,/table-of-4161
4165,8330,12495,16660,20825,24990,29155,33320,37485,41650,45815,49980,54145,58310,62475,66640,70805,74970,79135,83300,table-of-4165,4164,/table-of-4164,4163,/table-of-4163,4162,/table-of-4162
4166,8332,12498,16664,20830,24996,29162,33328,37494,41660,45826,49992,54158,58324,62490,66656,70822,74988,79154,83320,table-of-4166,4165,/table-of-4165,4164,/table-of-4164,4163,/table-of-4163
4167,8334,12501,16668,20835,25002,29169,33336,37503,41670,45837,50004,54171,58338,62505,66672,70839,75006,79173,83340,table-of-4167,4166,/table-of-4166,4165,/table-of-4165,4164,/table-of-4164
4168,8336,12504,16672,20840,25008,29176,33344,37512,41680,45848,50016,54184,58352,62520,66688,70856,75024,79192,83360,table-of-4168,4167,/table-of-4167,4166,/table-of-4166,4165,/table-of-4165
4169,8338,12507,16676,20845,25014,29183,33352,37521,41690,45859,50028,54197,58366,62535,66704,70873,75042,79211,83380,table-of-4169,4168,/table-of-4168,4167,/table-of-4167,4166,/table-of-4166
4170,8340,12510,16680,20850,25020,29190,33360,37530,41700,45870,50040,54210,58380,62550,66720,70890,75060,79230,83400,table-of-4170,4169,/table-of-4169,4168,/table-of-4168,4167,/table-of-4167
4171,8342,12513,16684,20855,25026,29197,33368,37539,41710,45881,50052,54223,58394,62565,66736,70907,75078,79249,83420,table-of-4171,4170,/table-of-4170,4169,/table-of-4169,4168,/table-of-4168
4172,8344,12516,16688,20860,25032,29204,33376,37548,41720,45892,50064,54236,58408,62580,66752,70924,75096,79268,83440,table-of-4172,4171,/table-of-4171,4170,/table-of-4170,4169,/table-of-4169
4173,8346,12519,16692,20865,25038,29211,33384,37557,41730,45903,50076,54249,58422,62595,66768,70941,75114,79287,83460,table-of-4173,4172,/table-of-4172,4171,/table-of-4171,4170,/table-of-4170
4174,8348,12522,16696,20870,25044,29218,33392,37566,41740,45914,50088,54262,58436,62610,66784,70958,75132,79306,83480,table-of-4174,4173,/table-of-4173,4172,/table-of-4172,4171,/table-of-4171
4175,8350,12525,16700,20875,25050,29225,33400,37575,41750,45925,50100,54275,58450,62625,66800,70975,75150,79325,83500,table-of-4175,4174,/table-of-4174,4173,/table-of-4173,4172,/table-of-4172
4176,8352,12528,16704,20880,25056,29232,33408,37584,41760,45936,50112,54288,58464,62640,66816,70992,75168,79344,83520,table-of-4176,4175,/table-of-4175,4174,/table-of-4174,4173,/table-of-4173
4177,8354,12531,16708,20885,25062,29239,33416,37593,41770,45947,50124,54301,58478,62655,66832,71009,75186,79363,83540,table-of-4177,4176,/table-of-4176,4175,/table-of-4175,4174,/table-of-4174
4178,8356,12534,16712,20890,25068,29246,33424,37602,41780,45958,50136,54314,58492,62670,66848,71026,75204,79382,83560,table-of-4178,4177,/table-of-4177,4176,/table-of-4176,4175,/table-of-4175
4179,8358,12537,16716,20895,25074,29253,33432,37611,41790,45969,50148,54327,58506,62685,66864,71043,75222,79401,83580,table-of-4179,4178,/table-of-4178,4177,/table-of-4177,4176,/table-of-4176
4180,8360,12540,16720,20900,25080,29260,33440,37620,41800,45980,50160,54340,58520,62700,66880,71060,75240,79420,83600,table-of-4180,4179,/table-of-4179,4178,/table-of-4178,4177,/table-of-4177
4181,8362,12543,16724,20905,25086,29267,33448,37629,41810,45991,50172,54353,58534,62715,66896,71077,75258,79439,83620,table-of-4181,4180,/table-of-4180,4179,/table-of-4179,4178,/table-of-4178
4182,8364,12546,16728,20910,25092,29274,33456,37638,41820,46002,50184,54366,58548,62730,66912,71094,75276,79458,83640,table-of-4182,4181,/table-of-4181,4180,/table-of-4180,4179,/table-of-4179
4183,8366,12549,16732,20915,25098,29281,33464,37647,41830,46013,50196,54379,58562,62745,66928,71111,75294,79477,83660,table-of-4183,4182,/table-of-4182,4181,/table-of-4181,4180,/table-of-4180
4184,8368,12552,16736,20920,25104,29288,33472,37656,41840,46024,50208,54392,58576,62760,66944,71128,75312,79496,83680,table-of-4184,4183,/table-of-4183,4182,/table-of-4182,4181,/table-of-4181
4185,8370,12555,16740,20925,25110,29295,33480,37665,41850,46035,50220,54405,58590,62775,66960,71145,75330,79515,83700,table-of-4185,4184,/table-of-4184,4183,/table-of-4183,4182,/table-of-4182
4186,8372,12558,16744,20930,25116,29302,33488,37674,41860,46046,50232,54418,58604,62790,66976,71162,75348,79534,83720,table-of-4186,4185,/table-of-4185,4184,/table-of-4184,4183,/table-of-4183
4187,8374,12561,16748,20935,25122,29309,33496,37683,41870,46057,50244,54431,58618,62805,66992,71179,75366,79553,83740,table-of-4187,4186,/table-of-4186,4185,/table-of-4185,4184,/table-of-4184
4188,8376,12564,16752,20940,25128,29316,33504,37692,41880,46068,50256,54444,58632,62820,67008,71196,75384,79572,83760,table-of-4188,4187,/table-of-4187,4186,/table-of-4186,4185,/table-of-4185
4189,8378,12567,16756,20945,25134,29323,33512,37701,41890,46079,50268,54457,58646,62835,67024,71213,75402,79591,83780,table-of-4189,4188,/table-of-4188,4187,/table-of-4187,4186,/table-of-4186
4190,8380,12570,16760,20950,25140,29330,33520,37710,41900,46090,50280,54470,58660,62850,67040,71230,75420,79610,83800,table-of-4190,4189,/table-of-4189,4188,/table-of-4188,4187,/table-of-4187
4191,8382,12573,16764,20955,25146,29337,33528,37719,41910,46101,50292,54483,58674,62865,67056,71247,75438,79629,83820,table-of-4191,4190,/table-of-4190,4189,/table-of-4189,4188,/table-of-4188
4192,8384,12576,16768,20960,25152,29344,33536,37728,41920,46112,50304,54496,58688,62880,67072,71264,75456,79648,83840,table-of-4192,4191,/table-of-4191,4190,/table-of-4190,4189,/table-of-4189
4193,8386,12579,16772,20965,25158,29351,33544,37737,41930,46123,50316,54509,58702,62895,67088,71281,75474,79667,83860,table-of-4193,4192,/table-of-4192,4191,/table-of-4191,4190,/table-of-4190
4194,8388,12582,16776,20970,25164,29358,33552,37746,41940,46134,50328,54522,58716,62910,67104,71298,75492,79686,83880,table-of-4194,4193,/table-of-4193,4192,/table-of-4192,4191,/table-of-4191
4195,8390,12585,16780,20975,25170,29365,33560,37755,41950,46145,50340,54535,58730,62925,67120,71315,75510,79705,83900,table-of-4195,4194,/table-of-4194,4193,/table-of-4193,4192,/table-of-4192
4196,8392,12588,16784,20980,25176,29372,33568,37764,41960,46156,50352,54548,58744,62940,67136,71332,75528,79724,83920,table-of-4196,4195,/table-of-4195,4194,/table-of-4194,4193,/table-of-4193
4197,8394,12591,16788,20985,25182,29379,33576,37773,41970,46167,50364,54561,58758,62955,67152,71349,75546,79743,83940,table-of-4197,4196,/table-of-4196,4195,/table-of-4195,4194,/table-of-4194
4198,8396,12594,16792,20990,25188,29386,33584,37782,41980,46178,50376,54574,58772,62970,67168,71366,75564,79762,83960,table-of-4198,4197,/table-of-4197,4196,/table-of-4196,4195,/table-of-4195
4199,8398,12597,16796,20995,25194,29393,33592,37791,41990,46189,50388,54587,58786,62985,67184,71383,75582,79781,83980,table-of-4199,4198,/table-of-4198,4197,/table-of-4197,4196,/table-of-4196
4200,8400,12600,16800,21000,25200,29400,33600,37800,42000,46200,50400,54600,58800,63000,67200,71400,75600,79800,84000,table-of-4200,4199,/table-of-4199,4198,/table-of-4198,4197,/table-of-4197
4201,8402,12603,16804,21005,25206,29407,33608,37809,42010,46211,50412,54613,58814,63015,67216,71417,75618,79819,84020,table-of-4201,4200,/table-of-4200,4199,/table-of-4199,4198,/table-of-4198
4202,8404,12606,16808,21010,25212,29414,33616,37818,42020,46222,50424,54626,58828,63030,67232,71434,75636,79838,84040,table-of-4202,4201,/table-of-4201,4200,/table-of-4200,4199,/table-of-4199
4203,8406,12609,16812,21015,25218,29421,33624,37827,42030,46233,50436,54639,58842,63045,67248,71451,75654,79857,84060,table-of-4203,4202,/table-of-4202,4201,/table-of-4201,4200,/table-of-4200
4204,8408,12612,16816,21020,25224,29428,33632,37836,42040,46244,50448,54652,58856,63060,67264,71468,75672,79876,84080,table-of-4204,4203,/table-of-4203,4202,/table-of-4202,4201,/table-of-4201
4205,8410,12615,16820,21025,25230,29435,33640,37845,42050,46255,50460,54665,58870,63075,67280,71485,75690,79895,84100,table-of-4205,4204,/table-of-4204,4203,/table-of-4203,4202,/table-of-4202
4206,8412,12618,16824,21030,25236,29442,33648,37854,42060,46266,50472,54678,58884,63090,67296,71502,75708,79914,84120,table-of-4206,4205,/table-of-4205,4204,/table-of-4204,4203,/table-of-4203
4207,8414,12621,16828,21035,25242,29449,33656,37863,42070,46277,50484,54691,58898,63105,67312,71519,75726,79933,84140,table-of-4207,4206,/table-of-4206,4205,/table-of-4205,4204,/table-of-4204
4208,8416,12624,16832,21040,25248,29456,33664,37872,42080,46288,50496,54704,58912,63120,67328,71536,75744,79952,84160,table-of-4208,4207,/table-of-4207,4206,/table-of-4206,4205,/table-of-4205
4209,8418,12627,16836,21045,25254,29463,33672,37881,42090,46299,50508,54717,58926,63135,67344,71553,75762,79971,84180,table-of-4209,4208,/table-of-4208,4207,/table-of-4207,4206,/table-of-4206
4210,8420,12630,16840,21050,25260,29470,33680,37890,42100,46310,50520,54730,58940,63150,67360,71570,75780,79990,84200,table-of-4210,4209,/table-of-4209,4208,/table-of-4208,4207,/table-of-4207
4211,8422,12633,16844,21055,25266,29477,33688,37899,42110,46321,50532,54743,58954,63165,67376,71587,75798,80009,84220,table-of-4211,4210,/table-of-4210,4209,/table-of-4209,4208,/table-of-4208
4212,8424,12636,16848,21060,25272,29484,33696,37908,42120,46332,50544,54756,58968,63180,67392,71604,75816,80028,84240,table-of-4212,4211,/table-of-4211,4210,/table-of-4210,4209,/table-of-4209
4213,8426,12639,16852,21065,25278,29491,33704,37917,42130,46343,50556,54769,58982,63195,67408,71621,75834,80047,84260,table-of-4213,4212,/table-of-4212,4211,/table-of-4211,4210,/table-of-4210
4214,8428,12642,16856,21070,25284,29498,33712,37926,42140,46354,50568,54782,58996,63210,67424,71638,75852,80066,84280,table-of-4214,4213,/table-of-4213,4212,/table-of-4212,4211,/table-of-4211
4215,8430,12645,16860,21075,25290,29505,33720,37935,42150,46365,50580,54795,59010,63225,67440,71655,75870,80085,84300,table-of-4215,4214,/table-of-4214,4213,/table-of-4213,4212,/table-of-4212
4216,8432,12648,16864,21080,25296,29512,33728,37944,42160,46376,50592,54808,59024,63240,67456,71672,75888,80104,84320,table-of-4216,4215,/table-of-4215,4214,/table-of-4214,4213,/table-of-4213
4217,8434,12651,16868,21085,25302,29519,33736,37953,42170,46387,50604,54821,59038,63255,67472,71689,75906,80123,84340,table-of-4217,4216,/table-of-4216,4215,/table-of-4215,4214,/table-of-4214
4218,8436,12654,16872,21090,25308,29526,33744,37962,42180,46398,50616,54834,59052,63270,67488,71706,75924,80142,84360,table-of-4218,4217,/table-of-4217,4216,/table-of-4216,4215,/table-of-4215
4219,8438,12657,16876,21095,25314,29533,33752,37971,42190,46409,50628,54847,59066,63285,67504,71723,75942,80161,84380,table-of-4219,4218,/table-of-4218,4217,/table-of-4217,4216,/table-of-4216
4220,8440,12660,16880,21100,25320,29540,33760,37980,42200,46420,50640,54860,59080,63300,67520,71740,75960,80180,84400,table-of-4220,4219,/table-of-4219,4218,/table-of-4218,4217,/table-of-4217
4221,8442,12663,16884,21105,25326,29547,33768,37989,42210,46431,50652,54873,59094,63315,67536,71757,75978,80199,84420,table-of-4221,4220,/table-of-4220,4219,/table-of-4219,4218,/table-of-4218
4222,8444,12666,16888,21110,25332,29554,33776,37998,42220,46442,50664,54886,59108,63330,67552,71774,75996,80218,84440,table-of-4222,4221,/table-of-4221,4220,/table-of-4220,4219,/table-of-4219
4223,8446,12669,16892,21115,25338,29561,33784,38007,42230,46453,50676,54899,59122,63345,67568,71791,76014,80237,84460,table-of-4223,4222,/table-of-4222,4221,/table-of-4221,4220,/table-of-4220
4224,8448,12672,16896,21120,25344,29568,33792,38016,42240,46464,50688,54912,59136,63360,67584,71808,76032,80256,84480,table-of-4224,4223,/table-of-4223,4222,/table-of-4222,4221,/table-of-4221
4225,8450,12675,16900,21125,25350,29575,33800,38025,42250,46475,50700,54925,59150,63375,67600,71825,76050,80275,84500,table-of-4225,4224,/table-of-4224,4223,/table-of-4223,4222,/table-of-4222
4226,8452,12678,16904,21130,25356,29582,33808,38034,42260,46486,50712,54938,59164,63390,67616,71842,76068,80294,84520,table-of-4226,4225,/table-of-4225,4224,/table-of-4224,4223,/table-of-4223
4227,8454,12681,16908,21135,25362,29589,33816,38043,42270,46497,50724,54951,59178,63405,67632,71859,76086,80313,84540,table-of-4227,4226,/table-of-4226,4225,/table-of-4225,4224,/table-of-4224
4228,8456,12684,16912,21140,25368,29596,33824,38052,42280,46508,50736,54964,59192,63420,67648,71876,76104,80332,84560,table-of-4228,4227,/table-of-4227,4226,/table-of-4226,4225,/table-of-4225
4229,8458,12687,16916,21145,25374,29603,33832,38061,42290,46519,50748,54977,59206,63435,67664,71893,76122,80351,84580,table-of-4229,4228,/table-of-4228,4227,/table-of-4227,4226,/table-of-4226
4230,8460,12690,16920,21150,25380,29610,33840,38070,42300,46530,50760,54990,59220,63450,67680,71910,76140,80370,84600,table-of-4230,4229,/table-of-4229,4228,/table-of-4228,4227,/table-of-4227
4231,8462,12693,16924,21155,25386,29617,33848,38079,42310,46541,50772,55003,59234,63465,67696,71927,76158,80389,84620,table-of-4231,4230,/table-of-4230,4229,/table-of-4229,4228,/table-of-4228
4232,8464,12696,16928,21160,25392,29624,33856,38088,42320,46552,50784,55016,59248,63480,67712,71944,76176,80408,84640,table-of-4232,4231,/table-of-4231,4230,/table-of-4230,4229,/table-of-4229
4233,8466,12699,16932,21165,25398,29631,33864,38097,42330,46563,50796,55029,59262,63495,67728,71961,76194,80427,84660,table-of-4233,4232,/table-of-4232,4231,/table-of-4231,4230,/table-of-4230
4234,8468,12702,16936,21170,25404,29638,33872,38106,42340,46574,50808,55042,59276,63510,67744,71978,76212,80446,84680,table-of-4234,4233,/table-of-4233,4232,/table-of-4232,4231,/table-of-4231
4235,8470,12705,16940,21175,25410,29645,33880,38115,42350,46585,50820,55055,59290,63525,67760,71995,76230,80465,84700,table-of-4235,4234,/table-of-4234,4233,/table-of-4233,4232,/table-of-4232
4236,8472,12708,16944,21180,25416,29652,33888,38124,42360,46596,50832,55068,59304,63540,67776,72012,76248,80484,84720,table-of-4236,4235,/table-of-4235,4234,/table-of-4234,4233,/table-of-4233
4237,8474,12711,16948,21185,25422,29659,33896,38133,42370,46607,50844,55081,59318,63555,67792,72029,76266,80503,84740,table-of-4237,4236,/table-of-4236,4235,/table-of-4235,4234,/table-of-4234
4238,8476,12714,16952,21190,25428,29666,33904,38142,42380,46618,50856,55094,59332,63570,67808,72046,76284,80522,84760,table-of-4238,4237,/table-of-4237,4236,/table-of-4236,4235,/table-of-4235
4239,8478,12717,16956,21195,25434,29673,33912,38151,42390,46629,50868,55107,59346,63585,67824,72063,76302,80541,84780,table-of-4239,4238,/table-of-4238,4237,/table-of-4237,4236,/table-of-4236
4240,8480,12720,16960,21200,25440,29680,33920,38160,42400,46640,50880,55120,59360,63600,67840,72080,76320,80560,84800,table-of-4240,4239,/table-of-4239,4238,/table-of-4238,4237,/table-of-4237
4241,8482,12723,16964,21205,25446,29687,33928,38169,42410,46651,50892,55133,59374,63615,67856,72097,76338,80579,84820,table-of-4241,4240,/table-of-4240,4239,/table-of-4239,4238,/table-of-4238
4242,8484,12726,16968,21210,25452,29694,33936,38178,42420,46662,50904,55146,59388,63630,67872,72114,76356,80598,84840,table-of-4242,4241,/table-of-4241,4240,/table-of-4240,4239,/table-of-4239
4243,8486,12729,16972,21215,25458,29701,33944,38187,42430,46673,50916,55159,59402,63645,67888,72131,76374,80617,84860,table-of-4243,4242,/table-of-4242,4241,/table-of-4241,4240,/table-of-4240
4244,8488,12732,16976,21220,25464,29708,33952,38196,42440,46684,50928,55172,59416,63660,67904,72148,76392,80636,84880,table-of-4244,4243,/table-of-4243,4242,/table-of-4242,4241,/table-of-4241
4245,8490,12735,16980,21225,25470,29715,33960,38205,42450,46695,50940,55185,59430,63675,67920,72165,76410,80655,84900,table-of-4245,4244,/table-of-4244,4243,/table-of-4243,4242,/table-of-4242
4246,8492,12738,16984,21230,25476,29722,33968,38214,42460,46706,50952,55198,59444,63690,67936,72182,76428,80674,84920,table-of-4246,4245,/table-of-4245,4244,/table-of-4244,4243,/table-of-4243
4247,8494,12741,16988,21235,25482,29729,33976,38223,42470,46717,50964,55211,59458,63705,67952,72199,76446,80693,84940,table-of-4247,4246,/table-of-4246,4245,/table-of-4245,4244,/table-of-4244
4248,8496,12744,16992,21240,25488,29736,33984,38232,42480,46728,50976,55224,59472,63720,67968,72216,76464,80712,84960,table-of-4248,4247,/table-of-4247,4246,/table-of-4246,4245,/table-of-4245
4249,8498,12747,16996,21245,25494,29743,33992,38241,42490,46739,50988,55237,59486,63735,67984,72233,76482,80731,84980,table-of-4249,4248,/table-of-4248,4247,/table-of-4247,4246,/table-of-4246
4250,8500,12750,17000,21250,25500,29750,34000,38250,42500,46750,51000,55250,59500,63750,68000,72250,76500,80750,85000,table-of-4250,4249,/table-of-4249,4248,/table-of-4248,4247,/table-of-4247
4251,8502,12753,17004,21255,25506,29757,34008,38259,42510,46761,51012,55263,59514,63765,68016,72267,76518,80769,85020,table-of-4251,4250,/table-of-4250,4249,/table-of-4249,4248,/table-of-4248
4252,8504,12756,17008,21260,25512,29764,34016,38268,42520,46772,51024,55276,59528,63780,68032,72284,76536,80788,85040,table-of-4252,4251,/table-of-4251,4250,/table-of-4250,4249,/table-of-4249
4253,8506,12759,17012,21265,25518,29771,34024,38277,42530,46783,51036,55289,59542,63795,68048,72301,76554,80807,85060,table-of-4253,4252,/table-of-4252,4251,/table-of-4251,4250,/table-of-4250
4254,8508,12762,17016,21270,25524,29778,34032,38286,42540,46794,51048,55302,59556,63810,68064,72318,76572,80826,85080,table-of-4254,4253,/table-of-4253,4252,/table-of-4252,4251,/table-of-4251
4255,8510,12765,17020,21275,25530,29785,34040,38295,42550,46805,51060,55315,59570,63825,68080,72335,76590,80845,85100,table-of-4255,4254,/table-of-4254,4253,/table-of-4253,4252,/table-of-4252
4256,8512,12768,17024,21280,25536,29792,34048,38304,42560,46816,51072,55328,59584,63840,68096,72352,76608,80864,85120,table-of-4256,4255,/table-of-4255,4254,/table-of-4254,4253,/table-of-4253
4257,8514,12771,17028,21285,25542,29799,34056,38313,42570,46827,51084,55341,59598,63855,68112,72369,76626,80883,85140,table-of-4257,4256,/table-of-4256,4255,/table-of-4255,4254,/table-of-4254
4258,8516,12774,17032,21290,25548,29806,34064,38322,42580,46838,51096,55354,59612,63870,68128,72386,76644,80902,85160,table-of-4258,4257,/table-of-4257,4256,/table-of-4256,4255,/table-of-4255
4259,8518,12777,17036,21295,25554,29813,34072,38331,42590,46849,51108,55367,59626,63885,68144,72403,76662,80921,85180,table-of-4259,4258,/table-of-4258,4257,/table-of-4257,4256,/table-of-4256
4260,8520,12780,17040,21300,25560,29820,34080,38340,42600,46860,51120,55380,59640,63900,68160,72420,76680,80940,85200,table-of-4260,4259,/table-of-4259,4258,/table-of-4258,4257,/table-of-4257
4261,8522,12783,17044,21305,25566,29827,34088,38349,42610,46871,51132,55393,59654,63915,68176,72437,76698,80959,85220,table-of-4261,4260,/table-of-4260,4259,/table-of-4259,4258,/table-of-4258
4262,8524,12786,17048,21310,25572,29834,34096,38358,42620,46882,51144,55406,59668,63930,68192,72454,76716,80978,85240,table-of-4262,4261,/table-of-4261,4260,/table-of-4260,4259,/table-of-4259
4263,8526,12789,17052,21315,25578,29841,34104,38367,42630,46893,51156,55419,59682,63945,68208,72471,76734,80997,85260,table-of-4263,4262,/table-of-4262,4261,/table-of-4261,4260,/table-of-4260
4264,8528,12792,17056,21320,25584,29848,34112,38376,42640,46904,51168,55432,59696,63960,68224,72488,76752,81016,85280,table-of-4264,4263,/table-of-4263,4262,/table-of-4262,4261,/table-of-4261
4265,8530,12795,17060,21325,25590,29855,34120,38385,42650,46915,51180,55445,59710,63975,68240,72505,76770,81035,85300,table-of-4265,4264,/table-of-4264,4263,/table-of-4263,4262,/table-of-4262
4266,8532,12798,17064,21330,25596,29862,34128,38394,42660,46926,51192,55458,59724,63990,68256,72522,76788,81054,85320,table-of-4266,4265,/table-of-4265,4264,/table-of-4264,4263,/table-of-4263
4267,8534,12801,17068,21335,25602,29869,34136,38403,42670,46937,51204,55471,59738,64005,68272,72539,76806,81073,85340,table-of-4267,4266,/table-of-4266,4265,/table-of-4265,4264,/table-of-4264
4268,8536,12804,17072,21340,25608,29876,34144,38412,42680,46948,51216,55484,59752,64020,68288,72556,76824,81092,85360,table-of-4268,4267,/table-of-4267,4266,/table-of-4266,4265,/table-of-4265
4269,8538,12807,17076,21345,25614,29883,34152,38421,42690,46959,51228,55497,59766,64035,68304,72573,76842,81111,85380,table-of-4269,4268,/table-of-4268,4267,/table-of-4267,4266,/table-of-4266
4270,8540,12810,17080,21350,25620,29890,34160,38430,42700,46970,51240,55510,59780,64050,68320,72590,76860,81130,85400,table-of-4270,4269,/table-of-4269,4268,/table-of-4268,4267,/table-of-4267
4271,8542,12813,17084,21355,25626,29897,34168,38439,42710,46981,51252,55523,59794,64065,68336,72607,76878,81149,85420,table-of-4271,4270,/table-of-4270,4269,/table-of-4269,4268,/table-of-4268
4272,8544,12816,17088,21360,25632,29904,34176,38448,42720,46992,51264,55536,59808,64080,68352,72624,76896,81168,85440,table-of-4272,4271,/table-of-4271,4270,/table-of-4270,4269,/table-of-4269
4273,8546,12819,17092,21365,25638,29911,34184,38457,42730,47003,51276,55549,59822,64095,68368,72641,76914,81187,85460,table-of-4273,4272,/table-of-4272,4271,/table-of-4271,4270,/table-of-4270
4274,8548,12822,17096,21370,25644,29918,34192,38466,42740,47014,51288,55562,59836,64110,68384,72658,76932,81206,85480,table-of-4274,4273,/table-of-4273,4272,/table-of-4272,4271,/table-of-4271
4275,8550,12825,17100,21375,25650,29925,34200,38475,42750,47025,51300,55575,59850,64125,68400,72675,76950,81225,85500,table-of-4275,4274,/table-of-4274,4273,/table-of-4273,4272,/table-of-4272
4276,8552,12828,17104,21380,25656,29932,34208,38484,42760,47036,51312,55588,59864,64140,68416,72692,76968,81244,85520,table-of-4276,4275,/table-of-4275,4274,/table-of-4274,4273,/table-of-4273
4277,8554,12831,17108,21385,25662,29939,34216,38493,42770,47047,51324,55601,59878,64155,68432,72709,76986,81263,85540,table-of-4277,4276,/table-of-4276,4275,/table-of-4275,4274,/table-of-4274
4278,8556,12834,17112,21390,25668,29946,34224,38502,42780,47058,51336,55614,59892,64170,68448,72726,77004,81282,85560,table-of-4278,4277,/table-of-4277,4276,/table-of-4276,4275,/table-of-4275
4279,8558,12837,17116,21395,25674,29953,34232,38511,42790,47069,51348,55627,59906,64185,68464,72743,77022,81301,85580,table-of-4279,4278,/table-of-4278,4277,/table-of-4277,4276,/table-of-4276
4280,8560,12840,17120,21400,25680,29960,34240,38520,42800,47080,51360,55640,59920,64200,68480,72760,77040,81320,85600,table-of-4280,4279,/table-of-4279,4278,/table-of-4278,4277,/table-of-4277
4281,8562,12843,17124,21405,25686,29967,34248,38529,42810,47091,51372,55653,59934,64215,68496,72777,77058,81339,85620,table-of-4281,4280,/table-of-4280,4279,/table-of-4279,4278,/table-of-4278
4282,8564,12846,17128,21410,25692,29974,34256,38538,42820,47102,51384,55666,59948,64230,68512,72794,77076,81358,85640,table-of-4282,4281,/table-of-4281,4280,/table-of-4280,4279,/table-of-4279
4283,8566,12849,17132,21415,25698,29981,34264,38547,42830,47113,51396,55679,59962,64245,68528,72811,77094,81377,85660,table-of-4283,4282,/table-of-4282,4281,/table-of-4281,4280,/table-of-4280
4284,8568,12852,17136,21420,25704,29988,34272,38556,42840,47124,51408,55692,59976,64260,68544,72828,77112,81396,85680,table-of-4284,4283,/table-of-4283,4282,/table-of-4282,4281,/table-of-4281
4285,8570,12855,17140,21425,25710,29995,34280,38565,42850,47135,51420,55705,59990,64275,68560,72845,77130,81415,85700,table-of-4285,4284,/table-of-4284,4283,/table-of-4283,4282,/table-of-4282
4286,8572,12858,17144,21430,25716,30002,34288,38574,42860,47146,51432,55718,60004,64290,68576,72862,77148,81434,85720,table-of-4286,4285,/table-of-4285,4284,/table-of-4284,4283,/table-of-4283
4287,8574,12861,17148,21435,25722,30009,34296,38583,42870,47157,51444,55731,60018,64305,68592,72879,77166,81453,85740,table-of-4287,4286,/table-of-4286,4285,/table-of-4285,4284,/table-of-4284
4288,8576,12864,17152,21440,25728,30016,34304,38592,42880,47168,51456,55744,60032,64320,68608,72896,77184,81472,85760,table-of-4288,4287,/table-of-4287,4286,/table-of-4286,4285,/table-of-4285
4289,8578,12867,17156,21445,25734,30023,34312,38601,42890,47179,51468,55757,60046,64335,68624,72913,77202,81491,85780,table-of-4289,4288,/table-of-4288,4287,/table-of-4287,4286,/table-of-4286
4290,8580,12870,17160,21450,25740,30030,34320,38610,42900,47190,51480,55770,60060,64350,68640,72930,77220,81510,85800,table-of-4290,4289,/table-of-4289,4288,/table-of-4288,4287,/table-of-4287
4291,8582,12873,17164,21455,25746,30037,34328,38619,42910,47201,51492,55783,60074,64365,68656,72947,77238,81529,85820,table-of-4291,4290,/table-of-4290,4289,/table-of-4289,4288,/table-of-4288
4292,8584,12876,17168,21460,25752,30044,34336,38628,42920,47212,51504,55796,60088,64380,68672,72964,77256,81548,85840,table-of-4292,4291,/table-of-4291,4290,/table-of-4290,4289,/table-of-4289
4293,8586,12879,17172,21465,25758,30051,34344,38637,42930,47223,51516,55809,60102,64395,68688,72981,77274,81567,85860,table-of-4293,4292,/table-of-4292,4291,/table-of-4291,4290,/table-of-4290
4294,8588,12882,17176,21470,25764,30058,34352,38646,42940,47234,51528,55822,60116,64410,68704,72998,77292,81586,85880,table-of-4294,4293,/table-of-4293,4292,/table-of-4292,4291,/table-of-4291
4295,8590,12885,17180,21475,25770,30065,34360,38655,42950,47245,51540,55835,60130,64425,68720,73015,77310,81605,85900,table-of-4295,4294,/table-of-4294,4293,/table-of-4293,4292,/table-of-4292
4296,8592,12888,17184,21480,25776,30072,34368,38664,42960,47256,51552,55848,60144,64440,68736,73032,77328,81624,85920,table-of-4296,4295,/table-of-4295,4294,/table-of-4294,4293,/table-of-4293
4297,8594,12891,17188,21485,25782,30079,34376,38673,42970,47267,51564,55861,60158,64455,68752,73049,77346,81643,85940,table-of-4297,4296,/table-of-4296,4295,/table-of-4295,4294,/table-of-4294
4298,8596,12894,17192,21490,25788,30086,34384,38682,42980,47278,51576,55874,60172,64470,68768,73066,77364,81662,85960,table-of-4298,4297,/table-of-4297,4296,/table-of-4296,4295,/table-of-4295
4299,8598,12897,17196,21495,25794,30093,34392,38691,42990,47289,51588,55887,60186,64485,68784,73083,77382,81681,85980,table-of-4299,4298,/table-of-4298,4297,/table-of-4297,4296,/table-of-4296
4300,8600,12900,17200,21500,25800,30100,34400,38700,43000,47300,51600,55900,60200,64500,68800,73100,77400,81700,86000,table-of-4300,4299,/table-of-4299,4298,/table-of-4298,4297,/table-of-4297
4301,8602,12903,17204,21505,25806,30107,34408,38709,43010,47311,51612,55913,60214,64515,68816,73117,77418,81719,86020,table-of-4301,4300,/table-of-4300,4299,/table-of-4299,4298,/table-of-4298
4302,8604,12906,17208,21510,25812,30114,34416,38718,43020,47322,51624,55926,60228,64530,68832,73134,77436,81738,86040,table-of-4302,4301,/table-of-4301,4300,/table-of-4300,4299,/table-of-4299
4303,8606,12909,17212,21515,25818,30121,34424,38727,43030,47333,51636,55939,60242,64545,68848,73151,77454,81757,86060,table-of-4303,4302,/table-of-4302,4301,/table-of-4301,4300,/table-of-4300
4304,8608,12912,17216,21520,25824,30128,34432,38736,43040,47344,51648,55952,60256,64560,68864,73168,77472,81776,86080,table-of-4304,4303,/table-of-4303,4302,/table-of-4302,4301,/table-of-4301
4305,8610,12915,17220,21525,25830,30135,34440,38745,43050,47355,51660,55965,60270,64575,68880,73185,77490,81795,86100,table-of-4305,4304,/table-of-4304,4303,/table-of-4303,4302,/table-of-4302
4306,8612,12918,17224,21530,25836,30142,34448,38754,43060,47366,51672,55978,60284,64590,68896,73202,77508,81814,86120,table-of-4306,4305,/table-of-4305,4304,/table-of-4304,4303,/table-of-4303
4307,8614,12921,17228,21535,25842,30149,34456,38763,43070,47377,51684,55991,60298,64605,68912,73219,77526,81833,86140,table-of-4307,4306,/table-of-4306,4305,/table-of-4305,4304,/table-of-4304
4308,8616,12924,17232,21540,25848,30156,34464,38772,43080,47388,51696,56004,60312,64620,68928,73236,77544,81852,86160,table-of-4308,4307,/table-of-4307,4306,/table-of-4306,4305,/table-of-4305
4309,8618,12927,17236,21545,25854,30163,34472,38781,43090,47399,51708,56017,60326,64635,68944,73253,77562,81871,86180,table-of-4309,4308,/table-of-4308,4307,/table-of-4307,4306,/table-of-4306
4310,8620,12930,17240,21550,25860,30170,34480,38790,43100,47410,51720,56030,60340,64650,68960,73270,77580,81890,86200,table-of-4310,4309,/table-of-4309,4308,/table-of-4308,4307,/table-of-4307
4311,8622,12933,17244,21555,25866,30177,34488,38799,43110,47421,51732,56043,60354,64665,68976,73287,77598,81909,86220,table-of-4311,4310,/table-of-4310,4309,/table-of-4309,4308,/table-of-4308
4312,8624,12936,17248,21560,25872,30184,34496,38808,43120,47432,51744,56056,60368,64680,68992,73304,77616,81928,86240,table-of-4312,4311,/table-of-4311,4310,/table-of-4310,4309,/table-of-4309
4313,8626,12939,17252,21565,25878,30191,34504,38817,43130,47443,51756,56069,60382,64695,69008,73321,77634,81947,86260,table-of-4313,4312,/table-of-4312,4311,/table-of-4311,4310,/table-of-4310
4314,8628,12942,17256,21570,25884,30198,34512,38826,43140,47454,51768,56082,60396,64710,69024,73338,77652,81966,86280,table-of-4314,4313,/table-of-4313,4312,/table-of-4312,4311,/table-of-4311
4315,8630,12945,17260,21575,25890,30205,34520,38835,43150,47465,51780,56095,60410,64725,69040,73355,77670,81985,86300,table-of-4315,4314,/table-of-4314,4313,/table-of-4313,4312,/table-of-4312
4316,8632,12948,17264,21580,25896,30212,34528,38844,43160,47476,51792,56108,60424,64740,69056,73372,77688,82004,86320,table-of-4316,4315,/table-of-4315,4314,/table-of-4314,4313,/table-of-4313
4317,8634,12951,17268,21585,25902,30219,34536,38853,43170,47487,51804,56121,60438,64755,69072,73389,77706,82023,86340,table-of-4317,4316,/table-of-4316,4315,/table-of-4315,4314,/table-of-4314
4318,8636,12954,17272,21590,25908,30226,34544,38862,43180,47498,51816,56134,60452,64770,69088,73406,77724,82042,86360,table-of-4318,4317,/table-of-4317,4316,/table-of-4316,4315,/table-of-4315
4319,8638,12957,17276,21595,25914,30233,34552,38871,43190,47509,51828,56147,60466,64785,69104,73423,77742,82061,86380,table-of-4319,4318,/table-of-4318,4317,/table-of-4317,4316,/table-of-4316
4320,8640,12960,17280,21600,25920,30240,34560,38880,43200,47520,51840,56160,60480,64800,69120,73440,77760,82080,86400,table-of-4320,4319,/table-of-4319,4318,/table-of-4318,4317,/table-of-4317
4321,8642,12963,17284,21605,25926,30247,34568,38889,43210,47531,51852,56173,60494,64815,69136,73457,77778,82099,86420,table-of-4321,4320,/table-of-4320,4319,/table-of-4319,4318,/table-of-4318
4322,8644,12966,17288,21610,25932,30254,34576,38898,43220,47542,51864,56186,60508,64830,69152,73474,77796,82118,86440,table-of-4322,4321,/table-of-4321,4320,/table-of-4320,4319,/table-of-4319
4323,8646,12969,17292,21615,25938,30261,34584,38907,43230,47553,51876,56199,60522,64845,69168,73491,77814,82137,86460,table-of-4323,4322,/table-of-4322,4321,/table-of-4321,4320,/table-of-4320
4324,8648,12972,17296,21620,25944,30268,34592,38916,43240,47564,51888,56212,60536,64860,69184,73508,77832,82156,86480,table-of-4324,4323,/table-of-4323,4322,/table-of-4322,4321,/table-of-4321
4325,8650,12975,17300,21625,25950,30275,34600,38925,43250,47575,51900,56225,60550,64875,69200,73525,77850,82175,86500,table-of-4325,4324,/table-of-4324,4323,/table-of-4323,4322,/table-of-4322
4326,8652,12978,17304,21630,25956,30282,34608,38934,43260,47586,51912,56238,60564,64890,69216,73542,77868,82194,86520,table-of-4326,4325,/table-of-4325,4324,/table-of-4324,4323,/table-of-4323
4327,8654,12981,17308,21635,25962,30289,34616,38943,43270,47597,51924,56251,60578,64905,69232,73559,77886,82213,86540,table-of-4327,4326,/table-of-4326,4325,/table-of-4325,4324,/table-of-4324
4328,8656,12984,17312,21640,25968,30296,34624,38952,43280,47608,51936,56264,60592,64920,69248,73576,77904,82232,86560,table-of-4328,4327,/table-of-4327,4326,/table-of-4326,4325,/table-of-4325
4329,8658,12987,17316,21645,25974,30303,34632,38961,43290,47619,51948,56277,60606,64935,69264,73593,77922,82251,86580,table-of-4329,4328,/table-of-4328,4327,/table-of-4327,4326,/table-of-4326
4330,8660,12990,17320,21650,25980,30310,34640,38970,43300,47630,51960,56290,60620,64950,69280,73610,77940,82270,86600,table-of-4330,4329,/table-of-4329,4328,/table-of-4328,4327,/table-of-4327
4331,8662,12993,17324,21655,25986,30317,34648,38979,43310,47641,51972,56303,60634,64965,69296,73627,77958,82289,86620,table-of-4331,4330,/table-of-4330,4329,/table-of-4329,4328,/table-of-4328
4332,8664,12996,17328,21660,25992,30324,34656,38988,43320,47652,51984,56316,60648,64980,69312,73644,77976,82308,86640,table-of-4332,4331,/table-of-4331,4330,/table-of-4330,4329,/table-of-4329
4333,8666,12999,17332,21665,25998,30331,34664,38997,43330,47663,51996,56329,60662,64995,69328,73661,77994,82327,86660,table-of-4333,4332,/table-of-4332,4331,/table-of-4331,4330,/table-of-4330
4334,8668,13002,17336,21670,26004,30338,34672,39006,43340,47674,52008,56342,60676,65010,69344,73678,78012,82346,86680,table-of-4334,4333,/table-of-4333,4332,/table-of-4332,4331,/table-of-4331
4335,8670,13005,17340,21675,26010,30345,34680,39015,43350,47685,52020,56355,60690,65025,69360,73695,78030,82365,86700,table-of-4335,4334,/table-of-4334,4333,/table-of-4333,4332,/table-of-4332
4336,8672,13008,17344,21680,26016,30352,34688,39024,43360,47696,52032,56368,60704,65040,69376,73712,78048,82384,86720,table-of-4336,4335,/table-of-4335,4334,/table-of-4334,4333,/table-of-4333
4337,8674,13011,17348,21685,26022,30359,34696,39033,43370,47707,52044,56381,60718,65055,69392,73729,78066,82403,86740,table-of-4337,4336,/table-of-4336,4335,/table-of-4335,4334,/table-of-4334
4338,8676,13014,17352,21690,26028,30366,34704,39042,43380,47718,52056,56394,60732,65070,69408,73746,78084,82422,86760,table-of-4338,4337,/table-of-4337,4336,/table-of-4336,4335,/table-of-4335
4339,8678,13017,17356,21695,26034,30373,34712,39051,43390,47729,52068,56407,60746,65085,69424,73763,78102,82441,86780,table-of-4339,4338,/table-of-4338,4337,/table-of-4337,4336,/table-of-4336
4340,8680,13020,17360,21700,26040,30380,34720,39060,43400,47740,52080,56420,60760,65100,69440,73780,78120,82460,86800,table-of-4340,4339,/table-of-4339,4338,/table-of-4338,4337,/table-of-4337
4341,8682,13023,17364,21705,26046,30387,34728,39069,43410,47751,52092,56433,60774,65115,69456,73797,78138,82479,86820,table-of-4341,4340,/table-of-4340,4339,/table-of-4339,4338,/table-of-4338
4342,8684,13026,17368,21710,26052,30394,34736,39078,43420,47762,52104,56446,60788,65130,69472,73814,78156,82498,86840,table-of-4342,4341,/table-of-4341,4340,/table-of-4340,4339,/table-of-4339
4343,8686,13029,17372,21715,26058,30401,34744,39087,43430,47773,52116,56459,60802,65145,69488,73831,78174,82517,86860,table-of-4343,4342,/table-of-4342,4341,/table-of-4341,4340,/table-of-4340
4344,8688,13032,17376,21720,26064,30408,34752,39096,43440,47784,52128,56472,60816,65160,69504,73848,78192,82536,86880,table-of-4344,4343,/table-of-4343,4342,/table-of-4342,4341,/table-of-4341
4345,8690,13035,17380,21725,26070,30415,34760,39105,43450,47795,52140,56485,60830,65175,69520,73865,78210,82555,86900,table-of-4345,4344,/table-of-4344,4343,/table-of-4343,4342,/table-of-4342
4346,8692,13038,17384,21730,26076,30422,34768,39114,43460,47806,52152,56498,60844,65190,69536,73882,78228,82574,86920,table-of-4346,4345,/table-of-4345,4344,/table-of-4344,4343,/table-of-4343
4347,8694,13041,17388,21735,26082,30429,34776,39123,43470,47817,52164,56511,60858,65205,69552,73899,78246,82593,86940,table-of-4347,4346,/table-of-4346,4345,/table-of-4345,4344,/table-of-4344
4348,8696,13044,17392,21740,26088,30436,34784,39132,43480,47828,52176,56524,60872,65220,69568,73916,78264,82612,86960,table-of-4348,4347,/table-of-4347,4346,/table-of-4346,4345,/table-of-4345
4349,8698,13047,17396,21745,26094,30443,34792,39141,43490,47839,52188,56537,60886,65235,69584,73933,78282,82631,86980,table-of-4349,4348,/table-of-4348,4347,/table-of-4347,4346,/table-of-4346
4350,8700,13050,17400,21750,26100,30450,34800,39150,43500,47850,52200,56550,60900,65250,69600,73950,78300,82650,87000,table-of-4350,4349,/table-of-4349,4348,/table-of-4348,4347,/table-of-4347
4351,8702,13053,17404,21755,26106,30457,34808,39159,43510,47861,52212,56563,60914,65265,69616,73967,78318,82669,87020,table-of-4351,4350,/table-of-4350,4349,/table-of-4349,4348,/table-of-4348
4352,8704,13056,17408,21760,26112,30464,34816,39168,43520,47872,52224,56576,60928,65280,69632,73984,78336,82688,87040,table-of-4352,4351,/table-of-4351,4350,/table-of-4350,4349,/table-of-4349
4353,8706,13059,17412,21765,26118,30471,34824,39177,43530,47883,52236,56589,60942,65295,69648,74001,78354,82707,87060,table-of-4353,4352,/table-of-4352,4351,/table-of-4351,4350,/table-of-4350
4354,8708,13062,17416,21770,26124,30478,34832,39186,43540,47894,52248,56602,60956,65310,69664,74018,78372,82726,87080,table-of-4354,4353,/table-of-4353,4352,/table-of-4352,4351,/table-of-4351
4355,8710,13065,17420,21775,26130,30485,34840,39195,43550,47905,52260,56615,60970,65325,69680,74035,78390,82745,87100,table-of-4355,4354,/table-of-4354,4353,/table-of-4353,4352,/table-of-4352
4356,8712,13068,17424,21780,26136,30492,34848,39204,43560,47916,52272,56628,60984,65340,69696,74052,78408,82764,87120,table-of-4356,4355,/table-of-4355,4354,/table-of-4354,4353,/table-of-4353
4357,8714,13071,17428,21785,26142,30499,34856,39213,43570,47927,52284,56641,60998,65355,69712,74069,78426,82783,87140,table-of-4357,4356,/table-of-4356,4355,/table-of-4355,4354,/table-of-4354
4358,8716,13074,17432,21790,26148,30506,34864,39222,43580,47938,52296,56654,61012,65370,69728,74086,78444,82802,87160,table-of-4358,4357,/table-of-4357,4356,/table-of-4356,4355,/table-of-4355
4359,8718,13077,17436,21795,26154,30513,34872,39231,43590,47949,52308,56667,61026,65385,69744,74103,78462,82821,87180,table-of-4359,4358,/table-of-4358,4357,/table-of-4357,4356,/table-of-4356
4360,8720,13080,17440,21800,26160,30520,34880,39240,43600,47960,52320,56680,61040,65400,69760,74120,78480,82840,87200,table-of-4360,4359,/table-of-4359,4358,/table-of-4358,4357,/table-of-4357
4361,8722,13083,17444,21805,26166,30527,34888,39249,43610,47971,52332,56693,61054,65415,69776,74137,78498,82859,87220,table-of-4361,4360,/table-of-4360,4359,/table-of-4359,4358,/table-of-4358
4362,8724,13086,17448,21810,26172,30534,34896,39258,43620,47982,52344,56706,61068,65430,69792,74154,78516,82878,87240,table-of-4362,4361,/table-of-4361,4360,/table-of-4360,4359,/table-of-4359
4363,8726,13089,17452,21815,26178,30541,34904,39267,43630,47993,52356,56719,61082,65445,69808,74171,78534,82897,87260,table-of-4363,4362,/table-of-4362,4361,/table-of-4361,4360,/table-of-4360
4364,8728,13092,17456,21820,26184,30548,34912,39276,43640,48004,52368,56732,61096,65460,69824,74188,78552,82916,87280,table-of-4364,4363,/table-of-4363,4362,/table-of-4362,4361,/table-of-4361
4365,8730,13095,17460,21825,26190,30555,34920,39285,43650,48015,52380,56745,61110,65475,69840,74205,78570,82935,87300,table-of-4365,4364,/table-of-4364,4363,/table-of-4363,4362,/table-of-4362
4366,8732,13098,17464,21830,26196,30562,34928,39294,43660,48026,52392,56758,61124,65490,69856,74222,78588,82954,87320,table-of-4366,4365,/table-of-4365,4364,/table-of-4364,4363,/table-of-4363
4367,8734,13101,17468,21835,26202,30569,34936,39303,43670,48037,52404,56771,61138,65505,69872,74239,78606,82973,87340,table-of-4367,4366,/table-of-4366,4365,/table-of-4365,4364,/table-of-4364
4368,8736,13104,17472,21840,26208,30576,34944,39312,43680,48048,52416,56784,61152,65520,69888,74256,78624,82992,87360,table-of-4368,4367,/table-of-4367,4366,/table-of-4366,4365,/table-of-4365
4369,8738,13107,17476,21845,26214,30583,34952,39321,43690,48059,52428,56797,61166,65535,69904,74273,78642,83011,87380,table-of-4369,4368,/table-of-4368,4367,/table-of-4367,4366,/table-of-4366
4370,8740,13110,17480,21850,26220,30590,34960,39330,43700,48070,52440,56810,61180,65550,69920,74290,78660,83030,87400,table-of-4370,4369,/table-of-4369,4368,/table-of-4368,4367,/table-of-4367
4371,8742,13113,17484,21855,26226,30597,34968,39339,43710,48081,52452,56823,61194,65565,69936,74307,78678,83049,87420,table-of-4371,4370,/table-of-4370,4369,/table-of-4369,4368,/table-of-4368
4372,8744,13116,17488,21860,26232,30604,34976,39348,43720,48092,52464,56836,61208,65580,69952,74324,78696,83068,87440,table-of-4372,4371,/table-of-4371,4370,/table-of-4370,4369,/table-of-4369
4373,8746,13119,17492,21865,26238,30611,34984,39357,43730,48103,52476,56849,61222,65595,69968,74341,78714,83087,87460,table-of-4373,4372,/table-of-4372,4371,/table-of-4371,4370,/table-of-4370
4374,8748,13122,17496,21870,26244,30618,34992,39366,43740,48114,52488,56862,61236,65610,69984,74358,78732,83106,87480,table-of-4374,4373,/table-of-4373,4372,/table-of-4372,4371,/table-of-4371
4375,8750,13125,17500,21875,26250,30625,35000,39375,43750,48125,52500,56875,61250,65625,70000,74375,78750,83125,87500,table-of-4375,4374,/table-of-4374,4373,/table-of-4373,4372,/table-of-4372
4376,8752,13128,17504,21880,26256,30632,35008,39384,43760,48136,52512,56888,61264,65640,70016,74392,78768,83144,87520,table-of-4376,4375,/table-of-4375,4374,/table-of-4374,4373,/table-of-4373
4377,8754,13131,17508,21885,26262,30639,35016,39393,43770,48147,52524,56901,61278,65655,70032,74409,78786,83163,87540,table-of-4377,4376,/table-of-4376,4375,/table-of-4375,4374,/table-of-4374
4378,8756,13134,17512,21890,26268,30646,35024,39402,43780,48158,52536,56914,61292,65670,70048,74426,78804,83182,87560,table-of-4378,4377,/table-of-4377,4376,/table-of-4376,4375,/table-of-4375
4379,8758,13137,17516,21895,26274,30653,35032,39411,43790,48169,52548,56927,61306,65685,70064,74443,78822,83201,87580,table-of-4379,4378,/table-of-4378,4377,/table-of-4377,4376,/table-of-4376
4380,8760,13140,17520,21900,26280,30660,35040,39420,43800,48180,52560,56940,61320,65700,70080,74460,78840,83220,87600,table-of-4380,4379,/table-of-4379,4378,/table-of-4378,4377,/table-of-4377
4381,8762,13143,17524,21905,26286,30667,35048,39429,43810,48191,52572,56953,61334,65715,70096,74477,78858,83239,87620,table-of-4381,4380,/table-of-4380,4379,/table-of-4379,4378,/table-of-4378
4382,8764,13146,17528,21910,26292,30674,35056,39438,43820,48202,52584,56966,61348,65730,70112,74494,78876,83258,87640,table-of-4382,4381,/table-of-4381,4380,/table-of-4380,4379,/table-of-4379
4383,8766,13149,17532,21915,26298,30681,35064,39447,43830,48213,52596,56979,61362,65745,70128,74511,78894,83277,87660,table-of-4383,4382,/table-of-4382,4381,/table-of-4381,4380,/table-of-4380
4384,8768,13152,17536,21920,26304,30688,35072,39456,43840,48224,52608,56992,61376,65760,70144,74528,78912,83296,87680,table-of-4384,4383,/table-of-4383,4382,/table-of-4382,4381,/table-of-4381
4385,8770,13155,17540,21925,26310,30695,35080,39465,43850,48235,52620,57005,61390,65775,70160,74545,78930,83315,87700,table-of-4385,4384,/table-of-4384,4383,/table-of-4383,4382,/table-of-4382
4386,8772,13158,17544,21930,26316,30702,35088,39474,43860,48246,52632,57018,61404,65790,70176,74562,78948,83334,87720,table-of-4386,4385,/table-of-4385,4384,/table-of-4384,4383,/table-of-4383
4387,8774,13161,17548,21935,26322,30709,35096,39483,43870,48257,52644,57031,61418,65805,70192,74579,78966,83353,87740,table-of-4387,4386,/table-of-4386,4385,/table-of-4385,4384,/table-of-4384
4388,8776,13164,17552,21940,26328,30716,35104,39492,43880,48268,52656,57044,61432,65820,70208,74596,78984,83372,87760,table-of-4388,4387,/table-of-4387,4386,/table-of-4386,4385,/table-of-4385
4389,8778,13167,17556,21945,26334,30723,35112,39501,43890,48279,52668,57057,61446,65835,70224,74613,79002,83391,87780,table-of-4389,4388,/table-of-4388,4387,/table-of-4387,4386,/table-of-4386
4390,8780,13170,17560,21950,26340,30730,35120,39510,43900,48290,52680,57070,61460,65850,70240,74630,79020,83410,87800,table-of-4390,4389,/table-of-4389,4388,/table-of-4388,4387,/table-of-4387
4391,8782,13173,17564,21955,26346,30737,35128,39519,43910,48301,52692,57083,61474,65865,70256,74647,79038,83429,87820,table-of-4391,4390,/table-of-4390,4389,/table-of-4389,4388,/table-of-4388
4392,8784,13176,17568,21960,26352,30744,35136,39528,43920,48312,52704,57096,61488,65880,70272,74664,79056,83448,87840,table-of-4392,4391,/table-of-4391,4390,/table-of-4390,4389,/table-of-4389
4393,8786,13179,17572,21965,26358,30751,35144,39537,43930,48323,52716,57109,61502,65895,70288,74681,79074,83467,87860,table-of-4393,4392,/table-of-4392,4391,/table-of-4391,4390,/table-of-4390
4394,8788,13182,17576,21970,26364,30758,35152,39546,43940,48334,52728,57122,61516,65910,70304,74698,79092,83486,87880,table-of-4394,4393,/table-of-4393,4392,/table-of-4392,4391,/table-of-4391
4395,8790,13185,17580,21975,26370,30765,35160,39555,43950,48345,52740,57135,61530,65925,70320,74715,79110,83505,87900,table-of-4395,4394,/table-of-4394,4393,/table-of-4393,4392,/table-of-4392
4396,8792,13188,17584,21980,26376,30772,35168,39564,43960,48356,52752,57148,61544,65940,70336,74732,79128,83524,87920,table-of-4396,4395,/table-of-4395,4394,/table-of-4394,4393,/table-of-4393
4397,8794,13191,17588,21985,26382,30779,35176,39573,43970,48367,52764,57161,61558,65955,70352,74749,79146,83543,87940,table-of-4397,4396,/table-of-4396,4395,/table-of-4395,4394,/table-of-4394
4398,8796,13194,17592,21990,26388,30786,35184,39582,43980,48378,52776,57174,61572,65970,70368,74766,79164,83562,87960,table-of-4398,4397,/table-of-4397,4396,/table-of-4396,4395,/table-of-4395
4399,8798,13197,17596,21995,26394,30793,35192,39591,43990,48389,52788,57187,61586,65985,70384,74783,79182,83581,87980,table-of-4399,4398,/table-of-4398,4397,/table-of-4397,4396,/table-of-4396
4400,8800,13200,17600,22000,26400,30800,35200,39600,44000,48400,52800,57200,61600,66000,70400,74800,79200,83600,88000,table-of-4400,4399,/table-of-4399,4398,/table-of-4398,4397,/table-of-4397
4401,8802,13203,17604,22005,26406,30807,35208,39609,44010,48411,52812,57213,61614,66015,70416,74817,79218,83619,88020,table-of-4401,4400,/table-of-4400,4399,/table-of-4399,4398,/table-of-4398
4402,8804,13206,17608,22010,26412,30814,35216,39618,44020,48422,52824,57226,61628,66030,70432,74834,79236,83638,88040,table-of-4402,4401,/table-of-4401,4400,/table-of-4400,4399,/table-of-4399
4403,8806,13209,17612,22015,26418,30821,35224,39627,44030,48433,52836,57239,61642,66045,70448,74851,79254,83657,88060,table-of-4403,4402,/table-of-4402,4401,/table-of-4401,4400,/table-of-4400
4404,8808,13212,17616,22020,26424,30828,35232,39636,44040,48444,52848,57252,61656,66060,70464,74868,79272,83676,88080,table-of-4404,4403,/table-of-4403,4402,/table-of-4402,4401,/table-of-4401
4405,8810,13215,17620,22025,26430,30835,35240,39645,44050,48455,52860,57265,61670,66075,70480,74885,79290,83695,88100,table-of-4405,4404,/table-of-4404,4403,/table-of-4403,4402,/table-of-4402
4406,8812,13218,17624,22030,26436,30842,35248,39654,44060,48466,52872,57278,61684,66090,70496,74902,79308,83714,88120,table-of-4406,4405,/table-of-4405,4404,/table-of-4404,4403,/table-of-4403
4407,8814,13221,17628,22035,26442,30849,35256,39663,44070,48477,52884,57291,61698,66105,70512,74919,79326,83733,88140,table-of-4407,4406,/table-of-4406,4405,/table-of-4405,4404,/table-of-4404
4408,8816,13224,17632,22040,26448,30856,35264,39672,44080,48488,52896,57304,61712,66120,70528,74936,79344,83752,88160,table-of-4408,4407,/table-of-4407,4406,/table-of-4406,4405,/table-of-4405
4409,8818,13227,17636,22045,26454,30863,35272,39681,44090,48499,52908,57317,61726,66135,70544,74953,79362,83771,88180,table-of-4409,4408,/table-of-4408,4407,/table-of-4407,4406,/table-of-4406
4410,8820,13230,17640,22050,26460,30870,35280,39690,44100,48510,52920,57330,61740,66150,70560,74970,79380,83790,88200,table-of-4410,4409,/table-of-4409,4408,/table-of-4408,4407,/table-of-4407
4411,8822,13233,17644,22055,26466,30877,35288,39699,44110,48521,52932,57343,61754,66165,70576,74987,79398,83809,88220,table-of-4411,4410,/table-of-4410,4409,/table-of-4409,4408,/table-of-4408
4412,8824,13236,17648,22060,26472,30884,35296,39708,44120,48532,52944,57356,61768,66180,70592,75004,79416,83828,88240,table-of-4412,4411,/table-of-4411,4410,/table-of-4410,4409,/table-of-4409
4413,8826,13239,17652,22065,26478,30891,35304,39717,44130,48543,52956,57369,61782,66195,70608,75021,79434,83847,88260,table-of-4413,4412,/table-of-4412,4411,/table-of-4411,4410,/table-of-4410
4414,8828,13242,17656,22070,26484,30898,35312,39726,44140,48554,52968,57382,61796,66210,70624,75038,79452,83866,88280,table-of-4414,4413,/table-of-4413,4412,/table-of-4412,4411,/table-of-4411
4415,8830,13245,17660,22075,26490,30905,35320,39735,44150,48565,52980,57395,61810,66225,70640,75055,79470,83885,88300,table-of-4415,4414,/table-of-4414,4413,/table-of-4413,4412,/table-of-4412
4416,8832,13248,17664,22080,26496,30912,35328,39744,44160,48576,52992,57408,61824,66240,70656,75072,79488,83904,88320,table-of-4416,4415,/table-of-4415,4414,/table-of-4414,4413,/table-of-4413
4417,8834,13251,17668,22085,26502,30919,35336,39753,44170,48587,53004,57421,61838,66255,70672,75089,79506,83923,88340,table-of-4417,4416,/table-of-4416,4415,/table-of-4415,4414,/table-of-4414
4418,8836,13254,17672,22090,26508,30926,35344,39762,44180,48598,53016,57434,61852,66270,70688,75106,79524,83942,88360,table-of-4418,4417,/table-of-4417,4416,/table-of-4416,4415,/table-of-4415
4419,8838,13257,17676,22095,26514,30933,35352,39771,44190,48609,53028,57447,61866,66285,70704,75123,79542,83961,88380,table-of-4419,4418,/table-of-4418,4417,/table-of-4417,4416,/table-of-4416
4420,8840,13260,17680,22100,26520,30940,35360,39780,44200,48620,53040,57460,61880,66300,70720,75140,79560,83980,88400,table-of-4420,4419,/table-of-4419,4418,/table-of-4418,4417,/table-of-4417
4421,8842,13263,17684,22105,26526,30947,35368,39789,44210,48631,53052,57473,61894,66315,70736,75157,79578,83999,88420,table-of-4421,4420,/table-of-4420,4419,/table-of-4419,4418,/table-of-4418
4422,8844,13266,17688,22110,26532,30954,35376,39798,44220,48642,53064,57486,61908,66330,70752,75174,79596,84018,88440,table-of-4422,4421,/table-of-4421,4420,/table-of-4420,4419,/table-of-4419
4423,8846,13269,17692,22115,26538,30961,35384,39807,44230,48653,53076,57499,61922,66345,70768,75191,79614,84037,88460,table-of-4423,4422,/table-of-4422,4421,/table-of-4421,4420,/table-of-4420
4424,8848,13272,17696,22120,26544,30968,35392,39816,44240,48664,53088,57512,61936,66360,70784,75208,79632,84056,88480,table-of-4424,4423,/table-of-4423,4422,/table-of-4422,4421,/table-of-4421
4425,8850,13275,17700,22125,26550,30975,35400,39825,44250,48675,53100,57525,61950,66375,70800,75225,79650,84075,88500,table-of-4425,4424,/table-of-4424,4423,/table-of-4423,4422,/table-of-4422
4426,8852,13278,17704,22130,26556,30982,35408,39834,44260,48686,53112,57538,61964,66390,70816,75242,79668,84094,88520,table-of-4426,4425,/table-of-4425,4424,/table-of-4424,4423,/table-of-4423
4427,8854,13281,17708,22135,26562,30989,35416,39843,44270,48697,53124,57551,61978,66405,70832,75259,79686,84113,88540,table-of-4427,4426,/table-of-4426,4425,/table-of-4425,4424,/table-of-4424
4428,8856,13284,17712,22140,26568,30996,35424,39852,44280,48708,53136,57564,61992,66420,70848,75276,79704,84132,88560,table-of-4428,4427,/table-of-4427,4426,/table-of-4426,4425,/table-of-4425
4429,8858,13287,17716,22145,26574,31003,35432,39861,44290,48719,53148,57577,62006,66435,70864,75293,79722,84151,88580,table-of-4429,4428,/table-of-4428,4427,/table-of-4427,4426,/table-of-4426
4430,8860,13290,17720,22150,26580,31010,35440,39870,44300,48730,53160,57590,62020,66450,70880,75310,79740,84170,88600,table-of-4430,4429,/table-of-4429,4428,/table-of-4428,4427,/table-of-4427
4431,8862,13293,17724,22155,26586,31017,35448,39879,44310,48741,53172,57603,62034,66465,70896,75327,79758,84189,88620,table-of-4431,4430,/table-of-4430,4429,/table-of-4429,4428,/table-of-4428
4432,8864,13296,17728,22160,26592,31024,35456,39888,44320,48752,53184,57616,62048,66480,70912,75344,79776,84208,88640,table-of-4432,4431,/table-of-4431,4430,/table-of-4430,4429,/table-of-4429
4433,8866,13299,17732,22165,26598,31031,35464,39897,44330,48763,53196,57629,62062,66495,70928,75361,79794,84227,88660,table-of-4433,4432,/table-of-4432,4431,/table-of-4431,4430,/table-of-4430
4434,8868,13302,17736,22170,26604,31038,35472,39906,44340,48774,53208,57642,62076,66510,70944,75378,79812,84246,88680,table-of-4434,4433,/table-of-4433,4432,/table-of-4432,4431,/table-of-4431
4435,8870,13305,17740,22175,26610,31045,35480,39915,44350,48785,53220,57655,62090,66525,70960,75395,79830,84265,88700,table-of-4435,4434,/table-of-4434,4433,/table-of-4433,4432,/table-of-4432
4436,8872,13308,17744,22180,26616,31052,35488,39924,44360,48796,53232,57668,62104,66540,70976,75412,79848,84284,88720,table-of-4436,4435,/table-of-4435,4434,/table-of-4434,4433,/table-of-4433
4437,8874,13311,17748,22185,26622,31059,35496,39933,44370,48807,53244,57681,62118,66555,70992,75429,79866,84303,88740,table-of-4437,4436,/table-of-4436,4435,/table-of-4435,4434,/table-of-4434
4438,8876,13314,17752,22190,26628,31066,35504,39942,44380,48818,53256,57694,62132,66570,71008,75446,79884,84322,88760,table-of-4438,4437,/table-of-4437,4436,/table-of-4436,4435,/table-of-4435
4439,8878,13317,17756,22195,26634,31073,35512,39951,44390,48829,53268,57707,62146,66585,71024,75463,79902,84341,88780,table-of-4439,4438,/table-of-4438,4437,/table-of-4437,4436,/table-of-4436
4440,8880,13320,17760,22200,26640,31080,35520,39960,44400,48840,53280,57720,62160,66600,71040,75480,79920,84360,88800,table-of-4440,4439,/table-of-4439,4438,/table-of-4438,4437,/table-of-4437
4441,8882,13323,17764,22205,26646,31087,35528,39969,44410,48851,53292,57733,62174,66615,71056,75497,79938,84379,88820,table-of-4441,4440,/table-of-4440,4439,/table-of-4439,4438,/table-of-4438
4442,8884,13326,17768,22210,26652,31094,35536,39978,44420,48862,53304,57746,62188,66630,71072,75514,79956,84398,88840,table-of-4442,4441,/table-of-4441,4440,/table-of-4440,4439,/table-of-4439
4443,8886,13329,17772,22215,26658,31101,35544,39987,44430,48873,53316,57759,62202,66645,71088,75531,79974,84417,88860,table-of-4443,4442,/table-of-4442,4441,/table-of-4441,4440,/table-of-4440
4444,8888,13332,17776,22220,26664,31108,35552,39996,44440,48884,53328,57772,62216,66660,71104,75548,79992,84436,88880,table-of-4444,4443,/table-of-4443,4442,/table-of-4442,4441,/table-of-4441
4445,8890,13335,17780,22225,26670,31115,35560,40005,44450,48895,53340,57785,62230,66675,71120,75565,80010,84455,88900,table-of-4445,4444,/table-of-4444,4443,/table-of-4443,4442,/table-of-4442
4446,8892,13338,17784,22230,26676,31122,35568,40014,44460,48906,53352,57798,62244,66690,71136,75582,80028,84474,88920,table-of-4446,4445,/table-of-4445,4444,/table-of-4444,4443,/table-of-4443
4447,8894,13341,17788,22235,26682,31129,35576,40023,44470,48917,53364,57811,62258,66705,71152,75599,80046,84493,88940,table-of-4447,4446,/table-of-4446,4445,/table-of-4445,4444,/table-of-4444
4448,8896,13344,17792,22240,26688,31136,35584,40032,44480,48928,53376,57824,62272,66720,71168,75616,80064,84512,88960,table-of-4448,4447,/table-of-4447,4446,/table-of-4446,4445,/table-of-4445
4449,8898,13347,17796,22245,26694,31143,35592,40041,44490,48939,53388,57837,62286,66735,71184,75633,80082,84531,88980,table-of-4449,4448,/table-of-4448,4447,/table-of-4447,4446,/table-of-4446
4450,8900,13350,17800,22250,26700,31150,35600,40050,44500,48950,53400,57850,62300,66750,71200,75650,80100,84550,89000,table-of-4450,4449,/table-of-4449,4448,/table-of-4448,4447,/table-of-4447
4451,8902,13353,17804,22255,26706,31157,35608,40059,44510,48961,53412,57863,62314,66765,71216,75667,80118,84569,89020,table-of-4451,4450,/table-of-4450,4449,/table-of-4449,4448,/table-of-4448
4452,8904,13356,17808,22260,26712,31164,35616,40068,44520,48972,53424,57876,62328,66780,71232,75684,80136,84588,89040,table-of-4452,4451,/table-of-4451,4450,/table-of-4450,4449,/table-of-4449
4453,8906,13359,17812,22265,26718,31171,35624,40077,44530,48983,53436,57889,62342,66795,71248,75701,80154,84607,89060,table-of-4453,4452,/table-of-4452,4451,/table-of-4451,4450,/table-of-4450
4454,8908,13362,17816,22270,26724,31178,35632,40086,44540,48994,53448,57902,62356,66810,71264,75718,80172,84626,89080,table-of-4454,4453,/table-of-4453,4452,/table-of-4452,4451,/table-of-4451
4455,8910,13365,17820,22275,26730,31185,35640,40095,44550,49005,53460,57915,62370,66825,71280,75735,80190,84645,89100,table-of-4455,4454,/table-of-4454,4453,/table-of-4453,4452,/table-of-4452
4456,8912,13368,17824,22280,26736,31192,35648,40104,44560,49016,53472,57928,62384,66840,71296,75752,80208,84664,89120,table-of-4456,4455,/table-of-4455,4454,/table-of-4454,4453,/table-of-4453
4457,8914,13371,17828,22285,26742,31199,35656,40113,44570,49027,53484,57941,62398,66855,71312,75769,80226,84683,89140,table-of-4457,4456,/table-of-4456,4455,/table-of-4455,4454,/table-of-4454
4458,8916,13374,17832,22290,26748,31206,35664,40122,44580,49038,53496,57954,62412,66870,71328,75786,80244,84702,89160,table-of-4458,4457,/table-of-4457,4456,/table-of-4456,4455,/table-of-4455
4459,8918,13377,17836,22295,26754,31213,35672,40131,44590,49049,53508,57967,62426,66885,71344,75803,80262,84721,89180,table-of-4459,4458,/table-of-4458,4457,/table-of-4457,4456,/table-of-4456
4460,8920,13380,17840,22300,26760,31220,35680,40140,44600,49060,53520,57980,62440,66900,71360,75820,80280,84740,89200,table-of-4460,4459,/table-of-4459,4458,/table-of-4458,4457,/table-of-4457
4461,8922,13383,17844,22305,26766,31227,35688,40149,44610,49071,53532,57993,62454,66915,71376,75837,80298,84759,89220,table-of-4461,4460,/table-of-4460,4459,/table-of-4459,4458,/table-of-4458
4462,8924,13386,17848,22310,26772,31234,35696,40158,44620,49082,53544,58006,62468,66930,71392,75854,80316,84778,89240,table-of-4462,4461,/table-of-4461,4460,/table-of-4460,4459,/table-of-4459
4463,8926,13389,17852,22315,26778,31241,35704,40167,44630,49093,53556,58019,62482,66945,71408,75871,80334,84797,89260,table-of-4463,4462,/table-of-4462,4461,/table-of-4461,4460,/table-of-4460
4464,8928,13392,17856,22320,26784,31248,35712,40176,44640,49104,53568,58032,62496,66960,71424,75888,80352,84816,89280,table-of-4464,4463,/table-of-4463,4462,/table-of-4462,4461,/table-of-4461
4465,8930,13395,17860,22325,26790,31255,35720,40185,44650,49115,53580,58045,62510,66975,71440,75905,80370,84835,89300,table-of-4465,4464,/table-of-4464,4463,/table-of-4463,4462,/table-of-4462
4466,8932,13398,17864,22330,26796,31262,35728,40194,44660,49126,53592,58058,62524,66990,71456,75922,80388,84854,89320,table-of-4466,4465,/table-of-4465,4464,/table-of-4464,4463,/table-of-4463
4467,8934,13401,17868,22335,26802,31269,35736,40203,44670,49137,53604,58071,62538,67005,71472,75939,80406,84873,89340,table-of-4467,4466,/table-of-4466,4465,/table-of-4465,4464,/table-of-4464
4468,8936,13404,17872,22340,26808,31276,35744,40212,44680,49148,53616,58084,62552,67020,71488,75956,80424,84892,89360,table-of-4468,4467,/table-of-4467,4466,/table-of-4466,4465,/table-of-4465
4469,8938,13407,17876,22345,26814,31283,35752,40221,44690,49159,53628,58097,62566,67035,71504,75973,80442,84911,89380,table-of-4469,4468,/table-of-4468,4467,/table-of-4467,4466,/table-of-4466
4470,8940,13410,17880,22350,26820,31290,35760,40230,44700,49170,53640,58110,62580,67050,71520,75990,80460,84930,89400,table-of-4470,4469,/table-of-4469,4468,/table-of-4468,4467,/table-of-4467
4471,8942,13413,17884,22355,26826,31297,35768,40239,44710,49181,53652,58123,62594,67065,71536,76007,80478,84949,89420,table-of-4471,4470,/table-of-4470,4469,/table-of-4469,4468,/table-of-4468
4472,8944,13416,17888,22360,26832,31304,35776,40248,44720,49192,53664,58136,62608,67080,71552,76024,80496,84968,89440,table-of-4472,4471,/table-of-4471,4470,/table-of-4470,4469,/table-of-4469
4473,8946,13419,17892,22365,26838,31311,35784,40257,44730,49203,53676,58149,62622,67095,71568,76041,80514,84987,89460,table-of-4473,4472,/table-of-4472,4471,/table-of-4471,4470,/table-of-4470
4474,8948,13422,17896,22370,26844,31318,35792,40266,44740,49214,53688,58162,62636,67110,71584,76058,80532,85006,89480,table-of-4474,4473,/table-of-4473,4472,/table-of-4472,4471,/table-of-4471
4475,8950,13425,17900,22375,26850,31325,35800,40275,44750,49225,53700,58175,62650,67125,71600,76075,80550,85025,89500,table-of-4475,4474,/table-of-4474,4473,/table-of-4473,4472,/table-of-4472
4476,8952,13428,17904,22380,26856,31332,35808,40284,44760,49236,53712,58188,62664,67140,71616,76092,80568,85044,89520,table-of-4476,4475,/table-of-4475,4474,/table-of-4474,4473,/table-of-4473
4477,8954,13431,17908,22385,26862,31339,35816,40293,44770,49247,53724,58201,62678,67155,71632,76109,80586,85063,89540,table-of-4477,4476,/table-of-4476,4475,/table-of-4475,4474,/table-of-4474
4478,8956,13434,17912,22390,26868,31346,35824,40302,44780,49258,53736,58214,62692,67170,71648,76126,80604,85082,89560,table-of-4478,4477,/table-of-4477,4476,/table-of-4476,4475,/table-of-4475
4479,8958,13437,17916,22395,26874,31353,35832,40311,44790,49269,53748,58227,62706,67185,71664,76143,80622,85101,89580,table-of-4479,4478,/table-of-4478,4477,/table-of-4477,4476,/table-of-4476
4480,8960,13440,17920,22400,26880,31360,35840,40320,44800,49280,53760,58240,62720,67200,71680,76160,80640,85120,89600,table-of-4480,4479,/table-of-4479,4478,/table-of-4478,4477,/table-of-4477
4481,8962,13443,17924,22405,26886,31367,35848,40329,44810,49291,53772,58253,62734,67215,71696,76177,80658,85139,89620,table-of-4481,4480,/table-of-4480,4479,/table-of-4479,4478,/table-of-4478
4482,8964,13446,17928,22410,26892,31374,35856,40338,44820,49302,53784,58266,62748,67230,71712,76194,80676,85158,89640,table-of-4482,4481,/table-of-4481,4480,/table-of-4480,4479,/table-of-4479
4483,8966,13449,17932,22415,26898,31381,35864,40347,44830,49313,53796,58279,62762,67245,71728,76211,80694,85177,89660,table-of-4483,4482,/table-of-4482,4481,/table-of-4481,4480,/table-of-4480
4484,8968,13452,17936,22420,26904,31388,35872,40356,44840,49324,53808,58292,62776,67260,71744,76228,80712,85196,89680,table-of-4484,4483,/table-of-4483,4482,/table-of-4482,4481,/table-of-4481
4485,8970,13455,17940,22425,26910,31395,35880,40365,44850,49335,53820,58305,62790,67275,71760,76245,80730,85215,89700,table-of-4485,4484,/table-of-4484,4483,/table-of-4483,4482,/table-of-4482
4486,8972,13458,17944,22430,26916,31402,35888,40374,44860,49346,53832,58318,62804,67290,71776,76262,80748,85234,89720,table-of-4486,4485,/table-of-4485,4484,/table-of-4484,4483,/table-of-4483
4487,8974,13461,17948,22435,26922,31409,35896,40383,44870,49357,53844,58331,62818,67305,71792,76279,80766,85253,89740,table-of-4487,4486,/table-of-4486,4485,/table-of-4485,4484,/table-of-4484
4488,8976,13464,17952,22440,26928,31416,35904,40392,44880,49368,53856,58344,62832,67320,71808,76296,80784,85272,89760,table-of-4488,4487,/table-of-4487,4486,/table-of-4486,4485,/table-of-4485
4489,8978,13467,17956,22445,26934,31423,35912,40401,44890,49379,53868,58357,62846,67335,71824,76313,80802,85291,89780,table-of-4489,4488,/table-of-4488,4487,/table-of-4487,4486,/table-of-4486
4490,8980,13470,17960,22450,26940,31430,35920,40410,44900,49390,53880,58370,62860,67350,71840,76330,80820,85310,89800,table-of-4490,4489,/table-of-4489,4488,/table-of-4488,4487,/table-of-4487
4491,8982,13473,17964,22455,26946,31437,35928,40419,44910,49401,53892,58383,62874,67365,71856,76347,80838,85329,89820,table-of-4491,4490,/table-of-4490,4489,/table-of-4489,4488,/table-of-4488
4492,8984,13476,17968,22460,26952,31444,35936,40428,44920,49412,53904,58396,62888,67380,71872,76364,80856,85348,89840,table-of-4492,4491,/table-of-4491,4490,/table-of-4490,4489,/table-of-4489
4493,8986,13479,17972,22465,26958,31451,35944,40437,44930,49423,53916,58409,62902,67395,71888,76381,80874,85367,89860,table-of-4493,4492,/table-of-4492,4491,/table-of-4491,4490,/table-of-4490
4494,8988,13482,17976,22470,26964,31458,35952,40446,44940,49434,53928,58422,62916,67410,71904,76398,80892,85386,89880,table-of-4494,4493,/table-of-4493,4492,/table-of-4492,4491,/table-of-4491
4495,8990,13485,17980,22475,26970,31465,35960,40455,44950,49445,53940,58435,62930,67425,71920,76415,80910,85405,89900,table-of-4495,4494,/table-of-4494,4493,/table-of-4493,4492,/table-of-4492
4496,8992,13488,17984,22480,26976,31472,35968,40464,44960,49456,53952,58448,62944,67440,71936,76432,80928,85424,89920,table-of-4496,4495,/table-of-4495,4494,/table-of-4494,4493,/table-of-4493
4497,8994,13491,17988,22485,26982,31479,35976,40473,44970,49467,53964,58461,62958,67455,71952,76449,80946,85443,89940,table-of-4497,4496,/table-of-4496,4495,/table-of-4495,4494,/table-of-4494
4498,8996,13494,17992,22490,26988,31486,35984,40482,44980,49478,53976,58474,62972,67470,71968,76466,80964,85462,89960,table-of-4498,4497,/table-of-4497,4496,/table-of-4496,4495,/table-of-4495
4499,8998,13497,17996,22495,26994,31493,35992,40491,44990,49489,53988,58487,62986,67485,71984,76483,80982,85481,89980,table-of-4499,4498,/table-of-4498,4497,/table-of-4497,4496,/table-of-4496
4500,9000,13500,18000,22500,27000,31500,36000,40500,45000,49500,54000,58500,63000,67500,72000,76500,81000,85500,90000,table-of-4500,4499,/table-of-4499,4498,/table-of-4498,4497,/table-of-4497
4501,9002,13503,18004,22505,27006,31507,36008,40509,45010,49511,54012,58513,63014,67515,72016,76517,81018,85519,90020,table-of-4501,4500,/table-of-4500,4499,/table-of-4499,4498,/table-of-4498
4502,9004,13506,18008,22510,27012,31514,36016,40518,45020,49522,54024,58526,63028,67530,72032,76534,81036,85538,90040,table-of-4502,4501,/table-of-4501,4500,/table-of-4500,4499,/table-of-4499
4503,9006,13509,18012,22515,27018,31521,36024,40527,45030,49533,54036,58539,63042,67545,72048,76551,81054,85557,90060,table-of-4503,4502,/table-of-4502,4501,/table-of-4501,4500,/table-of-4500
4504,9008,13512,18016,22520,27024,31528,36032,40536,45040,49544,54048,58552,63056,67560,72064,76568,81072,85576,90080,table-of-4504,4503,/table-of-4503,4502,/table-of-4502,4501,/table-of-4501
4505,9010,13515,18020,22525,27030,31535,36040,40545,45050,49555,54060,58565,63070,67575,72080,76585,81090,85595,90100,table-of-4505,4504,/table-of-4504,4503,/table-of-4503,4502,/table-of-4502
4506,9012,13518,18024,22530,27036,31542,36048,40554,45060,49566,54072,58578,63084,67590,72096,76602,81108,85614,90120,table-of-4506,4505,/table-of-4505,4504,/table-of-4504,4503,/table-of-4503
4507,9014,13521,18028,22535,27042,31549,36056,40563,45070,49577,54084,58591,63098,67605,72112,76619,81126,85633,90140,table-of-4507,4506,/table-of-4506,4505,/table-of-4505,4504,/table-of-4504
4508,9016,13524,18032,22540,27048,31556,36064,40572,45080,49588,54096,58604,63112,67620,72128,76636,81144,85652,90160,table-of-4508,4507,/table-of-4507,4506,/table-of-4506,4505,/table-of-4505
4509,9018,13527,18036,22545,27054,31563,36072,40581,45090,49599,54108,58617,63126,67635,72144,76653,81162,85671,90180,table-of-4509,4508,/table-of-4508,4507,/table-of-4507,4506,/table-of-4506
4510,9020,13530,18040,22550,27060,31570,36080,40590,45100,49610,54120,58630,63140,67650,72160,76670,81180,85690,90200,table-of-4510,4509,/table-of-4509,4508,/table-of-4508,4507,/table-of-4507
4511,9022,13533,18044,22555,27066,31577,36088,40599,45110,49621,54132,58643,63154,67665,72176,76687,81198,85709,90220,table-of-4511,4510,/table-of-4510,4509,/table-of-4509,4508,/table-of-4508
4512,9024,13536,18048,22560,27072,31584,36096,40608,45120,49632,54144,58656,63168,67680,72192,76704,81216,85728,90240,table-of-4512,4511,/table-of-4511,4510,/table-of-4510,4509,/table-of-4509
4513,9026,13539,18052,22565,27078,31591,36104,40617,45130,49643,54156,58669,63182,67695,72208,76721,81234,85747,90260,table-of-4513,4512,/table-of-4512,4511,/table-of-4511,4510,/table-of-4510
4514,9028,13542,18056,22570,27084,31598,36112,40626,45140,49654,54168,58682,63196,67710,72224,76738,81252,85766,90280,table-of-4514,4513,/table-of-4513,4512,/table-of-4512,4511,/table-of-4511
4515,9030,13545,18060,22575,27090,31605,36120,40635,45150,49665,54180,58695,63210,67725,72240,76755,81270,85785,90300,table-of-4515,4514,/table-of-4514,4513,/table-of-4513,4512,/table-of-4512
4516,9032,13548,18064,22580,27096,31612,36128,40644,45160,49676,54192,58708,63224,67740,72256,76772,81288,85804,90320,table-of-4516,4515,/table-of-4515,4514,/table-of-4514,4513,/table-of-4513
4517,9034,13551,18068,22585,27102,31619,36136,40653,45170,49687,54204,58721,63238,67755,72272,76789,81306,85823,90340,table-of-4517,4516,/table-of-4516,4515,/table-of-4515,4514,/table-of-4514
4518,9036,13554,18072,22590,27108,31626,36144,40662,45180,49698,54216,58734,63252,67770,72288,76806,81324,85842,90360,table-of-4518,4517,/table-of-4517,4516,/table-of-4516,4515,/table-of-4515
4519,9038,13557,18076,22595,27114,31633,36152,40671,45190,49709,54228,58747,63266,67785,72304,76823,81342,85861,90380,table-of-4519,4518,/table-of-4518,4517,/table-of-4517,4516,/table-of-4516
4520,9040,13560,18080,22600,27120,31640,36160,40680,45200,49720,54240,58760,63280,67800,72320,76840,81360,85880,90400,table-of-4520,4519,/table-of-4519,4518,/table-of-4518,4517,/table-of-4517
4521,9042,13563,18084,22605,27126,31647,36168,40689,45210,49731,54252,58773,63294,67815,72336,76857,81378,85899,90420,table-of-4521,4520,/table-of-4520,4519,/table-of-4519,4518,/table-of-4518
4522,9044,13566,18088,22610,27132,31654,36176,40698,45220,49742,54264,58786,63308,67830,72352,76874,81396,85918,90440,table-of-4522,4521,/table-of-4521,4520,/table-of-4520,4519,/table-of-4519
4523,9046,13569,18092,22615,27138,31661,36184,40707,45230,49753,54276,58799,63322,67845,72368,76891,81414,85937,90460,table-of-4523,4522,/table-of-4522,4521,/table-of-4521,4520,/table-of-4520
4524,9048,13572,18096,22620,27144,31668,36192,40716,45240,49764,54288,58812,63336,67860,72384,76908,81432,85956,90480,table-of-4524,4523,/table-of-4523,4522,/table-of-4522,4521,/table-of-4521
4525,9050,13575,18100,22625,27150,31675,36200,40725,45250,49775,54300,58825,63350,67875,72400,76925,81450,85975,90500,table-of-4525,4524,/table-of-4524,4523,/table-of-4523,4522,/table-of-4522
4526,9052,13578,18104,22630,27156,31682,36208,40734,45260,49786,54312,58838,63364,67890,72416,76942,81468,85994,90520,table-of-4526,4525,/table-of-4525,4524,/table-of-4524,4523,/table-of-4523
4527,9054,13581,18108,22635,27162,31689,36216,40743,45270,49797,54324,58851,63378,67905,72432,76959,81486,86013,90540,table-of-4527,4526,/table-of-4526,4525,/table-of-4525,4524,/table-of-4524
4528,9056,13584,18112,22640,27168,31696,36224,40752,45280,49808,54336,58864,63392,67920,72448,76976,81504,86032,90560,table-of-4528,4527,/table-of-4527,4526,/table-of-4526,4525,/table-of-4525
4529,9058,13587,18116,22645,27174,31703,36232,40761,45290,49819,54348,58877,63406,67935,72464,76993,81522,86051,90580,table-of-4529,4528,/table-of-4528,4527,/table-of-4527,4526,/table-of-4526
4530,9060,13590,18120,22650,27180,31710,36240,40770,45300,49830,54360,58890,63420,67950,72480,77010,81540,86070,90600,table-of-4530,4529,/table-of-4529,4528,/table-of-4528,4527,/table-of-4527
4531,9062,13593,18124,22655,27186,31717,36248,40779,45310,49841,54372,58903,63434,67965,72496,77027,81558,86089,90620,table-of-4531,4530,/table-of-4530,4529,/table-of-4529,4528,/table-of-4528
4532,9064,13596,18128,22660,27192,31724,36256,40788,45320,49852,54384,58916,63448,67980,72512,77044,81576,86108,90640,table-of-4532,4531,/table-of-4531,4530,/table-of-4530,4529,/table-of-4529
4533,9066,13599,18132,22665,27198,31731,36264,40797,45330,49863,54396,58929,63462,67995,72528,77061,81594,86127,90660,table-of-4533,4532,/table-of-4532,4531,/table-of-4531,4530,/table-of-4530
4534,9068,13602,18136,22670,27204,31738,36272,40806,45340,49874,54408,58942,63476,68010,72544,77078,81612,86146,90680,table-of-4534,4533,/table-of-4533,4532,/table-of-4532,4531,/table-of-4531
4535,9070,13605,18140,22675,27210,31745,36280,40815,45350,49885,54420,58955,63490,68025,72560,77095,81630,86165,90700,table-of-4535,4534,/table-of-4534,4533,/table-of-4533,4532,/table-of-4532
4536,9072,13608,18144,22680,27216,31752,36288,40824,45360,49896,54432,58968,63504,68040,72576,77112,81648,86184,90720,table-of-4536,4535,/table-of-4535,4534,/table-of-4534,4533,/table-of-4533
4537,9074,13611,18148,22685,27222,31759,36296,40833,45370,49907,54444,58981,63518,68055,72592,77129,81666,86203,90740,table-of-4537,4536,/table-of-4536,4535,/table-of-4535,4534,/table-of-4534
4538,9076,13614,18152,22690,27228,31766,36304,40842,45380,49918,54456,58994,63532,68070,72608,77146,81684,86222,90760,table-of-4538,4537,/table-of-4537,4536,/table-of-4536,4535,/table-of-4535
4539,9078,13617,18156,22695,27234,31773,36312,40851,45390,49929,54468,59007,63546,68085,72624,77163,81702,86241,90780,table-of-4539,4538,/table-of-4538,4537,/table-of-4537,4536,/table-of-4536
4540,9080,13620,18160,22700,27240,31780,36320,40860,45400,49940,54480,59020,63560,68100,72640,77180,81720,86260,90800,table-of-4540,4539,/table-of-4539,4538,/table-of-4538,4537,/table-of-4537
4541,9082,13623,18164,22705,27246,31787,36328,40869,45410,49951,54492,59033,63574,68115,72656,77197,81738,86279,90820,table-of-4541,4540,/table-of-4540,4539,/table-of-4539,4538,/table-of-4538
4542,9084,13626,18168,22710,27252,31794,36336,40878,45420,49962,54504,59046,63588,68130,72672,77214,81756,86298,90840,table-of-4542,4541,/table-of-4541,4540,/table-of-4540,4539,/table-of-4539
4543,9086,13629,18172,22715,27258,31801,36344,40887,45430,49973,54516,59059,63602,68145,72688,77231,81774,86317,90860,table-of-4543,4542,/table-of-4542,4541,/table-of-4541,4540,/table-of-4540
4544,9088,13632,18176,22720,27264,31808,36352,40896,45440,49984,54528,59072,63616,68160,72704,77248,81792,86336,90880,table-of-4544,4543,/table-of-4543,4542,/table-of-4542,4541,/table-of-4541
4545,9090,13635,18180,22725,27270,31815,36360,40905,45450,49995,54540,59085,63630,68175,72720,77265,81810,86355,90900,table-of-4545,4544,/table-of-4544,4543,/table-of-4543,4542,/table-of-4542
4546,9092,13638,18184,22730,27276,31822,36368,40914,45460,50006,54552,59098,63644,68190,72736,77282,81828,86374,90920,table-of-4546,4545,/table-of-4545,4544,/table-of-4544,4543,/table-of-4543
4547,9094,13641,18188,22735,27282,31829,36376,40923,45470,50017,54564,59111,63658,68205,72752,77299,81846,86393,90940,table-of-4547,4546,/table-of-4546,4545,/table-of-4545,4544,/table-of-4544
4548,9096,13644,18192,22740,27288,31836,36384,40932,45480,50028,54576,59124,63672,68220,72768,77316,81864,86412,90960,table-of-4548,4547,/table-of-4547,4546,/table-of-4546,4545,/table-of-4545
4549,9098,13647,18196,22745,27294,31843,36392,40941,45490,50039,54588,59137,63686,68235,72784,77333,81882,86431,90980,table-of-4549,4548,/table-of-4548,4547,/table-of-4547,4546,/table-of-4546
4550,9100,13650,18200,22750,27300,31850,36400,40950,45500,50050,54600,59150,63700,68250,72800,77350,81900,86450,91000,table-of-4550,4549,/table-of-4549,4548,/table-of-4548,4547,/table-of-4547
4551,9102,13653,18204,22755,27306,31857,36408,40959,45510,50061,54612,59163,63714,68265,72816,77367,81918,86469,91020,table-of-4551,4550,/table-of-4550,4549,/table-of-4549,4548,/table-of-4548
4552,9104,13656,18208,22760,27312,31864,36416,40968,45520,50072,54624,59176,63728,68280,72832,77384,81936,86488,91040,table-of-4552,4551,/table-of-4551,4550,/table-of-4550,4549,/table-of-4549
4553,9106,13659,18212,22765,27318,31871,36424,40977,45530,50083,54636,59189,63742,68295,72848,77401,81954,86507,91060,table-of-4553,4552,/table-of-4552,4551,/table-of-4551,4550,/table-of-4550
4554,9108,13662,18216,22770,27324,31878,36432,40986,45540,50094,54648,59202,63756,68310,72864,77418,81972,86526,91080,table-of-4554,4553,/table-of-4553,4552,/table-of-4552,4551,/table-of-4551
4555,9110,13665,18220,22775,27330,31885,36440,40995,45550,50105,54660,59215,63770,68325,72880,77435,81990,86545,91100,table-of-4555,4554,/table-of-4554,4553,/table-of-4553,4552,/table-of-4552
4556,9112,13668,18224,22780,27336,31892,36448,41004,45560,50116,54672,59228,63784,68340,72896,77452,82008,86564,91120,table-of-4556,4555,/table-of-4555,4554,/table-of-4554,4553,/table-of-4553
4557,9114,13671,18228,22785,27342,31899,36456,41013,45570,50127,54684,59241,63798,68355,72912,77469,82026,86583,91140,table-of-4557,4556,/table-of-4556,4555,/table-of-4555,4554,/table-of-4554
4558,9116,13674,18232,22790,27348,31906,36464,41022,45580,50138,54696,59254,63812,68370,72928,77486,82044,86602,91160,table-of-4558,4557,/table-of-4557,4556,/table-of-4556,4555,/table-of-4555
4559,9118,13677,18236,22795,27354,31913,36472,41031,45590,50149,54708,59267,63826,68385,72944,77503,82062,86621,91180,table-of-4559,4558,/table-of-4558,4557,/table-of-4557,4556,/table-of-4556
4560,9120,13680,18240,22800,27360,31920,36480,41040,45600,50160,54720,59280,63840,68400,72960,77520,82080,86640,91200,table-of-4560,4559,/table-of-4559,4558,/table-of-4558,4557,/table-of-4557
4561,9122,13683,18244,22805,27366,31927,36488,41049,45610,50171,54732,59293,63854,68415,72976,77537,82098,86659,91220,table-of-4561,4560,/table-of-4560,4559,/table-of-4559,4558,/table-of-4558
4562,9124,13686,18248,22810,27372,31934,36496,41058,45620,50182,54744,59306,63868,68430,72992,77554,82116,86678,91240,table-of-4562,4561,/table-of-4561,4560,/table-of-4560,4559,/table-of-4559
4563,9126,13689,18252,22815,27378,31941,36504,41067,45630,50193,54756,59319,63882,68445,73008,77571,82134,86697,91260,table-of-4563,4562,/table-of-4562,4561,/table-of-4561,4560,/table-of-4560
4564,9128,13692,18256,22820,27384,31948,36512,41076,45640,50204,54768,59332,63896,68460,73024,77588,82152,86716,91280,table-of-4564,4563,/table-of-4563,4562,/table-of-4562,4561,/table-of-4561
4565,9130,13695,18260,22825,27390,31955,36520,41085,45650,50215,54780,59345,63910,68475,73040,77605,82170,86735,91300,table-of-4565,4564,/table-of-4564,4563,/table-of-4563,4562,/table-of-4562
4566,9132,13698,18264,22830,27396,31962,36528,41094,45660,50226,54792,59358,63924,68490,73056,77622,82188,86754,91320,table-of-4566,4565,/table-of-4565,4564,/table-of-4564,4563,/table-of-4563
4567,9134,13701,18268,22835,27402,31969,36536,41103,45670,50237,54804,59371,63938,68505,73072,77639,82206,86773,91340,table-of-4567,4566,/table-of-4566,4565,/table-of-4565,4564,/table-of-4564
4568,9136,13704,18272,22840,27408,31976,36544,41112,45680,50248,54816,59384,63952,68520,73088,77656,82224,86792,91360,table-of-4568,4567,/table-of-4567,4566,/table-of-4566,4565,/table-of-4565
4569,9138,13707,18276,22845,27414,31983,36552,41121,45690,50259,54828,59397,63966,68535,73104,77673,82242,86811,91380,table-of-4569,4568,/table-of-4568,4567,/table-of-4567,4566,/table-of-4566
4570,9140,13710,18280,22850,27420,31990,36560,41130,45700,50270,54840,59410,63980,68550,73120,77690,82260,86830,91400,table-of-4570,4569,/table-of-4569,4568,/table-of-4568,4567,/table-of-4567
4571,9142,13713,18284,22855,27426,31997,36568,41139,45710,50281,54852,59423,63994,68565,73136,77707,82278,86849,91420,table-of-4571,4570,/table-of-4570,4569,/table-of-4569,4568,/table-of-4568
4572,9144,13716,18288,22860,27432,32004,36576,41148,45720,50292,54864,59436,64008,68580,73152,77724,82296,86868,91440,table-of-4572,4571,/table-of-4571,4570,/table-of-4570,4569,/table-of-4569
4573,9146,13719,18292,22865,27438,32011,36584,41157,45730,50303,54876,59449,64022,68595,73168,77741,82314,86887,91460,table-of-4573,4572,/table-of-4572,4571,/table-of-4571,4570,/table-of-4570
4574,9148,13722,18296,22870,27444,32018,36592,41166,45740,50314,54888,59462,64036,68610,73184,77758,82332,86906,91480,table-of-4574,4573,/table-of-4573,4572,/table-of-4572,4571,/table-of-4571
4575,9150,13725,18300,22875,27450,32025,36600,41175,45750,50325,54900,59475,64050,68625,73200,77775,82350,86925,91500,table-of-4575,4574,/table-of-4574,4573,/table-of-4573,4572,/table-of-4572
4576,9152,13728,18304,22880,27456,32032,36608,41184,45760,50336,54912,59488,64064,68640,73216,77792,82368,86944,91520,table-of-4576,4575,/table-of-4575,4574,/table-of-4574,4573,/table-of-4573
4577,9154,13731,18308,22885,27462,32039,36616,41193,45770,50347,54924,59501,64078,68655,73232,77809,82386,86963,91540,table-of-4577,4576,/table-of-4576,4575,/table-of-4575,4574,/table-of-4574
4578,9156,13734,18312,22890,27468,32046,36624,41202,45780,50358,54936,59514,64092,68670,73248,77826,82404,86982,91560,table-of-4578,4577,/table-of-4577,4576,/table-of-4576,4575,/table-of-4575
4579,9158,13737,18316,22895,27474,32053,36632,41211,45790,50369,54948,59527,64106,68685,73264,77843,82422,87001,91580,table-of-4579,4578,/table-of-4578,4577,/table-of-4577,4576,/table-of-4576
4580,9160,13740,18320,22900,27480,32060,36640,41220,45800,50380,54960,59540,64120,68700,73280,77860,82440,87020,91600,table-of-4580,4579,/table-of-4579,4578,/table-of-4578,4577,/table-of-4577
4581,9162,13743,18324,22905,27486,32067,36648,41229,45810,50391,54972,59553,64134,68715,73296,77877,82458,87039,91620,table-of-4581,4580,/table-of-4580,4579,/table-of-4579,4578,/table-of-4578
4582,9164,13746,18328,22910,27492,32074,36656,41238,45820,50402,54984,59566,64148,68730,73312,77894,82476,87058,91640,table-of-4582,4581,/table-of-4581,4580,/table-of-4580,4579,/table-of-4579
4583,9166,13749,18332,22915,27498,32081,36664,41247,45830,50413,54996,59579,64162,68745,73328,77911,82494,87077,91660,table-of-4583,4582,/table-of-4582,4581,/table-of-4581,4580,/table-of-4580
4584,9168,13752,18336,22920,27504,32088,36672,41256,45840,50424,55008,59592,64176,68760,73344,77928,82512,87096,91680,table-of-4584,4583,/table-of-4583,4582,/table-of-4582,4581,/table-of-4581
4585,9170,13755,18340,22925,27510,32095,36680,41265,45850,50435,55020,59605,64190,68775,73360,77945,82530,87115,91700,table-of-4585,4584,/table-of-4584,4583,/table-of-4583,4582,/table-of-4582
4586,9172,13758,18344,22930,27516,32102,36688,41274,45860,50446,55032,59618,64204,68790,73376,77962,82548,87134,91720,table-of-4586,4585,/table-of-4585,4584,/table-of-4584,4583,/table-of-4583
4587,9174,13761,18348,22935,27522,32109,36696,41283,45870,50457,55044,59631,64218,68805,73392,77979,82566,87153,91740,table-of-4587,4586,/table-of-4586,4585,/table-of-4585,4584,/table-of-4584
4588,9176,13764,18352,22940,27528,32116,36704,41292,45880,50468,55056,59644,64232,68820,73408,77996,82584,87172,91760,table-of-4588,4587,/table-of-4587,4586,/table-of-4586,4585,/table-of-4585
4589,9178,13767,18356,22945,27534,32123,36712,41301,45890,50479,55068,59657,64246,68835,73424,78013,82602,87191,91780,table-of-4589,4588,/table-of-4588,4587,/table-of-4587,4586,/table-of-4586
4590,9180,13770,18360,22950,27540,32130,36720,41310,45900,50490,55080,59670,64260,68850,73440,78030,82620,87210,91800,table-of-4590,4589,/table-of-4589,4588,/table-of-4588,4587,/table-of-4587
4591,9182,13773,18364,22955,27546,32137,36728,41319,45910,50501,55092,59683,64274,68865,73456,78047,82638,87229,91820,table-of-4591,4590,/table-of-4590,4589,/table-of-4589,4588,/table-of-4588
4592,9184,13776,18368,22960,27552,32144,36736,41328,45920,50512,55104,59696,64288,68880,73472,78064,82656,87248,91840,table-of-4592,4591,/table-of-4591,4590,/table-of-4590,4589,/table-of-4589
4593,9186,13779,18372,22965,27558,32151,36744,41337,45930,50523,55116,59709,64302,68895,73488,78081,82674,87267,91860,table-of-4593,4592,/table-of-4592,4591,/table-of-4591,4590,/table-of-4590
4594,9188,13782,18376,22970,27564,32158,36752,41346,45940,50534,55128,59722,64316,68910,73504,78098,82692,87286,91880,table-of-4594,4593,/table-of-4593,4592,/table-of-4592,4591,/table-of-4591
4595,9190,13785,18380,22975,27570,32165,36760,41355,45950,50545,55140,59735,64330,68925,73520,78115,82710,87305,91900,table-of-4595,4594,/table-of-4594,4593,/table-of-4593,4592,/table-of-4592
4596,9192,13788,18384,22980,27576,32172,36768,41364,45960,50556,55152,59748,64344,68940,73536,78132,82728,87324,91920,table-of-4596,4595,/table-of-4595,4594,/table-of-4594,4593,/table-of-4593
4597,9194,13791,18388,22985,27582,32179,36776,41373,45970,50567,55164,59761,64358,68955,73552,78149,82746,87343,91940,table-of-4597,4596,/table-of-4596,4595,/table-of-4595,4594,/table-of-4594
4598,9196,13794,18392,22990,27588,32186,36784,41382,45980,50578,55176,59774,64372,68970,73568,78166,82764,87362,91960,table-of-4598,4597,/table-of-4597,4596,/table-of-4596,4595,/table-of-4595
4599,9198,13797,18396,22995,27594,32193,36792,41391,45990,50589,55188,59787,64386,68985,73584,78183,82782,87381,91980,table-of-4599,4598,/table-of-4598,4597,/table-of-4597,4596,/table-of-4596
4600,9200,13800,18400,23000,27600,32200,36800,41400,46000,50600,55200,59800,64400,69000,73600,78200,82800,87400,92000,table-of-4600,4599,/table-of-4599,4598,/table-of-4598,4597,/table-of-4597
4601,9202,13803,18404,23005,27606,32207,36808,41409,46010,50611,55212,59813,64414,69015,73616,78217,82818,87419,92020,table-of-4601,4600,/table-of-4600,4599,/table-of-4599,4598,/table-of-4598
4602,9204,13806,18408,23010,27612,32214,36816,41418,46020,50622,55224,59826,64428,69030,73632,78234,82836,87438,92040,table-of-4602,4601,/table-of-4601,4600,/table-of-4600,4599,/table-of-4599
4603,9206,13809,18412,23015,27618,32221,36824,41427,46030,50633,55236,59839,64442,69045,73648,78251,82854,87457,92060,table-of-4603,4602,/table-of-4602,4601,/table-of-4601,4600,/table-of-4600
4604,9208,13812,18416,23020,27624,32228,36832,41436,46040,50644,55248,59852,64456,69060,73664,78268,82872,87476,92080,table-of-4604,4603,/table-of-4603,4602,/table-of-4602,4601,/table-of-4601
4605,9210,13815,18420,23025,27630,32235,36840,41445,46050,50655,55260,59865,64470,69075,73680,78285,82890,87495,92100,table-of-4605,4604,/table-of-4604,4603,/table-of-4603,4602,/table-of-4602
4606,9212,13818,18424,23030,27636,32242,36848,41454,46060,50666,55272,59878,64484,69090,73696,78302,82908,87514,92120,table-of-4606,4605,/table-of-4605,4604,/table-of-4604,4603,/table-of-4603
4607,9214,13821,18428,23035,27642,32249,36856,41463,46070,50677,55284,59891,64498,69105,73712,78319,82926,87533,92140,table-of-4607,4606,/table-of-4606,4605,/table-of-4605,4604,/table-of-4604
4608,9216,13824,18432,23040,27648,32256,36864,41472,46080,50688,55296,59904,64512,69120,73728,78336,82944,87552,92160,table-of-4608,4607,/table-of-4607,4606,/table-of-4606,4605,/table-of-4605
4609,9218,13827,18436,23045,27654,32263,36872,41481,46090,50699,55308,59917,64526,69135,73744,78353,82962,87571,92180,table-of-4609,4608,/table-of-4608,4607,/table-of-4607,4606,/table-of-4606
4610,9220,13830,18440,23050,27660,32270,36880,41490,46100,50710,55320,59930,64540,69150,73760,78370,82980,87590,92200,table-of-4610,4609,/table-of-4609,4608,/table-of-4608,4607,/table-of-4607
4611,9222,13833,18444,23055,27666,32277,36888,41499,46110,50721,55332,59943,64554,69165,73776,78387,82998,87609,92220,table-of-4611,4610,/table-of-4610,4609,/table-of-4609,4608,/table-of-4608
4612,9224,13836,18448,23060,27672,32284,36896,41508,46120,50732,55344,59956,64568,69180,73792,78404,83016,87628,92240,table-of-4612,4611,/table-of-4611,4610,/table-of-4610,4609,/table-of-4609
4613,9226,13839,18452,23065,27678,32291,36904,41517,46130,50743,55356,59969,64582,69195,73808,78421,83034,87647,92260,table-of-4613,4612,/table-of-4612,4611,/table-of-4611,4610,/table-of-4610
4614,9228,13842,18456,23070,27684,32298,36912,41526,46140,50754,55368,59982,64596,69210,73824,78438,83052,87666,92280,table-of-4614,4613,/table-of-4613,4612,/table-of-4612,4611,/table-of-4611
4615,9230,13845,18460,23075,27690,32305,36920,41535,46150,50765,55380,59995,64610,69225,73840,78455,83070,87685,92300,table-of-4615,4614,/table-of-4614,4613,/table-of-4613,4612,/table-of-4612
4616,9232,13848,18464,23080,27696,32312,36928,41544,46160,50776,55392,60008,64624,69240,73856,78472,83088,87704,92320,table-of-4616,4615,/table-of-4615,4614,/table-of-4614,4613,/table-of-4613
4617,9234,13851,18468,23085,27702,32319,36936,41553,46170,50787,55404,60021,64638,69255,73872,78489,83106,87723,92340,table-of-4617,4616,/table-of-4616,4615,/table-of-4615,4614,/table-of-4614
4618,9236,13854,18472,23090,27708,32326,36944,41562,46180,50798,55416,60034,64652,69270,73888,78506,83124,87742,92360,table-of-4618,4617,/table-of-4617,4616,/table-of-4616,4615,/table-of-4615
4619,9238,13857,18476,23095,27714,32333,36952,41571,46190,50809,55428,60047,64666,69285,73904,78523,83142,87761,92380,table-of-4619,4618,/table-of-4618,4617,/table-of-4617,4616,/table-of-4616
4620,9240,13860,18480,23100,27720,32340,36960,41580,46200,50820,55440,60060,64680,69300,73920,78540,83160,87780,92400,table-of-4620,4619,/table-of-4619,4618,/table-of-4618,4617,/table-of-4617
4621,9242,13863,18484,23105,27726,32347,36968,41589,46210,50831,55452,60073,64694,69315,73936,78557,83178,87799,92420,table-of-4621,4620,/table-of-4620,4619,/table-of-4619,4618,/table-of-4618
4622,9244,13866,18488,23110,27732,32354,36976,41598,46220,50842,55464,60086,64708,69330,73952,78574,83196,87818,92440,table-of-4622,4621,/table-of-4621,4620,/table-of-4620,4619,/table-of-4619
4623,9246,13869,18492,23115,27738,32361,36984,41607,46230,50853,55476,60099,64722,69345,73968,78591,83214,87837,92460,table-of-4623,4622,/table-of-4622,4621,/table-of-4621,4620,/table-of-4620
4624,9248,13872,18496,23120,27744,32368,36992,41616,46240,50864,55488,60112,64736,69360,73984,78608,83232,87856,92480,table-of-4624,4623,/table-of-4623,4622,/table-of-4622,4621,/table-of-4621
4625,9250,13875,18500,23125,27750,32375,37000,41625,46250,50875,55500,60125,64750,69375,74000,78625,83250,87875,92500,table-of-4625,4624,/table-of-4624,4623,/table-of-4623,4622,/table-of-4622
4626,9252,13878,18504,23130,27756,32382,37008,41634,46260,50886,55512,60138,64764,69390,74016,78642,83268,87894,92520,table-of-4626,4625,/table-of-4625,4624,/table-of-4624,4623,/table-of-4623
4627,9254,13881,18508,23135,27762,32389,37016,41643,46270,50897,55524,60151,64778,69405,74032,78659,83286,87913,92540,table-of-4627,4626,/table-of-4626,4625,/table-of-4625,4624,/table-of-4624
4628,9256,13884,18512,23140,27768,32396,37024,41652,46280,50908,55536,60164,64792,69420,74048,78676,83304,87932,92560,table-of-4628,4627,/table-of-4627,4626,/table-of-4626,4625,/table-of-4625
4629,9258,13887,18516,23145,27774,32403,37032,41661,46290,50919,55548,60177,64806,69435,74064,78693,83322,87951,92580,table-of-4629,4628,/table-of-4628,4627,/table-of-4627,4626,/table-of-4626
4630,9260,13890,18520,23150,27780,32410,37040,41670,46300,50930,55560,60190,64820,69450,74080,78710,83340,87970,92600,table-of-4630,4629,/table-of-4629,4628,/table-of-4628,4627,/table-of-4627
4631,9262,13893,18524,23155,27786,32417,37048,41679,46310,50941,55572,60203,64834,69465,74096,78727,83358,87989,92620,table-of-4631,4630,/table-of-4630,4629,/table-of-4629,4628,/table-of-4628
4632,9264,13896,18528,23160,27792,32424,37056,41688,46320,50952,55584,60216,64848,69480,74112,78744,83376,88008,92640,table-of-4632,4631,/table-of-4631,4630,/table-of-4630,4629,/table-of-4629
4633,9266,13899,18532,23165,27798,32431,37064,41697,46330,50963,55596,60229,64862,69495,74128,78761,83394,88027,92660,table-of-4633,4632,/table-of-4632,4631,/table-of-4631,4630,/table-of-4630
4634,9268,13902,18536,23170,27804,32438,37072,41706,46340,50974,55608,60242,64876,69510,74144,78778,83412,88046,92680,table-of-4634,4633,/table-of-4633,4632,/table-of-4632,4631,/table-of-4631
4635,9270,13905,18540,23175,27810,32445,37080,41715,46350,50985,55620,60255,64890,69525,74160,78795,83430,88065,92700,table-of-4635,4634,/table-of-4634,4633,/table-of-4633,4632,/table-of-4632
4636,9272,13908,18544,23180,27816,32452,37088,41724,46360,50996,55632,60268,64904,69540,74176,78812,83448,88084,92720,table-of-4636,4635,/table-of-4635,4634,/table-of-4634,4633,/table-of-4633
4637,9274,13911,18548,23185,27822,32459,37096,41733,46370,51007,55644,60281,64918,69555,74192,78829,83466,88103,92740,table-of-4637,4636,/table-of-4636,4635,/table-of-4635,4634,/table-of-4634
4638,9276,13914,18552,23190,27828,32466,37104,41742,46380,51018,55656,60294,64932,69570,74208,78846,83484,88122,92760,table-of-4638,4637,/table-of-4637,4636,/table-of-4636,4635,/table-of-4635
4639,9278,13917,18556,23195,27834,32473,37112,41751,46390,51029,55668,60307,64946,69585,74224,78863,83502,88141,92780,table-of-4639,4638,/table-of-4638,4637,/table-of-4637,4636,/table-of-4636
4640,9280,13920,18560,23200,27840,32480,37120,41760,46400,51040,55680,60320,64960,69600,74240,78880,83520,88160,92800,table-of-4640,4639,/table-of-4639,4638,/table-of-4638,4637,/table-of-4637
4641,9282,13923,18564,23205,27846,32487,37128,41769,46410,51051,55692,60333,64974,69615,74256,78897,83538,88179,92820,table-of-4641,4640,/table-of-4640,4639,/table-of-4639,4638,/table-of-4638
4642,9284,13926,18568,23210,27852,32494,37136,41778,46420,51062,55704,60346,64988,69630,74272,78914,83556,88198,92840,table-of-4642,4641,/table-of-4641,4640,/table-of-4640,4639,/table-of-4639
4643,9286,13929,18572,23215,27858,32501,37144,41787,46430,51073,55716,60359,65002,69645,74288,78931,83574,88217,92860,table-of-4643,4642,/table-of-4642,4641,/table-of-4641,4640,/table-of-4640
4644,9288,13932,18576,23220,27864,32508,37152,41796,46440,51084,55728,60372,65016,69660,74304,78948,83592,88236,92880,table-of-4644,4643,/table-of-4643,4642,/table-of-4642,4641,/table-of-4641
4645,9290,13935,18580,23225,27870,32515,37160,41805,46450,51095,55740,60385,65030,69675,74320,78965,83610,88255,92900,table-of-4645,4644,/table-of-4644,4643,/table-of-4643,4642,/table-of-4642
4646,9292,13938,18584,23230,27876,32522,37168,41814,46460,51106,55752,60398,65044,69690,74336,78982,83628,88274,92920,table-of-4646,4645,/table-of-4645,4644,/table-of-4644,4643,/table-of-4643
4647,9294,13941,18588,23235,27882,32529,37176,41823,46470,51117,55764,60411,65058,69705,74352,78999,83646,88293,92940,table-of-4647,4646,/table-of-4646,4645,/table-of-4645,4644,/table-of-4644
4648,9296,13944,18592,23240,27888,32536,37184,41832,46480,51128,55776,60424,65072,69720,74368,79016,83664,88312,92960,table-of-4648,4647,/table-of-4647,4646,/table-of-4646,4645,/table-of-4645
4649,9298,13947,18596,23245,27894,32543,37192,41841,46490,51139,55788,60437,65086,69735,74384,79033,83682,88331,92980,table-of-4649,4648,/table-of-4648,4647,/table-of-4647,4646,/table-of-4646
4650,9300,13950,18600,23250,27900,32550,37200,41850,46500,51150,55800,60450,65100,69750,74400,79050,83700,88350,93000,table-of-4650,4649,/table-of-4649,4648,/table-of-4648,4647,/table-of-4647
4651,9302,13953,18604,23255,27906,32557,37208,41859,46510,51161,55812,60463,65114,69765,74416,79067,83718,88369,93020,table-of-4651,4650,/table-of-4650,4649,/table-of-4649,4648,/table-of-4648
4652,9304,13956,18608,23260,27912,32564,37216,41868,46520,51172,55824,60476,65128,69780,74432,79084,83736,88388,93040,table-of-4652,4651,/table-of-4651,4650,/table-of-4650,4649,/table-of-4649
4653,9306,13959,18612,23265,27918,32571,37224,41877,46530,51183,55836,60489,65142,69795,74448,79101,83754,88407,93060,table-of-4653,4652,/table-of-4652,4651,/table-of-4651,4650,/table-of-4650
4654,9308,13962,18616,23270,27924,32578,37232,41886,46540,51194,55848,60502,65156,69810,74464,79118,83772,88426,93080,table-of-4654,4653,/table-of-4653,4652,/table-of-4652,4651,/table-of-4651
4655,9310,13965,18620,23275,27930,32585,37240,41895,46550,51205,55860,60515,65170,69825,74480,79135,83790,88445,93100,table-of-4655,4654,/table-of-4654,4653,/table-of-4653,4652,/table-of-4652
4656,9312,13968,18624,23280,27936,32592,37248,41904,46560,51216,55872,60528,65184,69840,74496,79152,83808,88464,93120,table-of-4656,4655,/table-of-4655,4654,/table-of-4654,4653,/table-of-4653
4657,9314,13971,18628,23285,27942,32599,37256,41913,46570,51227,55884,60541,65198,69855,74512,79169,83826,88483,93140,table-of-4657,4656,/table-of-4656,4655,/table-of-4655,4654,/table-of-4654
4658,9316,13974,18632,23290,27948,32606,37264,41922,46580,51238,55896,60554,65212,69870,74528,79186,83844,88502,93160,table-of-4658,4657,/table-of-4657,4656,/table-of-4656,4655,/table-of-4655
4659,9318,13977,18636,23295,27954,32613,37272,41931,46590,51249,55908,60567,65226,69885,74544,79203,83862,88521,93180,table-of-4659,4658,/table-of-4658,4657,/table-of-4657,4656,/table-of-4656
4660,9320,13980,18640,23300,27960,32620,37280,41940,46600,51260,55920,60580,65240,69900,74560,79220,83880,88540,93200,table-of-4660,4659,/table-of-4659,4658,/table-of-4658,4657,/table-of-4657
4661,9322,13983,18644,23305,27966,32627,37288,41949,46610,51271,55932,60593,65254,69915,74576,79237,83898,88559,93220,table-of-4661,4660,/table-of-4660,4659,/table-of-4659,4658,/table-of-4658
4662,9324,13986,18648,23310,27972,32634,37296,41958,46620,51282,55944,60606,65268,69930,74592,79254,83916,88578,93240,table-of-4662,4661,/table-of-4661,4660,/table-of-4660,4659,/table-of-4659
4663,9326,13989,18652,23315,27978,32641,37304,41967,46630,51293,55956,60619,65282,69945,74608,79271,83934,88597,93260,table-of-4663,4662,/table-of-4662,4661,/table-of-4661,4660,/table-of-4660
4664,9328,13992,18656,23320,27984,32648,37312,41976,46640,51304,55968,60632,65296,69960,74624,79288,83952,88616,93280,table-of-4664,4663,/table-of-4663,4662,/table-of-4662,4661,/table-of-4661
4665,9330,13995,18660,23325,27990,32655,37320,41985,46650,51315,55980,60645,65310,69975,74640,79305,83970,88635,93300,table-of-4665,4664,/table-of-4664,4663,/table-of-4663,4662,/table-of-4662
4666,9332,13998,18664,23330,27996,32662,37328,41994,46660,51326,55992,60658,65324,69990,74656,79322,83988,88654,93320,table-of-4666,4665,/table-of-4665,4664,/table-of-4664,4663,/table-of-4663
4667,9334,14001,18668,23335,28002,32669,37336,42003,46670,51337,56004,60671,65338,70005,74672,79339,84006,88673,93340,table-of-4667,4666,/table-of-4666,4665,/table-of-4665,4664,/table-of-4664
4668,9336,14004,18672,23340,28008,32676,37344,42012,46680,51348,56016,60684,65352,70020,74688,79356,84024,88692,93360,table-of-4668,4667,/table-of-4667,4666,/table-of-4666,4665,/table-of-4665
4669,9338,14007,18676,23345,28014,32683,37352,42021,46690,51359,56028,60697,65366,70035,74704,79373,84042,88711,93380,table-of-4669,4668,/table-of-4668,4667,/table-of-4667,4666,/table-of-4666
4670,9340,14010,18680,23350,28020,32690,37360,42030,46700,51370,56040,60710,65380,70050,74720,79390,84060,88730,93400,table-of-4670,4669,/table-of-4669,4668,/table-of-4668,4667,/table-of-4667
4671,9342,14013,18684,23355,28026,32697,37368,42039,46710,51381,56052,60723,65394,70065,74736,79407,84078,88749,93420,table-of-4671,4670,/table-of-4670,4669,/table-of-4669,4668,/table-of-4668
4672,9344,14016,18688,23360,28032,32704,37376,42048,46720,51392,56064,60736,65408,70080,74752,79424,84096,88768,93440,table-of-4672,4671,/table-of-4671,4670,/table-of-4670,4669,/table-of-4669
4673,9346,14019,18692,23365,28038,32711,37384,42057,46730,51403,56076,60749,65422,70095,74768,79441,84114,88787,93460,table-of-4673,4672,/table-of-4672,4671,/table-of-4671,4670,/table-of-4670
4674,9348,14022,18696,23370,28044,32718,37392,42066,46740,51414,56088,60762,65436,70110,74784,79458,84132,88806,93480,table-of-4674,4673,/table-of-4673,4672,/table-of-4672,4671,/table-of-4671
4675,9350,14025,18700,23375,28050,32725,37400,42075,46750,51425,56100,60775,65450,70125,74800,79475,84150,88825,93500,table-of-4675,4674,/table-of-4674,4673,/table-of-4673,4672,/table-of-4672
4676,9352,14028,18704,23380,28056,32732,37408,42084,46760,51436,56112,60788,65464,70140,74816,79492,84168,88844,93520,table-of-4676,4675,/table-of-4675,4674,/table-of-4674,4673,/table-of-4673
4677,9354,14031,18708,23385,28062,32739,37416,42093,46770,51447,56124,60801,65478,70155,74832,79509,84186,88863,93540,table-of-4677,4676,/table-of-4676,4675,/table-of-4675,4674,/table-of-4674
4678,9356,14034,18712,23390,28068,32746,37424,42102,46780,51458,56136,60814,65492,70170,74848,79526,84204,88882,93560,table-of-4678,4677,/table-of-4677,4676,/table-of-4676,4675,/table-of-4675
4679,9358,14037,18716,23395,28074,32753,37432,42111,46790,51469,56148,60827,65506,70185,74864,79543,84222,88901,93580,table-of-4679,4678,/table-of-4678,4677,/table-of-4677,4676,/table-of-4676
4680,9360,14040,18720,23400,28080,32760,37440,42120,46800,51480,56160,60840,65520,70200,74880,79560,84240,88920,93600,table-of-4680,4679,/table-of-4679,4678,/table-of-4678,4677,/table-of-4677
4681,9362,14043,18724,23405,28086,32767,37448,42129,46810,51491,56172,60853,65534,70215,74896,79577,84258,88939,93620,table-of-4681,4680,/table-of-4680,4679,/table-of-4679,4678,/table-of-4678
4682,9364,14046,18728,23410,28092,32774,37456,42138,46820,51502,56184,60866,65548,70230,74912,79594,84276,88958,93640,table-of-4682,4681,/table-of-4681,4680,/table-of-4680,4679,/table-of-4679
4683,9366,14049,18732,23415,28098,32781,37464,42147,46830,51513,56196,60879,65562,70245,74928,79611,84294,88977,93660,table-of-4683,4682,/table-of-4682,4681,/table-of-4681,4680,/table-of-4680
4684,9368,14052,18736,23420,28104,32788,37472,42156,46840,51524,56208,60892,65576,70260,74944,79628,84312,88996,93680,table-of-4684,4683,/table-of-4683,4682,/table-of-4682,4681,/table-of-4681
4685,9370,14055,18740,23425,28110,32795,37480,42165,46850,51535,56220,60905,65590,70275,74960,79645,84330,89015,93700,table-of-4685,4684,/table-of-4684,4683,/table-of-4683,4682,/table-of-4682
4686,9372,14058,18744,23430,28116,32802,37488,42174,46860,51546,56232,60918,65604,70290,74976,79662,84348,89034,93720,table-of-4686,4685,/table-of-4685,4684,/table-of-4684,4683,/table-of-4683
4687,9374,14061,18748,23435,28122,32809,37496,42183,46870,51557,56244,60931,65618,70305,74992,79679,84366,89053,93740,table-of-4687,4686,/table-of-4686,4685,/table-of-4685,4684,/table-of-4684
4688,9376,14064,18752,23440,28128,32816,37504,42192,46880,51568,56256,60944,65632,70320,75008,79696,84384,89072,93760,table-of-4688,4687,/table-of-4687,4686,/table-of-4686,4685,/table-of-4685
4689,9378,14067,18756,23445,28134,32823,37512,42201,46890,51579,56268,60957,65646,70335,75024,79713,84402,89091,93780,table-of-4689,4688,/table-of-4688,4687,/table-of-4687,4686,/table-of-4686
4690,9380,14070,18760,23450,28140,32830,37520,42210,46900,51590,56280,60970,65660,70350,75040,79730,84420,89110,93800,table-of-4690,4689,/table-of-4689,4688,/table-of-4688,4687,/table-of-4687
4691,9382,14073,18764,23455,28146,32837,37528,42219,46910,51601,56292,60983,65674,70365,75056,79747,84438,89129,93820,table-of-4691,4690,/table-of-4690,4689,/table-of-4689,4688,/table-of-4688
4692,9384,14076,18768,23460,28152,32844,37536,42228,46920,51612,56304,60996,65688,70380,75072,79764,84456,89148,93840,table-of-4692,4691,/table-of-4691,4690,/table-of-4690,4689,/table-of-4689
4693,9386,14079,18772,23465,28158,32851,37544,42237,46930,51623,56316,61009,65702,70395,75088,79781,84474,89167,93860,table-of-4693,4692,/table-of-4692,4691,/table-of-4691,4690,/table-of-4690
4694,9388,14082,18776,23470,28164,32858,37552,42246,46940,51634,56328,61022,65716,70410,75104,79798,84492,89186,93880,table-of-4694,4693,/table-of-4693,4692,/table-of-4692,4691,/table-of-4691
4695,9390,14085,18780,23475,28170,32865,37560,42255,46950,51645,56340,61035,65730,70425,75120,79815,84510,89205,93900,table-of-4695,4694,/table-of-4694,4693,/table-of-4693,4692,/table-of-4692
4696,9392,14088,18784,23480,28176,32872,37568,42264,46960,51656,56352,61048,65744,70440,75136,79832,84528,89224,93920,table-of-4696,4695,/table-of-4695,4694,/table-of-4694,4693,/table-of-4693
4697,9394,14091,18788,23485,28182,32879,37576,42273,46970,51667,56364,61061,65758,70455,75152,79849,84546,89243,93940,table-of-4697,4696,/table-of-4696,4695,/table-of-4695,4694,/table-of-4694
4698,9396,14094,18792,23490,28188,32886,37584,42282,46980,51678,56376,61074,65772,70470,75168,79866,84564,89262,93960,table-of-4698,4697,/table-of-4697,4696,/table-of-4696,4695,/table-of-4695
4699,9398,14097,18796,23495,28194,32893,37592,42291,46990,51689,56388,61087,65786,70485,75184,79883,84582,89281,93980,table-of-4699,4698,/table-of-4698,4697,/table-of-4697,4696,/table-of-4696
4700,9400,14100,18800,23500,28200,32900,37600,42300,47000,51700,56400,61100,65800,70500,75200,79900,84600,89300,94000,table-of-4700,4699,/table-of-4699,4698,/table-of-4698,4697,/table-of-4697
4701,9402,14103,18804,23505,28206,32907,37608,42309,47010,51711,56412,61113,65814,70515,75216,79917,84618,89319,94020,table-of-4701,4700,/table-of-4700,4699,/table-of-4699,4698,/table-of-4698
4702,9404,14106,18808,23510,28212,32914,37616,42318,47020,51722,56424,61126,65828,70530,75232,79934,84636,89338,94040,table-of-4702,4701,/table-of-4701,4700,/table-of-4700,4699,/table-of-4699
4703,9406,14109,18812,23515,28218,32921,37624,42327,47030,51733,56436,61139,65842,70545,75248,79951,84654,89357,94060,table-of-4703,4702,/table-of-4702,4701,/table-of-4701,4700,/table-of-4700
4704,9408,14112,18816,23520,28224,32928,37632,42336,47040,51744,56448,61152,65856,70560,75264,79968,84672,89376,94080,table-of-4704,4703,/table-of-4703,4702,/table-of-4702,4701,/table-of-4701
4705,9410,14115,18820,23525,28230,32935,37640,42345,47050,51755,56460,61165,65870,70575,75280,79985,84690,89395,94100,table-of-4705,4704,/table-of-4704,4703,/table-of-4703,4702,/table-of-4702
4706,9412,14118,18824,23530,28236,32942,37648,42354,47060,51766,56472,61178,65884,70590,75296,80002,84708,89414,94120,table-of-4706,4705,/table-of-4705,4704,/table-of-4704,4703,/table-of-4703
4707,9414,14121,18828,23535,28242,32949,37656,42363,47070,51777,56484,61191,65898,70605,75312,80019,84726,89433,94140,table-of-4707,4706,/table-of-4706,4705,/table-of-4705,4704,/table-of-4704
4708,9416,14124,18832,23540,28248,32956,37664,42372,47080,51788,56496,61204,65912,70620,75328,80036,84744,89452,94160,table-of-4708,4707,/table-of-4707,4706,/table-of-4706,4705,/table-of-4705
4709,9418,14127,18836,23545,28254,32963,37672,42381,47090,51799,56508,61217,65926,70635,75344,80053,84762,89471,94180,table-of-4709,4708,/table-of-4708,4707,/table-of-4707,4706,/table-of-4706
4710,9420,14130,18840,23550,28260,32970,37680,42390,47100,51810,56520,61230,65940,70650,75360,80070,84780,89490,94200,table-of-4710,4709,/table-of-4709,4708,/table-of-4708,4707,/table-of-4707
4711,9422,14133,18844,23555,28266,32977,37688,42399,47110,51821,56532,61243,65954,70665,75376,80087,84798,89509,94220,table-of-4711,4710,/table-of-4710,4709,/table-of-4709,4708,/table-of-4708
4712,9424,14136,18848,23560,28272,32984,37696,42408,47120,51832,56544,61256,65968,70680,75392,80104,84816,89528,94240,table-of-4712,4711,/table-of-4711,4710,/table-of-4710,4709,/table-of-4709
4713,9426,14139,18852,23565,28278,32991,37704,42417,47130,51843,56556,61269,65982,70695,75408,80121,84834,89547,94260,table-of-4713,4712,/table-of-4712,4711,/table-of-4711,4710,/table-of-4710
4714,9428,14142,18856,23570,28284,32998,37712,42426,47140,51854,56568,61282,65996,70710,75424,80138,84852,89566,94280,table-of-4714,4713,/table-of-4713,4712,/table-of-4712,4711,/table-of-4711
4715,9430,14145,18860,23575,28290,33005,37720,42435,47150,51865,56580,61295,66010,70725,75440,80155,84870,89585,94300,table-of-4715,4714,/table-of-4714,4713,/table-of-4713,4712,/table-of-4712
4716,9432,14148,18864,23580,28296,33012,37728,42444,47160,51876,56592,61308,66024,70740,75456,80172,84888,89604,94320,table-of-4716,4715,/table-of-4715,4714,/table-of-4714,4713,/table-of-4713
4717,9434,14151,18868,23585,28302,33019,37736,42453,47170,51887,56604,61321,66038,70755,75472,80189,84906,89623,94340,table-of-4717,4716,/table-of-4716,4715,/table-of-4715,4714,/table-of-4714
4718,9436,14154,18872,23590,28308,33026,37744,42462,47180,51898,56616,61334,66052,70770,75488,80206,84924,89642,94360,table-of-4718,4717,/table-of-4717,4716,/table-of-4716,4715,/table-of-4715
4719,9438,14157,18876,23595,28314,33033,37752,42471,47190,51909,56628,61347,66066,70785,75504,80223,84942,89661,94380,table-of-4719,4718,/table-of-4718,4717,/table-of-4717,4716,/table-of-4716
4720,9440,14160,18880,23600,28320,33040,37760,42480,47200,51920,56640,61360,66080,70800,75520,80240,84960,89680,94400,table-of-4720,4719,/table-of-4719,4718,/table-of-4718,4717,/table-of-4717
4721,9442,14163,18884,23605,28326,33047,37768,42489,47210,51931,56652,61373,66094,70815,75536,80257,84978,89699,94420,table-of-4721,4720,/table-of-4720,4719,/table-of-4719,4718,/table-of-4718
4722,9444,14166,18888,23610,28332,33054,37776,42498,47220,51942,56664,61386,66108,70830,75552,80274,84996,89718,94440,table-of-4722,4721,/table-of-4721,4720,/table-of-4720,4719,/table-of-4719
4723,9446,14169,18892,23615,28338,33061,37784,42507,47230,51953,56676,61399,66122,70845,75568,80291,85014,89737,94460,table-of-4723,4722,/table-of-4722,4721,/table-of-4721,4720,/table-of-4720
4724,9448,14172,18896,23620,28344,33068,37792,42516,47240,51964,56688,61412,66136,70860,75584,80308,85032,89756,94480,table-of-4724,4723,/table-of-4723,4722,/table-of-4722,4721,/table-of-4721
4725,9450,14175,18900,23625,28350,33075,37800,42525,47250,51975,56700,61425,66150,70875,75600,80325,85050,89775,94500,table-of-4725,4724,/table-of-4724,4723,/table-of-4723,4722,/table-of-4722
4726,9452,14178,18904,23630,28356,33082,37808,42534,47260,51986,56712,61438,66164,70890,75616,80342,85068,89794,94520,table-of-4726,4725,/table-of-4725,4724,/table-of-4724,4723,/table-of-4723
4727,9454,14181,18908,23635,28362,33089,37816,42543,47270,51997,56724,61451,66178,70905,75632,80359,85086,89813,94540,table-of-4727,4726,/table-of-4726,4725,/table-of-4725,4724,/table-of-4724
4728,9456,14184,18912,23640,28368,33096,37824,42552,47280,52008,56736,61464,66192,70920,75648,80376,85104,89832,94560,table-of-4728,4727,/table-of-4727,4726,/table-of-4726,4725,/table-of-4725
4729,9458,14187,18916,23645,28374,33103,37832,42561,47290,52019,56748,61477,66206,70935,75664,80393,85122,89851,94580,table-of-4729,4728,/table-of-4728,4727,/table-of-4727,4726,/table-of-4726
4730,9460,14190,18920,23650,28380,33110,37840,42570,47300,52030,56760,61490,66220,70950,75680,80410,85140,89870,94600,table-of-4730,4729,/table-of-4729,4728,/table-of-4728,4727,/table-of-4727
4731,9462,14193,18924,23655,28386,33117,37848,42579,47310,52041,56772,61503,66234,70965,75696,80427,85158,89889,94620,table-of-4731,4730,/table-of-4730,4729,/table-of-4729,4728,/table-of-4728
4732,9464,14196,18928,23660,28392,33124,37856,42588,47320,52052,56784,61516,66248,70980,75712,80444,85176,89908,94640,table-of-4732,4731,/table-of-4731,4730,/table-of-4730,4729,/table-of-4729
4733,9466,14199,18932,23665,28398,33131,37864,42597,47330,52063,56796,61529,66262,70995,75728,80461,85194,89927,94660,table-of-4733,4732,/table-of-4732,4731,/table-of-4731,4730,/table-of-4730
4734,9468,14202,18936,23670,28404,33138,37872,42606,47340,52074,56808,61542,66276,71010,75744,80478,85212,89946,94680,table-of-4734,4733,/table-of-4733,4732,/table-of-4732,4731,/table-of-4731
4735,9470,14205,18940,23675,28410,33145,37880,42615,47350,52085,56820,61555,66290,71025,75760,80495,85230,89965,94700,table-of-4735,4734,/table-of-4734,4733,/table-of-4733,4732,/table-of-4732
4736,9472,14208,18944,23680,28416,33152,37888,42624,47360,52096,56832,61568,66304,71040,75776,80512,85248,89984,94720,table-of-4736,4735,/table-of-4735,4734,/table-of-4734,4733,/table-of-4733
4737,9474,14211,18948,23685,28422,33159,37896,42633,47370,52107,56844,61581,66318,71055,75792,80529,85266,90003,94740,table-of-4737,4736,/table-of-4736,4735,/table-of-4735,4734,/table-of-4734
4738,9476,14214,18952,23690,28428,33166,37904,42642,47380,52118,56856,61594,66332,71070,75808,80546,85284,90022,94760,table-of-4738,4737,/table-of-4737,4736,/table-of-4736,4735,/table-of-4735
4739,9478,14217,18956,23695,28434,33173,37912,42651,47390,52129,56868,61607,66346,71085,75824,80563,85302,90041,94780,table-of-4739,4738,/table-of-4738,4737,/table-of-4737,4736,/table-of-4736
4740,9480,14220,18960,23700,28440,33180,37920,42660,47400,52140,56880,61620,66360,71100,75840,80580,85320,90060,94800,table-of-4740,4739,/table-of-4739,4738,/table-of-4738,4737,/table-of-4737
4741,9482,14223,18964,23705,28446,33187,37928,42669,47410,52151,56892,61633,66374,71115,75856,80597,85338,90079,94820,table-of-4741,4740,/table-of-4740,4739,/table-of-4739,4738,/table-of-4738
4742,9484,14226,18968,23710,28452,33194,37936,42678,47420,52162,56904,61646,66388,71130,75872,80614,85356,90098,94840,table-of-4742,4741,/table-of-4741,4740,/table-of-4740,4739,/table-of-4739
4743,9486,14229,18972,23715,28458,33201,37944,42687,47430,52173,56916,61659,66402,71145,75888,80631,85374,90117,94860,table-of-4743,4742,/table-of-4742,4741,/table-of-4741,4740,/table-of-4740
4744,9488,14232,18976,23720,28464,33208,37952,42696,47440,52184,56928,61672,66416,71160,75904,80648,85392,90136,94880,table-of-4744,4743,/table-of-4743,4742,/table-of-4742,4741,/table-of-4741
4745,9490,14235,18980,23725,28470,33215,37960,42705,47450,52195,56940,61685,66430,71175,75920,80665,85410,90155,94900,table-of-4745,4744,/table-of-4744,4743,/table-of-4743,4742,/table-of-4742
4746,9492,14238,18984,23730,28476,33222,37968,42714,47460,52206,56952,61698,66444,71190,75936,80682,85428,90174,94920,table-of-4746,4745,/table-of-4745,4744,/table-of-4744,4743,/table-of-4743
4747,9494,14241,18988,23735,28482,33229,37976,42723,47470,52217,56964,61711,66458,71205,75952,80699,85446,90193,94940,table-of-4747,4746,/table-of-4746,4745,/table-of-4745,4744,/table-of-4744
4748,9496,14244,18992,23740,28488,33236,37984,42732,47480,52228,56976,61724,66472,71220,75968,80716,85464,90212,94960,table-of-4748,4747,/table-of-4747,4746,/table-of-4746,4745,/table-of-4745
4749,9498,14247,18996,23745,28494,33243,37992,42741,47490,52239,56988,61737,66486,71235,75984,80733,85482,90231,94980,table-of-4749,4748,/table-of-4748,4747,/table-of-4747,4746,/table-of-4746
4750,9500,14250,19000,23750,28500,33250,38000,42750,47500,52250,57000,61750,66500,71250,76000,80750,85500,90250,95000,table-of-4750,4749,/table-of-4749,4748,/table-of-4748,4747,/table-of-4747
4751,9502,14253,19004,23755,28506,33257,38008,42759,47510,52261,57012,61763,66514,71265,76016,80767,85518,90269,95020,table-of-4751,4750,/table-of-4750,4749,/table-of-4749,4748,/table-of-4748
4752,9504,14256,19008,23760,28512,33264,38016,42768,47520,52272,57024,61776,66528,71280,76032,80784,85536,90288,95040,table-of-4752,4751,/table-of-4751,4750,/table-of-4750,4749,/table-of-4749
4753,9506,14259,19012,23765,28518,33271,38024,42777,47530,52283,57036,61789,66542,71295,76048,80801,85554,90307,95060,table-of-4753,4752,/table-of-4752,4751,/table-of-4751,4750,/table-of-4750
4754,9508,14262,19016,23770,28524,33278,38032,42786,47540,52294,57048,61802,66556,71310,76064,80818,85572,90326,95080,table-of-4754,4753,/table-of-4753,4752,/table-of-4752,4751,/table-of-4751
4755,9510,14265,19020,23775,28530,33285,38040,42795,47550,52305,57060,61815,66570,71325,76080,80835,85590,90345,95100,table-of-4755,4754,/table-of-4754,4753,/table-of-4753,4752,/table-of-4752
4756,9512,14268,19024,23780,28536,33292,38048,42804,47560,52316,57072,61828,66584,71340,76096,80852,85608,90364,95120,table-of-4756,4755,/table-of-4755,4754,/table-of-4754,4753,/table-of-4753
4757,9514,14271,19028,23785,28542,33299,38056,42813,47570,52327,57084,61841,66598,71355,76112,80869,85626,90383,95140,table-of-4757,4756,/table-of-4756,4755,/table-of-4755,4754,/table-of-4754
4758,9516,14274,19032,23790,28548,33306,38064,42822,47580,52338,57096,61854,66612,71370,76128,80886,85644,90402,95160,table-of-4758,4757,/table-of-4757,4756,/table-of-4756,4755,/table-of-4755
4759,9518,14277,19036,23795,28554,33313,38072,42831,47590,52349,57108,61867,66626,71385,76144,80903,85662,90421,95180,table-of-4759,4758,/table-of-4758,4757,/table-of-4757,4756,/table-of-4756
4760,9520,14280,19040,23800,28560,33320,38080,42840,47600,52360,57120,61880,66640,71400,76160,80920,85680,90440,95200,table-of-4760,4759,/table-of-4759,4758,/table-of-4758,4757,/table-of-4757
4761,9522,14283,19044,23805,28566,33327,38088,42849,47610,52371,57132,61893,66654,71415,76176,80937,85698,90459,95220,table-of-4761,4760,/table-of-4760,4759,/table-of-4759,4758,/table-of-4758
4762,9524,14286,19048,23810,28572,33334,38096,42858,47620,52382,57144,61906,66668,71430,76192,80954,85716,90478,95240,table-of-4762,4761,/table-of-4761,4760,/table-of-4760,4759,/table-of-4759
4763,9526,14289,19052,23815,28578,33341,38104,42867,47630,52393,57156,61919,66682,71445,76208,80971,85734,90497,95260,table-of-4763,4762,/table-of-4762,4761,/table-of-4761,4760,/table-of-4760
4764,9528,14292,19056,23820,28584,33348,38112,42876,47640,52404,57168,61932,66696,71460,76224,80988,85752,90516,95280,table-of-4764,4763,/table-of-4763,4762,/table-of-4762,4761,/table-of-4761
4765,9530,14295,19060,23825,28590,33355,38120,42885,47650,52415,57180,61945,66710,71475,76240,81005,85770,90535,95300,table-of-4765,4764,/table-of-4764,4763,/table-of-4763,4762,/table-of-4762
4766,9532,14298,19064,23830,28596,33362,38128,42894,47660,52426,57192,61958,66724,71490,76256,81022,85788,90554,95320,table-of-4766,4765,/table-of-4765,4764,/table-of-4764,4763,/table-of-4763
4767,9534,14301,19068,23835,28602,33369,38136,42903,47670,52437,57204,61971,66738,71505,76272,81039,85806,90573,95340,table-of-4767,4766,/table-of-4766,4765,/table-of-4765,4764,/table-of-4764
4768,9536,14304,19072,23840,28608,33376,38144,42912,47680,52448,57216,61984,66752,71520,76288,81056,85824,90592,95360,table-of-4768,4767,/table-of-4767,4766,/table-of-4766,4765,/table-of-4765
4769,9538,14307,19076,23845,28614,33383,38152,42921,47690,52459,57228,61997,66766,71535,76304,81073,85842,90611,95380,table-of-4769,4768,/table-of-4768,4767,/table-of-4767,4766,/table-of-4766
4770,9540,14310,19080,23850,28620,33390,38160,42930,47700,52470,57240,62010,66780,71550,76320,81090,85860,90630,95400,table-of-4770,4769,/table-of-4769,4768,/table-of-4768,4767,/table-of-4767
4771,9542,14313,19084,23855,28626,33397,38168,42939,47710,52481,57252,62023,66794,71565,76336,81107,85878,90649,95420,table-of-4771,4770,/table-of-4770,4769,/table-of-4769,4768,/table-of-4768
4772,9544,14316,19088,23860,28632,33404,38176,42948,47720,52492,57264,62036,66808,71580,76352,81124,85896,90668,95440,table-of-4772,4771,/table-of-4771,4770,/table-of-4770,4769,/table-of-4769
4773,9546,14319,19092,23865,28638,33411,38184,42957,47730,52503,57276,62049,66822,71595,76368,81141,85914,90687,95460,table-of-4773,4772,/table-of-4772,4771,/table-of-4771,4770,/table-of-4770
4774,9548,14322,19096,23870,28644,33418,38192,42966,47740,52514,57288,62062,66836,71610,76384,81158,85932,90706,95480,table-of-4774,4773,/table-of-4773,4772,/table-of-4772,4771,/table-of-4771
4775,9550,14325,19100,23875,28650,33425,38200,42975,47750,52525,57300,62075,66850,71625,76400,81175,85950,90725,95500,table-of-4775,4774,/table-of-4774,4773,/table-of-4773,4772,/table-of-4772
4776,9552,14328,19104,23880,28656,33432,38208,42984,47760,52536,57312,62088,66864,71640,76416,81192,85968,90744,95520,table-of-4776,4775,/table-of-4775,4774,/table-of-4774,4773,/table-of-4773
4777,9554,14331,19108,23885,28662,33439,38216,42993,47770,52547,57324,62101,66878,71655,76432,81209,85986,90763,95540,table-of-4777,4776,/table-of-4776,4775,/table-of-4775,4774,/table-of-4774
4778,9556,14334,19112,23890,28668,33446,38224,43002,47780,52558,57336,62114,66892,71670,76448,81226,86004,90782,95560,table-of-4778,4777,/table-of-4777,4776,/table-of-4776,4775,/table-of-4775
4779,9558,14337,19116,23895,28674,33453,38232,43011,47790,52569,57348,62127,66906,71685,76464,81243,86022,90801,95580,table-of-4779,4778,/table-of-4778,4777,/table-of-4777,4776,/table-of-4776
4780,9560,14340,19120,23900,28680,33460,38240,43020,47800,52580,57360,62140,66920,71700,76480,81260,86040,90820,95600,table-of-4780,4779,/table-of-4779,4778,/table-of-4778,4777,/table-of-4777
4781,9562,14343,19124,23905,28686,33467,38248,43029,47810,52591,57372,62153,66934,71715,76496,81277,86058,90839,95620,table-of-4781,4780,/table-of-4780,4779,/table-of-4779,4778,/table-of-4778
4782,9564,14346,19128,23910,28692,33474,38256,43038,47820,52602,57384,62166,66948,71730,76512,81294,86076,90858,95640,table-of-4782,4781,/table-of-4781,4780,/table-of-4780,4779,/table-of-4779
4783,9566,14349,19132,23915,28698,33481,38264,43047,47830,52613,57396,62179,66962,71745,76528,81311,86094,90877,95660,table-of-4783,4782,/table-of-4782,4781,/table-of-4781,4780,/table-of-4780
4784,9568,14352,19136,23920,28704,33488,38272,43056,47840,52624,57408,62192,66976,71760,76544,81328,86112,90896,95680,table-of-4784,4783,/table-of-4783,4782,/table-of-4782,4781,/table-of-4781
4785,9570,14355,19140,23925,28710,33495,38280,43065,47850,52635,57420,62205,66990,71775,76560,81345,86130,90915,95700,table-of-4785,4784,/table-of-4784,4783,/table-of-4783,4782,/table-of-4782
4786,9572,14358,19144,23930,28716,33502,38288,43074,47860,52646,57432,62218,67004,71790,76576,81362,86148,90934,95720,table-of-4786,4785,/table-of-4785,4784,/table-of-4784,4783,/table-of-4783
4787,9574,14361,19148,23935,28722,33509,38296,43083,47870,52657,57444,62231,67018,71805,76592,81379,86166,90953,95740,table-of-4787,4786,/table-of-4786,4785,/table-of-4785,4784,/table-of-4784
4788,9576,14364,19152,23940,28728,33516,38304,43092,47880,52668,57456,62244,67032,71820,76608,81396,86184,90972,95760,table-of-4788,4787,/table-of-4787,4786,/table-of-4786,4785,/table-of-4785
4789,9578,14367,19156,23945,28734,33523,38312,43101,47890,52679,57468,62257,67046,71835,76624,81413,86202,90991,95780,table-of-4789,4788,/table-of-4788,4787,/table-of-4787,4786,/table-of-4786
4790,9580,14370,19160,23950,28740,33530,38320,43110,47900,52690,57480,62270,67060,71850,76640,81430,86220,91010,95800,table-of-4790,4789,/table-of-4789,4788,/table-of-4788,4787,/table-of-4787
4791,9582,14373,19164,23955,28746,33537,38328,43119,47910,52701,57492,62283,67074,71865,76656,81447,86238,91029,95820,table-of-4791,4790,/table-of-4790,4789,/table-of-4789,4788,/table-of-4788
4792,9584,14376,19168,23960,28752,33544,38336,43128,47920,52712,57504,62296,67088,71880,76672,81464,86256,91048,95840,table-of-4792,4791,/table-of-4791,4790,/table-of-4790,4789,/table-of-4789
4793,9586,14379,19172,23965,28758,33551,38344,43137,47930,52723,57516,62309,67102,71895,76688,81481,86274,91067,95860,table-of-4793,4792,/table-of-4792,4791,/table-of-4791,4790,/table-of-4790
4794,9588,14382,19176,23970,28764,33558,38352,43146,47940,52734,57528,62322,67116,71910,76704,81498,86292,91086,95880,table-of-4794,4793,/table-of-4793,4792,/table-of-4792,4791,/table-of-4791
4795,9590,14385,19180,23975,28770,33565,38360,43155,47950,52745,57540,62335,67130,71925,76720,81515,86310,91105,95900,table-of-4795,4794,/table-of-4794,4793,/table-of-4793,4792,/table-of-4792
4796,9592,14388,19184,23980,28776,33572,38368,43164,47960,52756,57552,62348,67144,71940,76736,81532,86328,91124,95920,table-of-4796,4795,/table-of-4795,4794,/table-of-4794,4793,/table-of-4793
4797,9594,14391,19188,23985,28782,33579,38376,43173,47970,52767,57564,62361,67158,71955,76752,81549,86346,91143,95940,table-of-4797,4796,/table-of-4796,4795,/table-of-4795,4794,/table-of-4794
4798,9596,14394,19192,23990,28788,33586,38384,43182,47980,52778,57576,62374,67172,71970,76768,81566,86364,91162,95960,table-of-4798,4797,/table-of-4797,4796,/table-of-4796,4795,/table-of-4795
4799,9598,14397,19196,23995,28794,33593,38392,43191,47990,52789,57588,62387,67186,71985,76784,81583,86382,91181,95980,table-of-4799,4798,/table-of-4798,4797,/table-of-4797,4796,/table-of-4796
4800,9600,14400,19200,24000,28800,33600,38400,43200,48000,52800,57600,62400,67200,72000,76800,81600,86400,91200,96000,table-of-4800,4799,/table-of-4799,4798,/table-of-4798,4797,/table-of-4797
4801,9602,14403,19204,24005,28806,33607,38408,43209,48010,52811,57612,62413,67214,72015,76816,81617,86418,91219,96020,table-of-4801,4800,/table-of-4800,4799,/table-of-4799,4798,/table-of-4798
4802,9604,14406,19208,24010,28812,33614,38416,43218,48020,52822,57624,62426,67228,72030,76832,81634,86436,91238,96040,table-of-4802,4801,/table-of-4801,4800,/table-of-4800,4799,/table-of-4799
4803,9606,14409,19212,24015,28818,33621,38424,43227,48030,52833,57636,62439,67242,72045,76848,81651,86454,91257,96060,table-of-4803,4802,/table-of-4802,4801,/table-of-4801,4800,/table-of-4800
4804,9608,14412,19216,24020,28824,33628,38432,43236,48040,52844,57648,62452,67256,72060,76864,81668,86472,91276,96080,table-of-4804,4803,/table-of-4803,4802,/table-of-4802,4801,/table-of-4801
4805,9610,14415,19220,24025,28830,33635,38440,43245,48050,52855,57660,62465,67270,72075,76880,81685,86490,91295,96100,table-of-4805,4804,/table-of-4804,4803,/table-of-4803,4802,/table-of-4802
4806,9612,14418,19224,24030,28836,33642,38448,43254,48060,52866,57672,62478,67284,72090,76896,81702,86508,91314,96120,table-of-4806,4805,/table-of-4805,4804,/table-of-4804,4803,/table-of-4803
4807,9614,14421,19228,24035,28842,33649,38456,43263,48070,52877,57684,62491,67298,72105,76912,81719,86526,91333,96140,table-of-4807,4806,/table-of-4806,4805,/table-of-4805,4804,/table-of-4804
4808,9616,14424,19232,24040,28848,33656,38464,43272,48080,52888,57696,62504,67312,72120,76928,81736,86544,91352,96160,table-of-4808,4807,/table-of-4807,4806,/table-of-4806,4805,/table-of-4805
4809,9618,14427,19236,24045,28854,33663,38472,43281,48090,52899,57708,62517,67326,72135,76944,81753,86562,91371,96180,table-of-4809,4808,/table-of-4808,4807,/table-of-4807,4806,/table-of-4806
4810,9620,14430,19240,24050,28860,33670,38480,43290,48100,52910,57720,62530,67340,72150,76960,81770,86580,91390,96200,table-of-4810,4809,/table-of-4809,4808,/table-of-4808,4807,/table-of-4807
4811,9622,14433,19244,24055,28866,33677,38488,43299,48110,52921,57732,62543,67354,72165,76976,81787,86598,91409,96220,table-of-4811,4810,/table-of-4810,4809,/table-of-4809,4808,/table-of-4808
4812,9624,14436,19248,24060,28872,33684,38496,43308,48120,52932,57744,62556,67368,72180,76992,81804,86616,91428,96240,table-of-4812,4811,/table-of-4811,4810,/table-of-4810,4809,/table-of-4809
4813,9626,14439,19252,24065,28878,33691,38504,43317,48130,52943,57756,62569,67382,72195,77008,81821,86634,91447,96260,table-of-4813,4812,/table-of-4812,4811,/table-of-4811,4810,/table-of-4810
4814,9628,14442,19256,24070,28884,33698,38512,43326,48140,52954,57768,62582,67396,72210,77024,81838,86652,91466,96280,table-of-4814,4813,/table-of-4813,4812,/table-of-4812,4811,/table-of-4811
4815,9630,14445,19260,24075,28890,33705,38520,43335,48150,52965,57780,62595,67410,72225,77040,81855,86670,91485,96300,table-of-4815,4814,/table-of-4814,4813,/table-of-4813,4812,/table-of-4812
4816,9632,14448,19264,24080,28896,33712,38528,43344,48160,52976,57792,62608,67424,72240,77056,81872,86688,91504,96320,table-of-4816,4815,/table-of-4815,4814,/table-of-4814,4813,/table-of-4813
4817,9634,14451,19268,24085,28902,33719,38536,43353,48170,52987,57804,62621,67438,72255,77072,81889,86706,91523,96340,table-of-4817,4816,/table-of-4816,4815,/table-of-4815,4814,/table-of-4814
4818,9636,14454,19272,24090,28908,33726,38544,43362,48180,52998,57816,62634,67452,72270,77088,81906,86724,91542,96360,table-of-4818,4817,/table-of-4817,4816,/table-of-4816,4815,/table-of-4815
4819,9638,14457,19276,24095,28914,33733,38552,43371,48190,53009,57828,62647,67466,72285,77104,81923,86742,91561,96380,table-of-4819,4818,/table-of-4818,4817,/table-of-4817,4816,/table-of-4816
4820,9640,14460,19280,24100,28920,33740,38560,43380,48200,53020,57840,62660,67480,72300,77120,81940,86760,91580,96400,table-of-4820,4819,/table-of-4819,4818,/table-of-4818,4817,/table-of-4817
4821,9642,14463,19284,24105,28926,33747,38568,43389,48210,53031,57852,62673,67494,72315,77136,81957,86778,91599,96420,table-of-4821,4820,/table-of-4820,4819,/table-of-4819,4818,/table-of-4818
4822,9644,14466,19288,24110,28932,33754,38576,43398,48220,53042,57864,62686,67508,72330,77152,81974,86796,91618,96440,table-of-4822,4821,/table-of-4821,4820,/table-of-4820,4819,/table-of-4819
4823,9646,14469,19292,24115,28938,33761,38584,43407,48230,53053,57876,62699,67522,72345,77168,81991,86814,91637,96460,table-of-4823,4822,/table-of-4822,4821,/table-of-4821,4820,/table-of-4820
4824,9648,14472,19296,24120,28944,33768,38592,43416,48240,53064,57888,62712,67536,72360,77184,82008,86832,91656,96480,table-of-4824,4823,/table-of-4823,4822,/table-of-4822,4821,/table-of-4821
4825,9650,14475,19300,24125,28950,33775,38600,43425,48250,53075,57900,62725,67550,72375,77200,82025,86850,91675,96500,table-of-4825,4824,/table-of-4824,4823,/table-of-4823,4822,/table-of-4822
4826,9652,14478,19304,24130,28956,33782,38608,43434,48260,53086,57912,62738,67564,72390,77216,82042,86868,91694,96520,table-of-4826,4825,/table-of-4825,4824,/table-of-4824,4823,/table-of-4823
4827,9654,14481,19308,24135,28962,33789,38616,43443,48270,53097,57924,62751,67578,72405,77232,82059,86886,91713,96540,table-of-4827,4826,/table-of-4826,4825,/table-of-4825,4824,/table-of-4824
4828,9656,14484,19312,24140,28968,33796,38624,43452,48280,53108,57936,62764,67592,72420,77248,82076,86904,91732,96560,table-of-4828,4827,/table-of-4827,4826,/table-of-4826,4825,/table-of-4825
4829,9658,14487,19316,24145,28974,33803,38632,43461,48290,53119,57948,62777,67606,72435,77264,82093,86922,91751,96580,table-of-4829,4828,/table-of-4828,4827,/table-of-4827,4826,/table-of-4826
4830,9660,14490,19320,24150,28980,33810,38640,43470,48300,53130,57960,62790,67620,72450,77280,82110,86940,91770,96600,table-of-4830,4829,/table-of-4829,4828,/table-of-4828,4827,/table-of-4827
4831,9662,14493,19324,24155,28986,33817,38648,43479,48310,53141,57972,62803,67634,72465,77296,82127,86958,91789,96620,table-of-4831,4830,/table-of-4830,4829,/table-of-4829,4828,/table-of-4828
4832,9664,14496,19328,24160,28992,33824,38656,43488,48320,53152,57984,62816,67648,72480,77312,82144,86976,91808,96640,table-of-4832,4831,/table-of-4831,4830,/table-of-4830,4829,/table-of-4829
4833,9666,14499,19332,24165,28998,33831,38664,43497,48330,53163,57996,62829,67662,72495,77328,82161,86994,91827,96660,table-of-4833,4832,/table-of-4832,4831,/table-of-4831,4830,/table-of-4830
4834,9668,14502,19336,24170,29004,33838,38672,43506,48340,53174,58008,62842,67676,72510,77344,82178,87012,91846,96680,table-of-4834,4833,/table-of-4833,4832,/table-of-4832,4831,/table-of-4831
4835,9670,14505,19340,24175,29010,33845,38680,43515,48350,53185,58020,62855,67690,72525,77360,82195,87030,91865,96700,table-of-4835,4834,/table-of-4834,4833,/table-of-4833,4832,/table-of-4832
4836,9672,14508,19344,24180,29016,33852,38688,43524,48360,53196,58032,62868,67704,72540,77376,82212,87048,91884,96720,table-of-4836,4835,/table-of-4835,4834,/table-of-4834,4833,/table-of-4833
4837,9674,14511,19348,24185,29022,33859,38696,43533,48370,53207,58044,62881,67718,72555,77392,82229,87066,91903,96740,table-of-4837,4836,/table-of-4836,4835,/table-of-4835,4834,/table-of-4834
4838,9676,14514,19352,24190,29028,33866,38704,43542,48380,53218,58056,62894,67732,72570,77408,82246,87084,91922,96760,table-of-4838,4837,/table-of-4837,4836,/table-of-4836,4835,/table-of-4835
4839,9678,14517,19356,24195,29034,33873,38712,43551,48390,53229,58068,62907,67746,72585,77424,82263,87102,91941,96780,table-of-4839,4838,/table-of-4838,4837,/table-of-4837,4836,/table-of-4836
4840,9680,14520,19360,24200,29040,33880,38720,43560,48400,53240,58080,62920,67760,72600,77440,82280,87120,91960,96800,table-of-4840,4839,/table-of-4839,4838,/table-of-4838,4837,/table-of-4837
4841,9682,14523,19364,24205,29046,33887,38728,43569,48410,53251,58092,62933,67774,72615,77456,82297,87138,91979,96820,table-of-4841,4840,/table-of-4840,4839,/table-of-4839,4838,/table-of-4838
4842,9684,14526,19368,24210,29052,33894,38736,43578,48420,53262,58104,62946,67788,72630,77472,82314,87156,91998,96840,table-of-4842,4841,/table-of-4841,4840,/table-of-4840,4839,/table-of-4839
4843,9686,14529,19372,24215,29058,33901,38744,43587,48430,53273,58116,62959,67802,72645,77488,82331,87174,92017,96860,table-of-4843,4842,/table-of-4842,4841,/table-of-4841,4840,/table-of-4840
4844,9688,14532,19376,24220,29064,33908,38752,43596,48440,53284,58128,62972,67816,72660,77504,82348,87192,92036,96880,table-of-4844,4843,/table-of-4843,4842,/table-of-4842,4841,/table-of-4841
4845,9690,14535,19380,24225,29070,33915,38760,43605,48450,53295,58140,62985,67830,72675,77520,82365,87210,92055,96900,table-of-4845,4844,/table-of-4844,4843,/table-of-4843,4842,/table-of-4842
4846,9692,14538,19384,24230,29076,33922,38768,43614,48460,53306,58152,62998,67844,72690,77536,82382,87228,92074,96920,table-of-4846,4845,/table-of-4845,4844,/table-of-4844,4843,/table-of-4843
4847,9694,14541,19388,24235,29082,33929,38776,43623,48470,53317,58164,63011,67858,72705,77552,82399,87246,92093,96940,table-of-4847,4846,/table-of-4846,4845,/table-of-4845,4844,/table-of-4844
4848,9696,14544,19392,24240,29088,33936,38784,43632,48480,53328,58176,63024,67872,72720,77568,82416,87264,92112,96960,table-of-4848,4847,/table-of-4847,4846,/table-of-4846,4845,/table-of-4845
4849,9698,14547,19396,24245,29094,33943,38792,43641,48490,53339,58188,63037,67886,72735,77584,82433,87282,92131,96980,table-of-4849,4848,/table-of-4848,4847,/table-of-4847,4846,/table-of-4846
4850,9700,14550,19400,24250,29100,33950,38800,43650,48500,53350,58200,63050,67900,72750,77600,82450,87300,92150,97000,table-of-4850,4849,/table-of-4849,4848,/table-of-4848,4847,/table-of-4847
4851,9702,14553,19404,24255,29106,33957,38808,43659,48510,53361,58212,63063,67914,72765,77616,82467,87318,92169,97020,table-of-4851,4850,/table-of-4850,4849,/table-of-4849,4848,/table-of-4848
4852,9704,14556,19408,24260,29112,33964,38816,43668,48520,53372,58224,63076,67928,72780,77632,82484,87336,92188,97040,table-of-4852,4851,/table-of-4851,4850,/table-of-4850,4849,/table-of-4849
4853,9706,14559,19412,24265,29118,33971,38824,43677,48530,53383,58236,63089,67942,72795,77648,82501,87354,92207,97060,table-of-4853,4852,/table-of-4852,4851,/table-of-4851,4850,/table-of-4850
4854,9708,14562,19416,24270,29124,33978,38832,43686,48540,53394,58248,63102,67956,72810,77664,82518,87372,92226,97080,table-of-4854,4853,/table-of-4853,4852,/table-of-4852,4851,/table-of-4851
4855,9710,14565,19420,24275,29130,33985,38840,43695,48550,53405,58260,63115,67970,72825,77680,82535,87390,92245,97100,table-of-4855,4854,/table-of-4854,4853,/table-of-4853,4852,/table-of-4852
4856,9712,14568,19424,24280,29136,33992,38848,43704,48560,53416,58272,63128,67984,72840,77696,82552,87408,92264,97120,table-of-4856,4855,/table-of-4855,4854,/table-of-4854,4853,/table-of-4853
4857,9714,14571,19428,24285,29142,33999,38856,43713,48570,53427,58284,63141,67998,72855,77712,82569,87426,92283,97140,table-of-4857,4856,/table-of-4856,4855,/table-of-4855,4854,/table-of-4854
4858,9716,14574,19432,24290,29148,34006,38864,43722,48580,53438,58296,63154,68012,72870,77728,82586,87444,92302,97160,table-of-4858,4857,/table-of-4857,4856,/table-of-4856,4855,/table-of-4855
4859,9718,14577,19436,24295,29154,34013,38872,43731,48590,53449,58308,63167,68026,72885,77744,82603,87462,92321,97180,table-of-4859,4858,/table-of-4858,4857,/table-of-4857,4856,/table-of-4856
4860,9720,14580,19440,24300,29160,34020,38880,43740,48600,53460,58320,63180,68040,72900,77760,82620,87480,92340,97200,table-of-4860,4859,/table-of-4859,4858,/table-of-4858,4857,/table-of-4857
4861,9722,14583,19444,24305,29166,34027,38888,43749,48610,53471,58332,63193,68054,72915,77776,82637,87498,92359,97220,table-of-4861,4860,/table-of-4860,4859,/table-of-4859,4858,/table-of-4858
4862,9724,14586,19448,24310,29172,34034,38896,43758,48620,53482,58344,63206,68068,72930,77792,82654,87516,92378,97240,table-of-4862,4861,/table-of-4861,4860,/table-of-4860,4859,/table-of-4859
4863,9726,14589,19452,24315,29178,34041,38904,43767,48630,53493,58356,63219,68082,72945,77808,82671,87534,92397,97260,table-of-4863,4862,/table-of-4862,4861,/table-of-4861,4860,/table-of-4860
4864,9728,14592,19456,24320,29184,34048,38912,43776,48640,53504,58368,63232,68096,72960,77824,82688,87552,92416,97280,table-of-4864,4863,/table-of-4863,4862,/table-of-4862,4861,/table-of-4861
4865,9730,14595,19460,24325,29190,34055,38920,43785,48650,53515,58380,63245,68110,72975,77840,82705,87570,92435,97300,table-of-4865,4864,/table-of-4864,4863,/table-of-4863,4862,/table-of-4862
4866,9732,14598,19464,24330,29196,34062,38928,43794,48660,53526,58392,63258,68124,72990,77856,82722,87588,92454,97320,table-of-4866,4865,/table-of-4865,4864,/table-of-4864,4863,/table-of-4863
4867,9734,14601,19468,24335,29202,34069,38936,43803,48670,53537,58404,63271,68138,73005,77872,82739,87606,92473,97340,table-of-4867,4866,/table-of-4866,4865,/table-of-4865,4864,/table-of-4864
4868,9736,14604,19472,24340,29208,34076,38944,43812,48680,53548,58416,63284,68152,73020,77888,82756,87624,92492,97360,table-of-4868,4867,/table-of-4867,4866,/table-of-4866,4865,/table-of-4865
4869,9738,14607,19476,24345,29214,34083,38952,43821,48690,53559,58428,63297,68166,73035,77904,82773,87642,92511,97380,table-of-4869,4868,/table-of-4868,4867,/table-of-4867,4866,/table-of-4866
4870,9740,14610,19480,24350,29220,34090,38960,43830,48700,53570,58440,63310,68180,73050,77920,82790,87660,92530,97400,table-of-4870,4869,/table-of-4869,4868,/table-of-4868,4867,/table-of-4867
4871,9742,14613,19484,24355,29226,34097,38968,43839,48710,53581,58452,63323,68194,73065,77936,82807,87678,92549,97420,table-of-4871,4870,/table-of-4870,4869,/table-of-4869,4868,/table-of-4868
4872,9744,14616,19488,24360,29232,34104,38976,43848,48720,53592,58464,63336,68208,73080,77952,82824,87696,92568,97440,table-of-4872,4871,/table-of-4871,4870,/table-of-4870,4869,/table-of-4869
4873,9746,14619,19492,24365,29238,34111,38984,43857,48730,53603,58476,63349,68222,73095,77968,82841,87714,92587,97460,table-of-4873,4872,/table-of-4872,4871,/table-of-4871,4870,/table-of-4870
4874,9748,14622,19496,24370,29244,34118,38992,43866,48740,53614,58488,63362,68236,73110,77984,82858,87732,92606,97480,table-of-4874,4873,/table-of-4873,4872,/table-of-4872,4871,/table-of-4871
4875,9750,14625,19500,24375,29250,34125,39000,43875,48750,53625,58500,63375,68250,73125,78000,82875,87750,92625,97500,table-of-4875,4874,/table-of-4874,4873,/table-of-4873,4872,/table-of-4872
4876,9752,14628,19504,24380,29256,34132,39008,43884,48760,53636,58512,63388,68264,73140,78016,82892,87768,92644,97520,table-of-4876,4875,/table-of-4875,4874,/table-of-4874,4873,/table-of-4873
4877,9754,14631,19508,24385,29262,34139,39016,43893,48770,53647,58524,63401,68278,73155,78032,82909,87786,92663,97540,table-of-4877,4876,/table-of-4876,4875,/table-of-4875,4874,/table-of-4874
4878,9756,14634,19512,24390,29268,34146,39024,43902,48780,53658,58536,63414,68292,73170,78048,82926,87804,92682,97560,table-of-4878,4877,/table-of-4877,4876,/table-of-4876,4875,/table-of-4875
4879,9758,14637,19516,24395,29274,34153,39032,43911,48790,53669,58548,63427,68306,73185,78064,82943,87822,92701,97580,table-of-4879,4878,/table-of-4878,4877,/table-of-4877,4876,/table-of-4876
4880,9760,14640,19520,24400,29280,34160,39040,43920,48800,53680,58560,63440,68320,73200,78080,82960,87840,92720,97600,table-of-4880,4879,/table-of-4879,4878,/table-of-4878,4877,/table-of-4877
4881,9762,14643,19524,24405,29286,34167,39048,43929,48810,53691,58572,63453,68334,73215,78096,82977,87858,92739,97620,table-of-4881,4880,/table-of-4880,4879,/table-of-4879,4878,/table-of-4878
4882,9764,14646,19528,24410,29292,34174,39056,43938,48820,53702,58584,63466,68348,73230,78112,82994,87876,92758,97640,table-of-4882,4881,/table-of-4881,4880,/table-of-4880,4879,/table-of-4879
4883,9766,14649,19532,24415,29298,34181,39064,43947,48830,53713,58596,63479,68362,73245,78128,83011,87894,92777,97660,table-of-4883,4882,/table-of-4882,4881,/table-of-4881,4880,/table-of-4880
4884,9768,14652,19536,24420,29304,34188,39072,43956,48840,53724,58608,63492,68376,73260,78144,83028,87912,92796,97680,table-of-4884,4883,/table-of-4883,4882,/table-of-4882,4881,/table-of-4881
4885,9770,14655,19540,24425,29310,34195,39080,43965,48850,53735,58620,63505,68390,73275,78160,83045,87930,92815,97700,table-of-4885,4884,/table-of-4884,4883,/table-of-4883,4882,/table-of-4882
4886,9772,14658,19544,24430,29316,34202,39088,43974,48860,53746,58632,63518,68404,73290,78176,83062,87948,92834,97720,table-of-4886,4885,/table-of-4885,4884,/table-of-4884,4883,/table-of-4883
4887,9774,14661,19548,24435,29322,34209,39096,43983,48870,53757,58644,63531,68418,73305,78192,83079,87966,92853,97740,table-of-4887,4886,/table-of-4886,4885,/table-of-4885,4884,/table-of-4884
4888,9776,14664,19552,24440,29328,34216,39104,43992,48880,53768,58656,63544,68432,73320,78208,83096,87984,92872,97760,table-of-4888,4887,/table-of-4887,4886,/table-of-4886,4885,/table-of-4885
4889,9778,14667,19556,24445,29334,34223,39112,44001,48890,53779,58668,63557,68446,73335,78224,83113,88002,92891,97780,table-of-4889,4888,/table-of-4888,4887,/table-of-4887,4886,/table-of-4886
4890,9780,14670,19560,24450,29340,34230,39120,44010,48900,53790,58680,63570,68460,73350,78240,83130,88020,92910,97800,table-of-4890,4889,/table-of-4889,4888,/table-of-4888,4887,/table-of-4887
4891,9782,14673,19564,24455,29346,34237,39128,44019,48910,53801,58692,63583,68474,73365,78256,83147,88038,92929,97820,table-of-4891,4890,/table-of-4890,4889,/table-of-4889,4888,/table-of-4888
4892,9784,14676,19568,24460,29352,34244,39136,44028,48920,53812,58704,63596,68488,73380,78272,83164,88056,92948,97840,table-of-4892,4891,/table-of-4891,4890,/table-of-4890,4889,/table-of-4889
4893,9786,14679,19572,24465,29358,34251,39144,44037,48930,53823,58716,63609,68502,73395,78288,83181,88074,92967,97860,table-of-4893,4892,/table-of-4892,4891,/table-of-4891,4890,/table-of-4890
4894,9788,14682,19576,24470,29364,34258,39152,44046,48940,53834,58728,63622,68516,73410,78304,83198,88092,92986,97880,table-of-4894,4893,/table-of-4893,4892,/table-of-4892,4891,/table-of-4891
4895,9790,14685,19580,24475,29370,34265,39160,44055,48950,53845,58740,63635,68530,73425,78320,83215,88110,93005,97900,table-of-4895,4894,/table-of-4894,4893,/table-of-4893,4892,/table-of-4892
4896,9792,14688,19584,24480,29376,34272,39168,44064,48960,53856,58752,63648,68544,73440,78336,83232,88128,93024,97920,table-of-4896,4895,/table-of-4895,4894,/table-of-4894,4893,/table-of-4893
4897,9794,14691,19588,24485,29382,34279,39176,44073,48970,53867,58764,63661,68558,73455,78352,83249,88146,93043,97940,table-of-4897,4896,/table-of-4896,4895,/table-of-4895,4894,/table-of-4894
4898,9796,14694,19592,24490,29388,34286,39184,44082,48980,53878,58776,63674,68572,73470,78368,83266,88164,93062,97960,table-of-4898,4897,/table-of-4897,4896,/table-of-4896,4895,/table-of-4895
4899,9798,14697,19596,24495,29394,34293,39192,44091,48990,53889,58788,63687,68586,73485,78384,83283,88182,93081,97980,table-of-4899,4898,/table-of-4898,4897,/table-of-4897,4896,/table-of-4896
4900,9800,14700,19600,24500,29400,34300,39200,44100,49000,53900,58800,63700,68600,73500,78400,83300,88200,93100,98000,table-of-4900,4899,/table-of-4899,4898,/table-of-4898,4897,/table-of-4897
4901,9802,14703,19604,24505,29406,34307,39208,44109,49010,53911,58812,63713,68614,73515,78416,83317,88218,93119,98020,table-of-4901,4900,/table-of-4900,4899,/table-of-4899,4898,/table-of-4898
4902,9804,14706,19608,24510,29412,34314,39216,44118,49020,53922,58824,63726,68628,73530,78432,83334,88236,93138,98040,table-of-4902,4901,/table-of-4901,4900,/table-of-4900,4899,/table-of-4899
4903,9806,14709,19612,24515,29418,34321,39224,44127,49030,53933,58836,63739,68642,73545,78448,83351,88254,93157,98060,table-of-4903,4902,/table-of-4902,4901,/table-of-4901,4900,/table-of-4900
4904,9808,14712,19616,24520,29424,34328,39232,44136,49040,53944,58848,63752,68656,73560,78464,83368,88272,93176,98080,table-of-4904,4903,/table-of-4903,4902,/table-of-4902,4901,/table-of-4901
4905,9810,14715,19620,24525,29430,34335,39240,44145,49050,53955,58860,63765,68670,73575,78480,83385,88290,93195,98100,table-of-4905,4904,/table-of-4904,4903,/table-of-4903,4902,/table-of-4902
4906,9812,14718,19624,24530,29436,34342,39248,44154,49060,53966,58872,63778,68684,73590,78496,83402,88308,93214,98120,table-of-4906,4905,/table-of-4905,4904,/table-of-4904,4903,/table-of-4903
4907,9814,14721,19628,24535,29442,34349,39256,44163,49070,53977,58884,63791,68698,73605,78512,83419,88326,93233,98140,table-of-4907,4906,/table-of-4906,4905,/table-of-4905,4904,/table-of-4904
4908,9816,14724,19632,24540,29448,34356,39264,44172,49080,53988,58896,63804,68712,73620,78528,83436,88344,93252,98160,table-of-4908,4907,/table-of-4907,4906,/table-of-4906,4905,/table-of-4905
4909,9818,14727,19636,24545,29454,34363,39272,44181,49090,53999,58908,63817,68726,73635,78544,83453,88362,93271,98180,table-of-4909,4908,/table-of-4908,4907,/table-of-4907,4906,/table-of-4906
4910,9820,14730,19640,24550,29460,34370,39280,44190,49100,54010,58920,63830,68740,73650,78560,83470,88380,93290,98200,table-of-4910,4909,/table-of-4909,4908,/table-of-4908,4907,/table-of-4907
4911,9822,14733,19644,24555,29466,34377,39288,44199,49110,54021,58932,63843,68754,73665,78576,83487,88398,93309,98220,table-of-4911,4910,/table-of-4910,4909,/table-of-4909,4908,/table-of-4908
4912,9824,14736,19648,24560,29472,34384,39296,44208,49120,54032,58944,63856,68768,73680,78592,83504,88416,93328,98240,table-of-4912,4911,/table-of-4911,4910,/table-of-4910,4909,/table-of-4909
4913,9826,14739,19652,24565,29478,34391,39304,44217,49130,54043,58956,63869,68782,73695,78608,83521,88434,93347,98260,table-of-4913,4912,/table-of-4912,4911,/table-of-4911,4910,/table-of-4910
4914,9828,14742,19656,24570,29484,34398,39312,44226,49140,54054,58968,63882,68796,73710,78624,83538,88452,93366,98280,table-of-4914,4913,/table-of-4913,4912,/table-of-4912,4911,/table-of-4911
4915,9830,14745,19660,24575,29490,34405,39320,44235,49150,54065,58980,63895,68810,73725,78640,83555,88470,93385,98300,table-of-4915,4914,/table-of-4914,4913,/table-of-4913,4912,/table-of-4912
4916,9832,14748,19664,24580,29496,34412,39328,44244,49160,54076,58992,63908,68824,73740,78656,83572,88488,93404,98320,table-of-4916,4915,/table-of-4915,4914,/table-of-4914,4913,/table-of-4913
4917,9834,14751,19668,24585,29502,34419,39336,44253,49170,54087,59004,63921,68838,73755,78672,83589,88506,93423,98340,table-of-4917,4916,/table-of-4916,4915,/table-of-4915,4914,/table-of-4914
4918,9836,14754,19672,24590,29508,34426,39344,44262,49180,54098,59016,63934,68852,73770,78688,83606,88524,93442,98360,table-of-4918,4917,/table-of-4917,4916,/table-of-4916,4915,/table-of-4915
4919,9838,14757,19676,24595,29514,34433,39352,44271,49190,54109,59028,63947,68866,73785,78704,83623,88542,93461,98380,table-of-4919,4918,/table-of-4918,4917,/table-of-4917,4916,/table-of-4916
4920,9840,14760,19680,24600,29520,34440,39360,44280,49200,54120,59040,63960,68880,73800,78720,83640,88560,93480,98400,table-of-4920,4919,/table-of-4919,4918,/table-of-4918,4917,/table-of-4917
4921,9842,14763,19684,24605,29526,34447,39368,44289,49210,54131,59052,63973,68894,73815,78736,83657,88578,93499,98420,table-of-4921,4920,/table-of-4920,4919,/table-of-4919,4918,/table-of-4918
4922,9844,14766,19688,24610,29532,34454,39376,44298,49220,54142,59064,63986,68908,73830,78752,83674,88596,93518,98440,table-of-4922,4921,/table-of-4921,4920,/table-of-4920,4919,/table-of-4919
4923,9846,14769,19692,24615,29538,34461,39384,44307,49230,54153,59076,63999,68922,73845,78768,83691,88614,93537,98460,table-of-4923,4922,/table-of-4922,4921,/table-of-4921,4920,/table-of-4920
4924,9848,14772,19696,24620,29544,34468,39392,44316,49240,54164,59088,64012,68936,73860,78784,83708,88632,93556,98480,table-of-4924,4923,/table-of-4923,4922,/table-of-4922,4921,/table-of-4921
4925,9850,14775,19700,24625,29550,34475,39400,44325,49250,54175,59100,64025,68950,73875,78800,83725,88650,93575,98500,table-of-4925,4924,/table-of-4924,4923,/table-of-4923,4922,/table-of-4922
4926,9852,14778,19704,24630,29556,34482,39408,44334,49260,54186,59112,64038,68964,73890,78816,83742,88668,93594,98520,table-of-4926,4925,/table-of-4925,4924,/table-of-4924,4923,/table-of-4923
4927,9854,14781,19708,24635,29562,34489,39416,44343,49270,54197,59124,64051,68978,73905,78832,83759,88686,93613,98540,table-of-4927,4926,/table-of-4926,4925,/table-of-4925,4924,/table-of-4924
4928,9856,14784,19712,24640,29568,34496,39424,44352,49280,54208,59136,64064,68992,73920,78848,83776,88704,93632,98560,table-of-4928,4927,/table-of-4927,4926,/table-of-4926,4925,/table-of-4925
4929,9858,14787,19716,24645,29574,34503,39432,44361,49290,54219,59148,64077,69006,73935,78864,83793,88722,93651,98580,table-of-4929,4928,/table-of-4928,4927,/table-of-4927,4926,/table-of-4926
4930,9860,14790,19720,24650,29580,34510,39440,44370,49300,54230,59160,64090,69020,73950,78880,83810,88740,93670,98600,table-of-4930,4929,/table-of-4929,4928,/table-of-4928,4927,/table-of-4927
4931,9862,14793,19724,24655,29586,34517,39448,44379,49310,54241,59172,64103,69034,73965,78896,83827,88758,93689,98620,table-of-4931,4930,/table-of-4930,4929,/table-of-4929,4928,/table-of-4928
4932,9864,14796,19728,24660,29592,34524,39456,44388,49320,54252,59184,64116,69048,73980,78912,83844,88776,93708,98640,table-of-4932,4931,/table-of-4931,4930,/table-of-4930,4929,/table-of-4929
4933,9866,14799,19732,24665,29598,34531,39464,44397,49330,54263,59196,64129,69062,73995,78928,83861,88794,93727,98660,table-of-4933,4932,/table-of-4932,4931,/table-of-4931,4930,/table-of-4930
4934,9868,14802,19736,24670,29604,34538,39472,44406,49340,54274,59208,64142,69076,74010,78944,83878,88812,93746,98680,table-of-4934,4933,/table-of-4933,4932,/table-of-4932,4931,/table-of-4931
4935,9870,14805,19740,24675,29610,34545,39480,44415,49350,54285,59220,64155,69090,74025,78960,83895,88830,93765,98700,table-of-4935,4934,/table-of-4934,4933,/table-of-4933,4932,/table-of-4932
4936,9872,14808,19744,24680,29616,34552,39488,44424,49360,54296,59232,64168,69104,74040,78976,83912,88848,93784,98720,table-of-4936,4935,/table-of-4935,4934,/table-of-4934,4933,/table-of-4933
4937,9874,14811,19748,24685,29622,34559,39496,44433,49370,54307,59244,64181,69118,74055,78992,83929,88866,93803,98740,table-of-4937,4936,/table-of-4936,4935,/table-of-4935,4934,/table-of-4934
4938,9876,14814,19752,24690,29628,34566,39504,44442,49380,54318,59256,64194,69132,74070,79008,83946,88884,93822,98760,table-of-4938,4937,/table-of-4937,4936,/table-of-4936,4935,/table-of-4935
4939,9878,14817,19756,24695,29634,34573,39512,44451,49390,54329,59268,64207,69146,74085,79024,83963,88902,93841,98780,table-of-4939,4938,/table-of-4938,4937,/table-of-4937,4936,/table-of-4936
4940,9880,14820,19760,24700,29640,34580,39520,44460,49400,54340,59280,64220,69160,74100,79040,83980,88920,93860,98800,table-of-4940,4939,/table-of-4939,4938,/table-of-4938,4937,/table-of-4937
4941,9882,14823,19764,24705,29646,34587,39528,44469,49410,54351,59292,64233,69174,74115,79056,83997,88938,93879,98820,table-of-4941,4940,/table-of-4940,4939,/table-of-4939,4938,/table-of-4938
4942,9884,14826,19768,24710,29652,34594,39536,44478,49420,54362,59304,64246,69188,74130,79072,84014,88956,93898,98840,table-of-4942,4941,/table-of-4941,4940,/table-of-4940,4939,/table-of-4939
4943,9886,14829,19772,24715,29658,34601,39544,44487,49430,54373,59316,64259,69202,74145,79088,84031,88974,93917,98860,table-of-4943,4942,/table-of-4942,4941,/table-of-4941,4940,/table-of-4940
4944,9888,14832,19776,24720,29664,34608,39552,44496,49440,54384,59328,64272,69216,74160,79104,84048,88992,93936,98880,table-of-4944,4943,/table-of-4943,4942,/table-of-4942,4941,/table-of-4941
4945,9890,14835,19780,24725,29670,34615,39560,44505,49450,54395,59340,64285,69230,74175,79120,84065,89010,93955,98900,table-of-4945,4944,/table-of-4944,4943,/table-of-4943,4942,/table-of-4942
4946,9892,14838,19784,24730,29676,34622,39568,44514,49460,54406,59352,64298,69244,74190,79136,84082,89028,93974,98920,table-of-4946,4945,/table-of-4945,4944,/table-of-4944,4943,/table-of-4943
4947,9894,14841,19788,24735,29682,34629,39576,44523,49470,54417,59364,64311,69258,74205,79152,84099,89046,93993,98940,table-of-4947,4946,/table-of-4946,4945,/table-of-4945,4944,/table-of-4944
4948,9896,14844,19792,24740,29688,34636,39584,44532,49480,54428,59376,64324,69272,74220,79168,84116,89064,94012,98960,table-of-4948,4947,/table-of-4947,4946,/table-of-4946,4945,/table-of-4945
4949,9898,14847,19796,24745,29694,34643,39592,44541,49490,54439,59388,64337,69286,74235,79184,84133,89082,94031,98980,table-of-4949,4948,/table-of-4948,4947,/table-of-4947,4946,/table-of-4946
4950,9900,14850,19800,24750,29700,34650,39600,44550,49500,54450,59400,64350,69300,74250,79200,84150,89100,94050,99000,table-of-4950,4949,/table-of-4949,4948,/table-of-4948,4947,/table-of-4947
4951,9902,14853,19804,24755,29706,34657,39608,44559,49510,54461,59412,64363,69314,74265,79216,84167,89118,94069,99020,table-of-4951,4950,/table-of-4950,4949,/table-of-4949,4948,/table-of-4948
4952,9904,14856,19808,24760,29712,34664,39616,44568,49520,54472,59424,64376,69328,74280,79232,84184,89136,94088,99040,table-of-4952,4951,/table-of-4951,4950,/table-of-4950,4949,/table-of-4949
4953,9906,14859,19812,24765,29718,34671,39624,44577,49530,54483,59436,64389,69342,74295,79248,84201,89154,94107,99060,table-of-4953,4952,/table-of-4952,4951,/table-of-4951,4950,/table-of-4950
4954,9908,14862,19816,24770,29724,34678,39632,44586,49540,54494,59448,64402,69356,74310,79264,84218,89172,94126,99080,table-of-4954,4953,/table-of-4953,4952,/table-of-4952,4951,/table-of-4951
4955,9910,14865,19820,24775,29730,34685,39640,44595,49550,54505,59460,64415,69370,74325,79280,84235,89190,94145,99100,table-of-4955,4954,/table-of-4954,4953,/table-of-4953,4952,/table-of-4952
4956,9912,14868,19824,24780,29736,34692,39648,44604,49560,54516,59472,64428,69384,74340,79296,84252,89208,94164,99120,table-of-4956,4955,/table-of-4955,4954,/table-of-4954,4953,/table-of-4953
4957,9914,14871,19828,24785,29742,34699,39656,44613,49570,54527,59484,64441,69398,74355,79312,84269,89226,94183,99140,table-of-4957,4956,/table-of-4956,4955,/table-of-4955,4954,/table-of-4954
4958,9916,14874,19832,24790,29748,34706,39664,44622,49580,54538,59496,64454,69412,74370,79328,84286,89244,94202,99160,table-of-4958,4957,/table-of-4957,4956,/table-of-4956,4955,/table-of-4955
4959,9918,14877,19836,24795,29754,34713,39672,44631,49590,54549,59508,64467,69426,74385,79344,84303,89262,94221,99180,table-of-4959,4958,/table-of-4958,4957,/table-of-4957,4956,/table-of-4956
4960,9920,14880,19840,24800,29760,34720,39680,44640,49600,54560,59520,64480,69440,74400,79360,84320,89280,94240,99200,table-of-4960,4959,/table-of-4959,4958,/table-of-4958,4957,/table-of-4957
4961,9922,14883,19844,24805,29766,34727,39688,44649,49610,54571,59532,64493,69454,74415,79376,84337,89298,94259,99220,table-of-4961,4960,/table-of-4960,4959,/table-of-4959,4958,/table-of-4958
4962,9924,14886,19848,24810,29772,34734,39696,44658,49620,54582,59544,64506,69468,74430,79392,84354,89316,94278,99240,table-of-4962,4961,/table-of-4961,4960,/table-of-4960,4959,/table-of-4959
4963,9926,14889,19852,24815,29778,34741,39704,44667,49630,54593,59556,64519,69482,74445,79408,84371,89334,94297,99260,table-of-4963,4962,/table-of-4962,4961,/table-of-4961,4960,/table-of-4960
4964,9928,14892,19856,24820,29784,34748,39712,44676,49640,54604,59568,64532,69496,74460,79424,84388,89352,94316,99280,table-of-4964,4963,/table-of-4963,4962,/table-of-4962,4961,/table-of-4961
4965,9930,14895,19860,24825,29790,34755,39720,44685,49650,54615,59580,64545,69510,74475,79440,84405,89370,94335,99300,table-of-4965,4964,/table-of-4964,4963,/table-of-4963,4962,/table-of-4962
4966,9932,14898,19864,24830,29796,34762,39728,44694,49660,54626,59592,64558,69524,74490,79456,84422,89388,94354,99320,table-of-4966,4965,/table-of-4965,4964,/table-of-4964,4963,/table-of-4963
4967,9934,14901,19868,24835,29802,34769,39736,44703,49670,54637,59604,64571,69538,74505,79472,84439,89406,94373,99340,table-of-4967,4966,/table-of-4966,4965,/table-of-4965,4964,/table-of-4964
4968,9936,14904,19872,24840,29808,34776,39744,44712,49680,54648,59616,64584,69552,74520,79488,84456,89424,94392,99360,table-of-4968,4967,/table-of-4967,4966,/table-of-4966,4965,/table-of-4965
4969,9938,14907,19876,24845,29814,34783,39752,44721,49690,54659,59628,64597,69566,74535,79504,84473,89442,94411,99380,table-of-4969,4968,/table-of-4968,4967,/table-of-4967,4966,/table-of-4966
4970,9940,14910,19880,24850,29820,34790,39760,44730,49700,54670,59640,64610,69580,74550,79520,84490,89460,94430,99400,table-of-4970,4969,/table-of-4969,4968,/table-of-4968,4967,/table-of-4967
4971,9942,14913,19884,24855,29826,34797,39768,44739,49710,54681,59652,64623,69594,74565,79536,84507,89478,94449,99420,table-of-4971,4970,/table-of-4970,4969,/table-of-4969,4968,/table-of-4968
4972,9944,14916,19888,24860,29832,34804,39776,44748,49720,54692,59664,64636,69608,74580,79552,84524,89496,94468,99440,table-of-4972,4971,/table-of-4971,4970,/table-of-4970,4969,/table-of-4969
4973,9946,14919,19892,24865,29838,34811,39784,44757,49730,54703,59676,64649,69622,74595,79568,84541,89514,94487,99460,table-of-4973,4972,/table-of-4972,4971,/table-of-4971,4970,/table-of-4970
4974,9948,14922,19896,24870,29844,34818,39792,44766,49740,54714,59688,64662,69636,74610,79584,84558,89532,94506,99480,table-of-4974,4973,/table-of-4973,4972,/table-of-4972,4971,/table-of-4971
4975,9950,14925,19900,24875,29850,34825,39800,44775,49750,54725,59700,64675,69650,74625,79600,84575,89550,94525,99500,table-of-4975,4974,/table-of-4974,4973,/table-of-4973,4972,/table-of-4972
4976,9952,14928,19904,24880,29856,34832,39808,44784,49760,54736,59712,64688,69664,74640,79616,84592,89568,94544,99520,table-of-4976,4975,/table-of-4975,4974,/table-of-4974,4973,/table-of-4973
4977,9954,14931,19908,24885,29862,34839,39816,44793,49770,54747,59724,64701,69678,74655,79632,84609,89586,94563,99540,table-of-4977,4976,/table-of-4976,4975,/table-of-4975,4974,/table-of-4974
4978,9956,14934,19912,24890,29868,34846,39824,44802,49780,54758,59736,64714,69692,74670,79648,84626,89604,94582,99560,table-of-4978,4977,/table-of-4977,4976,/table-of-4976,4975,/table-of-4975
4979,9958,14937,19916,24895,29874,34853,39832,44811,49790,54769,59748,64727,69706,74685,79664,84643,89622,94601,99580,table-of-4979,4978,/table-of-4978,4977,/table-of-4977,4976,/table-of-4976
4980,9960,14940,19920,24900,29880,34860,39840,44820,49800,54780,59760,64740,69720,74700,79680,84660,89640,94620,99600,table-of-4980,4979,/table-of-4979,4978,/table-of-4978,4977,/table-of-4977
4981,9962,14943,19924,24905,29886,34867,39848,44829,49810,54791,59772,64753,69734,74715,79696,84677,89658,94639,99620,table-of-4981,4980,/table-of-4980,4979,/table-of-4979,4978,/table-of-4978
4982,9964,14946,19928,24910,29892,34874,39856,44838,49820,54802,59784,64766,69748,74730,79712,84694,89676,94658,99640,table-of-4982,4981,/table-of-4981,4980,/table-of-4980,4979,/table-of-4979
4983,9966,14949,19932,24915,29898,34881,39864,44847,49830,54813,59796,64779,69762,74745,79728,84711,89694,94677,99660,table-of-4983,4982,/table-of-4982,4981,/table-of-4981,4980,/table-of-4980
4984,9968,14952,19936,24920,29904,34888,39872,44856,49840,54824,59808,64792,69776,74760,79744,84728,89712,94696,99680,table-of-4984,4983,/table-of-4983,4982,/table-of-4982,4981,/table-of-4981
4985,9970,14955,19940,24925,29910,34895,39880,44865,49850,54835,59820,64805,69790,74775,79760,84745,89730,94715,99700,table-of-4985,4984,/table-of-4984,4983,/table-of-4983,4982,/table-of-4982
4986,9972,14958,19944,24930,29916,34902,39888,44874,49860,54846,59832,64818,69804,74790,79776,84762,89748,94734,99720,table-of-4986,4985,/table-of-4985,4984,/table-of-4984,4983,/table-of-4983
4987,9974,14961,19948,24935,29922,34909,39896,44883,49870,54857,59844,64831,69818,74805,79792,84779,89766,94753,99740,table-of-4987,4986,/table-of-4986,4985,/table-of-4985,4984,/table-of-4984
4988,9976,14964,19952,24940,29928,34916,39904,44892,49880,54868,59856,64844,69832,74820,79808,84796,89784,94772,99760,table-of-4988,4987,/table-of-4987,4986,/table-of-4986,4985,/table-of-4985
4989,9978,14967,19956,24945,29934,34923,39912,44901,49890,54879,59868,64857,69846,74835,79824,84813,89802,94791,99780,table-of-4989,4988,/table-of-4988,4987,/table-of-4987,4986,/table-of-4986
4990,9980,14970,19960,24950,29940,34930,39920,44910,49900,54890,59880,64870,69860,74850,79840,84830,89820,94810,99800,table-of-4990,4989,/table-of-4989,4988,/table-of-4988,4987,/table-of-4987
4991,9982,14973,19964,24955,29946,34937,39928,44919,49910,54901,59892,64883,69874,74865,79856,84847,89838,94829,99820,table-of-4991,4990,/table-of-4990,4989,/table-of-4989,4988,/table-of-4988
4992,9984,14976,19968,24960,29952,34944,39936,44928,49920,54912,59904,64896,69888,74880,79872,84864,89856,94848,99840,table-of-4992,4991,/table-of-4991,4990,/table-of-4990,4989,/table-of-4989
4993,9986,14979,19972,24965,29958,34951,39944,44937,49930,54923,59916,64909,69902,74895,79888,84881,89874,94867,99860,table-of-4993,4992,/table-of-4992,4991,/table-of-4991,4990,/table-of-4990
4994,9988,14982,19976,24970,29964,34958,39952,44946,49940,54934,59928,64922,69916,74910,79904,84898,89892,94886,99880,table-of-4994,4993,/table-of-4993,4992,/table-of-4992,4991,/table-of-4991
4995,9990,14985,19980,24975,29970,34965,39960,44955,49950,54945,59940,64935,69930,74925,79920,84915,89910,94905,99900,table-of-4995,4994,/table-of-4994,4993,/table-of-4993,4992,/table-of-4992
4996,9992,14988,19984,24980,29976,34972,39968,44964,49960,54956,59952,64948,69944,74940,79936,84932,89928,94924,99920,table-of-4996,4995,/table-of-4995,4994,/table-of-4994,4993,/table-of-4993
4997,9994,14991,19988,24985,29982,34979,39976,44973,49970,54967,59964,64961,69958,74955,79952,84949,89946,94943,99940,table-of-4997,4996,/table-of-4996,4995,/table-of-4995,4994,/table-of-4994
4998,9996,14994,19992,24990,29988,34986,39984,44982,49980,54978,59976,64974,69972,74970,79968,84966,89964,94962,99960,table-of-4998,4997,/table-of-4997,4996,/table-of-4996,4995,/table-of-4995
4999,9998,14997,19996,24995,29994,34993,39992,44991,49990,54989,59988,64987,69986,74985,79984,84983,89982,94981,99980,table-of-4999,4998,/table-of-4998,4997,/table-of-4997,4996,/table-of-4996
5000,10000,15000,20000,25000,30000,35000,40000,45000,50000,55000,60000,65000,70000,75000,80000,85000,90000,95000,100000,table-of-5000,4999,/table-of-4999,4998,/table-of-4998,4997,/table-of-4997
5001,10002,15003,20004,25005,30006,35007,40008,45009,50010,55011,60012,65013,70014,75015,80016,85017,90018,95019,100020,table-of-5001,5000,/table-of-5000,4999,/table-of-4999,4998,/table-of-4998
5002,10004,15006,20008,25010,30012,35014,40016,45018,50020,55022,60024,65026,70028,75030,80032,85034,90036,95038,100040,table-of-5002,5001,/table-of-5001,5000,/table-of-5000,4999,/table-of-4999
5003,10006,15009,20012,25015,30018,35021,40024,45027,50030,55033,60036,65039,70042,75045,80048,85051,90054,95057,100060,table-of-5003,5002,/table-of-5002,5001,/table-of-5001,5000,/table-of-5000
5004,10008,15012,20016,25020,30024,35028,40032,45036,50040,55044,60048,65052,70056,75060,80064,85068,90072,95076,100080,table-of-5004,5003,/table-of-5003,5002,/table-of-5002,5001,/table-of-5001
5005,10010,15015,20020,25025,30030,35035,40040,45045,50050,55055,60060,65065,70070,75075,80080,85085,90090,95095,100100,table-of-5005,5004,/table-of-5004,5003,/table-of-5003,5002,/table-of-5002
5006,10012,15018,20024,25030,30036,35042,40048,45054,50060,55066,60072,65078,70084,75090,80096,85102,90108,95114,100120,table-of-5006,5005,/table-of-5005,5004,/table-of-5004,5003,/table-of-5003
5007,10014,15021,20028,25035,30042,35049,40056,45063,50070,55077,60084,65091,70098,75105,80112,85119,90126,95133,100140,table-of-5007,5006,/table-of-5006,5005,/table-of-5005,5004,/table-of-5004
5008,10016,15024,20032,25040,30048,35056,40064,45072,50080,55088,60096,65104,70112,75120,80128,85136,90144,95152,100160,table-of-5008,5007,/table-of-5007,5006,/table-of-5006,5005,/table-of-5005
5009,10018,15027,20036,25045,30054,35063,40072,45081,50090,55099,60108,65117,70126,75135,80144,85153,90162,95171,100180,table-of-5009,5008,/table-of-5008,5007,/table-of-5007,5006,/table-of-5006
5010,10020,15030,20040,25050,30060,35070,40080,45090,50100,55110,60120,65130,70140,75150,80160,85170,90180,95190,100200,table-of-5010,5009,/table-of-5009,5008,/table-of-5008,5007,/table-of-5007
5011,10022,15033,20044,25055,30066,35077,40088,45099,50110,55121,60132,65143,70154,75165,80176,85187,90198,95209,100220,table-of-5011,5010,/table-of-5010,5009,/table-of-5009,5008,/table-of-5008
5012,10024,15036,20048,25060,30072,35084,40096,45108,50120,55132,60144,65156,70168,75180,80192,85204,90216,95228,100240,table-of-5012,5011,/table-of-5011,5010,/table-of-5010,5009,/table-of-5009
5013,10026,15039,20052,25065,30078,35091,40104,45117,50130,55143,60156,65169,70182,75195,80208,85221,90234,95247,100260,table-of-5013,5012,/table-of-5012,5011,/table-of-5011,5010,/table-of-5010
5014,10028,15042,20056,25070,30084,35098,40112,45126,50140,55154,60168,65182,70196,75210,80224,85238,90252,95266,100280,table-of-5014,5013,/table-of-5013,5012,/table-of-5012,5011,/table-of-5011
5015,10030,15045,20060,25075,30090,35105,40120,45135,50150,55165,60180,65195,70210,75225,80240,85255,90270,95285,100300,table-of-5015,5014,/table-of-5014,5013,/table-of-5013,5012,/table-of-5012
5016,10032,15048,20064,25080,30096,35112,40128,45144,50160,55176,60192,65208,70224,75240,80256,85272,90288,95304,100320,table-of-5016,5015,/table-of-5015,5014,/table-of-5014,5013,/table-of-5013
5017,10034,15051,20068,25085,30102,35119,40136,45153,50170,55187,60204,65221,70238,75255,80272,85289,90306,95323,100340,table-of-5017,5016,/table-of-5016,5015,/table-of-5015,5014,/table-of-5014
5018,10036,15054,20072,25090,30108,35126,40144,45162,50180,55198,60216,65234,70252,75270,80288,85306,90324,95342,100360,table-of-5018,5017,/table-of-5017,5016,/table-of-5016,5015,/table-of-5015
5019,10038,15057,20076,25095,30114,35133,40152,45171,50190,55209,60228,65247,70266,75285,80304,85323,90342,95361,100380,table-of-5019,5018,/table-of-5018,5017,/table-of-5017,5016,/table-of-5016
5020,10040,15060,20080,25100,30120,35140,40160,45180,50200,55220,60240,65260,70280,75300,80320,85340,90360,95380,100400,table-of-5020,5019,/table-of-5019,5018,/table-of-5018,5017,/table-of-5017
5021,10042,15063,20084,25105,30126,35147,40168,45189,50210,55231,60252,65273,70294,75315,80336,85357,90378,95399,100420,table-of-5021,5020,/table-of-5020,5019,/table-of-5019,5018,/table-of-5018
5022,10044,15066,20088,25110,30132,35154,40176,45198,50220,55242,60264,65286,70308,75330,80352,85374,90396,95418,100440,table-of-5022,5021,/table-of-5021,5020,/table-of-5020,5019,/table-of-5019
5023,10046,15069,20092,25115,30138,35161,40184,45207,50230,55253,60276,65299,70322,75345,80368,85391,90414,95437,100460,table-of-5023,5022,/table-of-5022,5021,/table-of-5021,5020,/table-of-5020
5024,10048,15072,20096,25120,30144,35168,40192,45216,50240,55264,60288,65312,70336,75360,80384,85408,90432,95456,100480,table-of-5024,5023,/table-of-5023,5022,/table-of-5022,5021,/table-of-5021
5025,10050,15075,20100,25125,30150,35175,40200,45225,50250,55275,60300,65325,70350,75375,80400,85425,90450,95475,100500,table-of-5025,5024,/table-of-5024,5023,/table-of-5023,5022,/table-of-5022
5026,10052,15078,20104,25130,30156,35182,40208,45234,50260,55286,60312,65338,70364,75390,80416,85442,90468,95494,100520,table-of-5026,5025,/table-of-5025,5024,/table-of-5024,5023,/table-of-5023
5027,10054,15081,20108,25135,30162,35189,40216,45243,50270,55297,60324,65351,70378,75405,80432,85459,90486,95513,100540,table-of-5027,5026,/table-of-5026,5025,/table-of-5025,5024,/table-of-5024
5028,10056,15084,20112,25140,30168,35196,40224,45252,50280,55308,60336,65364,70392,75420,80448,85476,90504,95532,100560,table-of-5028,5027,/table-of-5027,5026,/table-of-5026,5025,/table-of-5025
5029,10058,15087,20116,25145,30174,35203,40232,45261,50290,55319,60348,65377,70406,75435,80464,85493,90522,95551,100580,table-of-5029,5028,/table-of-5028,5027,/table-of-5027,5026,/table-of-5026
5030,10060,15090,20120,25150,30180,35210,40240,45270,50300,55330,60360,65390,70420,75450,80480,85510,90540,95570,100600,table-of-5030,5029,/table-of-5029,5028,/table-of-5028,5027,/table-of-5027
5031,10062,15093,20124,25155,30186,35217,40248,45279,50310,55341,60372,65403,70434,75465,80496,85527,90558,95589,100620,table-of-5031,5030,/table-of-5030,5029,/table-of-5029,5028,/table-of-5028
5032,10064,15096,20128,25160,30192,35224,40256,45288,50320,55352,60384,65416,70448,75480,80512,85544,90576,95608,100640,table-of-5032,5031,/table-of-5031,5030,/table-of-5030,5029,/table-of-5029
5033,10066,15099,20132,25165,30198,35231,40264,45297,50330,55363,60396,65429,70462,75495,80528,85561,90594,95627,100660,table-of-5033,5032,/table-of-5032,5031,/table-of-5031,5030,/table-of-5030
5034,10068,15102,20136,25170,30204,35238,40272,45306,50340,55374,60408,65442,70476,75510,80544,85578,90612,95646,100680,table-of-5034,5033,/table-of-5033,5032,/table-of-5032,5031,/table-of-5031
5035,10070,15105,20140,25175,30210,35245,40280,45315,50350,55385,60420,65455,70490,75525,80560,85595,90630,95665,100700,table-of-5035,5034,/table-of-5034,5033,/table-of-5033,5032,/table-of-5032
5036,10072,15108,20144,25180,30216,35252,40288,45324,50360,55396,60432,65468,70504,75540,80576,85612,90648,95684,100720,table-of-5036,5035,/table-of-5035,5034,/table-of-5034,5033,/table-of-5033
5037,10074,15111,20148,25185,30222,35259,40296,45333,50370,55407,60444,65481,70518,75555,80592,85629,90666,95703,100740,table-of-5037,5036,/table-of-5036,5035,/table-of-5035,5034,/table-of-5034
5038,10076,15114,20152,25190,30228,35266,40304,45342,50380,55418,60456,65494,70532,75570,80608,85646,90684,95722,100760,table-of-5038,5037,/table-of-5037,5036,/table-of-5036,5035,/table-of-5035
5039,10078,15117,20156,25195,30234,35273,40312,45351,50390,55429,60468,65507,70546,75585,80624,85663,90702,95741,100780,table-of-5039,5038,/table-of-5038,5037,/table-of-5037,5036,/table-of-5036
5040,10080,15120,20160,25200,30240,35280,40320,45360,50400,55440,60480,65520,70560,75600,80640,85680,90720,95760,100800,table-of-5040,5039,/table-of-5039,5038,/table-of-5038,5037,/table-of-5037
5041,10082,15123,20164,25205,30246,35287,40328,45369,50410,55451,60492,65533,70574,75615,80656,85697,90738,95779,100820,table-of-5041,5040,/table-of-5040,5039,/table-of-5039,5038,/table-of-5038
5042,10084,15126,20168,25210,30252,35294,40336,45378,50420,55462,60504,65546,70588,75630,80672,85714,90756,95798,100840,table-of-5042,5041,/table-of-5041,5040,/table-of-5040,5039,/table-of-5039
5043,10086,15129,20172,25215,30258,35301,40344,45387,50430,55473,60516,65559,70602,75645,80688,85731,90774,95817,100860,table-of-5043,5042,/table-of-5042,5041,/table-of-5041,5040,/table-of-5040
5044,10088,15132,20176,25220,30264,35308,40352,45396,50440,55484,60528,65572,70616,75660,80704,85748,90792,95836,100880,table-of-5044,5043,/table-of-5043,5042,/table-of-5042,5041,/table-of-5041
5045,10090,15135,20180,25225,30270,35315,40360,45405,50450,55495,60540,65585,70630,75675,80720,85765,90810,95855,100900,table-of-5045,5044,/table-of-5044,5043,/table-of-5043,5042,/table-of-5042
5046,10092,15138,20184,25230,30276,35322,40368,45414,50460,55506,60552,65598,70644,75690,80736,85782,90828,95874,100920,table-of-5046,5045,/table-of-5045,5044,/table-of-5044,5043,/table-of-5043
5047,10094,15141,20188,25235,30282,35329,40376,45423,50470,55517,60564,65611,70658,75705,80752,85799,90846,95893,100940,table-of-5047,5046,/table-of-5046,5045,/table-of-5045,5044,/table-of-5044
5048,10096,15144,20192,25240,30288,35336,40384,45432,50480,55528,60576,65624,70672,75720,80768,85816,90864,95912,100960,table-of-5048,5047,/table-of-5047,5046,/table-of-5046,5045,/table-of-5045
5049,10098,15147,20196,25245,30294,35343,40392,45441,50490,55539,60588,65637,70686,75735,80784,85833,90882,95931,100980,table-of-5049,5048,/table-of-5048,5047,/table-of-5047,5046,/table-of-5046
5050,10100,15150,20200,25250,30300,35350,40400,45450,50500,55550,60600,65650,70700,75750,80800,85850,90900,95950,101000,table-of-5050,5049,/table-of-5049,5048,/table-of-5048,5047,/table-of-5047
5051,10102,15153,20204,25255,30306,35357,40408,45459,50510,55561,60612,65663,70714,75765,80816,85867,90918,95969,101020,table-of-5051,5050,/table-of-5050,5049,/table-of-5049,5048,/table-of-5048
5052,10104,15156,20208,25260,30312,35364,40416,45468,50520,55572,60624,65676,70728,75780,80832,85884,90936,95988,101040,table-of-5052,5051,/table-of-5051,5050,/table-of-5050,5049,/table-of-5049
5053,10106,15159,20212,25265,30318,35371,40424,45477,50530,55583,60636,65689,70742,75795,80848,85901,90954,96007,101060,table-of-5053,5052,/table-of-5052,5051,/table-of-5051,5050,/table-of-5050
5054,10108,15162,20216,25270,30324,35378,40432,45486,50540,55594,60648,65702,70756,75810,80864,85918,90972,96026,101080,table-of-5054,5053,/table-of-5053,5052,/table-of-5052,5051,/table-of-5051
5055,10110,15165,20220,25275,30330,35385,40440,45495,50550,55605,60660,65715,70770,75825,80880,85935,90990,96045,101100,table-of-5055,5054,/table-of-5054,5053,/table-of-5053,5052,/table-of-5052
5056,10112,15168,20224,25280,30336,35392,40448,45504,50560,55616,60672,65728,70784,75840,80896,85952,91008,96064,101120,table-of-5056,5055,/table-of-5055,5054,/table-of-5054,5053,/table-of-5053
5057,10114,15171,20228,25285,30342,35399,40456,45513,50570,55627,60684,65741,70798,75855,80912,85969,91026,96083,101140,table-of-5057,5056,/table-of-5056,5055,/table-of-5055,5054,/table-of-5054
5058,10116,15174,20232,25290,30348,35406,40464,45522,50580,55638,60696,65754,70812,75870,80928,85986,91044,96102,101160,table-of-5058,5057,/table-of-5057,5056,/table-of-5056,5055,/table-of-5055
5059,10118,15177,20236,25295,30354,35413,40472,45531,50590,55649,60708,65767,70826,75885,80944,86003,91062,96121,101180,table-of-5059,5058,/table-of-5058,5057,/table-of-5057,5056,/table-of-5056
5060,10120,15180,20240,25300,30360,35420,40480,45540,50600,55660,60720,65780,70840,75900,80960,86020,91080,96140,101200,table-of-5060,5059,/table-of-5059,5058,/table-of-5058,5057,/table-of-5057
5061,10122,15183,20244,25305,30366,35427,40488,45549,50610,55671,60732,65793,70854,75915,80976,86037,91098,96159,101220,table-of-5061,5060,/table-of-5060,5059,/table-of-5059,5058,/table-of-5058
5062,10124,15186,20248,25310,30372,35434,40496,45558,50620,55682,60744,65806,70868,75930,80992,86054,91116,96178,101240,table-of-5062,5061,/table-of-5061,5060,/table-of-5060,5059,/table-of-5059
5063,10126,15189,20252,25315,30378,35441,40504,45567,50630,55693,60756,65819,70882,75945,81008,86071,91134,96197,101260,table-of-5063,5062,/table-of-5062,5061,/table-of-5061,5060,/table-of-5060
5064,10128,15192,20256,25320,30384,35448,40512,45576,50640,55704,60768,65832,70896,75960,81024,86088,91152,96216,101280,table-of-5064,5063,/table-of-5063,5062,/table-of-5062,5061,/table-of-5061
5065,10130,15195,20260,25325,30390,35455,40520,45585,50650,55715,60780,65845,70910,75975,81040,86105,91170,96235,101300,table-of-5065,5064,/table-of-5064,5063,/table-of-5063,5062,/table-of-5062
5066,10132,15198,20264,25330,30396,35462,40528,45594,50660,55726,60792,65858,70924,75990,81056,86122,91188,96254,101320,table-of-5066,5065,/table-of-5065,5064,/table-of-5064,5063,/table-of-5063
5067,10134,15201,20268,25335,30402,35469,40536,45603,50670,55737,60804,65871,70938,76005,81072,86139,91206,96273,101340,table-of-5067,5066,/table-of-5066,5065,/table-of-5065,5064,/table-of-5064
5068,10136,15204,20272,25340,30408,35476,40544,45612,50680,55748,60816,65884,70952,76020,81088,86156,91224,96292,101360,table-of-5068,5067,/table-of-5067,5066,/table-of-5066,5065,/table-of-5065
5069,10138,15207,20276,25345,30414,35483,40552,45621,50690,55759,60828,65897,70966,76035,81104,86173,91242,96311,101380,table-of-5069,5068,/table-of-5068,5067,/table-of-5067,5066,/table-of-5066
5070,10140,15210,20280,25350,30420,35490,40560,45630,50700,55770,60840,65910,70980,76050,81120,86190,91260,96330,101400,table-of-5070,5069,/table-of-5069,5068,/table-of-5068,5067,/table-of-5067
5071,10142,15213,20284,25355,30426,35497,40568,45639,50710,55781,60852,65923,70994,76065,81136,86207,91278,96349,101420,table-of-5071,5070,/table-of-5070,5069,/table-of-5069,5068,/table-of-5068
5072,10144,15216,20288,25360,30432,35504,40576,45648,50720,55792,60864,65936,71008,76080,81152,86224,91296,96368,101440,table-of-5072,5071,/table-of-5071,5070,/table-of-5070,5069,/table-of-5069
5073,10146,15219,20292,25365,30438,35511,40584,45657,50730,55803,60876,65949,71022,76095,81168,86241,91314,96387,101460,table-of-5073,5072,/table-of-5072,5071,/table-of-5071,5070,/table-of-5070
5074,10148,15222,20296,25370,30444,35518,40592,45666,50740,55814,60888,65962,71036,76110,81184,86258,91332,96406,101480,table-of-5074,5073,/table-of-5073,5072,/table-of-5072,5071,/table-of-5071
5075,10150,15225,20300,25375,30450,35525,40600,45675,50750,55825,60900,65975,71050,76125,81200,86275,91350,96425,101500,table-of-5075,5074,/table-of-5074,5073,/table-of-5073,5072,/table-of-5072
5076,10152,15228,20304,25380,30456,35532,40608,45684,50760,55836,60912,65988,71064,76140,81216,86292,91368,96444,101520,table-of-5076,5075,/table-of-5075,5074,/table-of-5074,5073,/table-of-5073
5077,10154,15231,20308,25385,30462,35539,40616,45693,50770,55847,60924,66001,71078,76155,81232,86309,91386,96463,101540,table-of-5077,5076,/table-of-5076,5075,/table-of-5075,5074,/table-of-5074
5078,10156,15234,20312,25390,30468,35546,40624,45702,50780,55858,60936,66014,71092,76170,81248,86326,91404,96482,101560,table-of-5078,5077,/table-of-5077,5076,/table-of-5076,5075,/table-of-5075
5079,10158,15237,20316,25395,30474,35553,40632,45711,50790,55869,60948,66027,71106,76185,81264,86343,91422,96501,101580,table-of-5079,5078,/table-of-5078,5077,/table-of-5077,5076,/table-of-5076
5080,10160,15240,20320,25400,30480,35560,40640,45720,50800,55880,60960,66040,71120,76200,81280,86360,91440,96520,101600,table-of-5080,5079,/table-of-5079,5078,/table-of-5078,5077,/table-of-5077
5081,10162,15243,20324,25405,30486,35567,40648,45729,50810,55891,60972,66053,71134,76215,81296,86377,91458,96539,101620,table-of-5081,5080,/table-of-5080,5079,/table-of-5079,5078,/table-of-5078
5082,10164,15246,20328,25410,30492,35574,40656,45738,50820,55902,60984,66066,71148,76230,81312,86394,91476,96558,101640,table-of-5082,5081,/table-of-5081,5080,/table-of-5080,5079,/table-of-5079
5083,10166,15249,20332,25415,30498,35581,40664,45747,50830,55913,60996,66079,71162,76245,81328,86411,91494,96577,101660,table-of-5083,5082,/table-of-5082,5081,/table-of-5081,5080,/table-of-5080
5084,10168,15252,20336,25420,30504,35588,40672,45756,50840,55924,61008,66092,71176,76260,81344,86428,91512,96596,101680,table-of-5084,5083,/table-of-5083,5082,/table-of-5082,5081,/table-of-5081
5085,10170,15255,20340,25425,30510,35595,40680,45765,50850,55935,61020,66105,71190,76275,81360,86445,91530,96615,101700,table-of-5085,5084,/table-of-5084,5083,/table-of-5083,5082,/table-of-5082
5086,10172,15258,20344,25430,30516,35602,40688,45774,50860,55946,61032,66118,71204,76290,81376,86462,91548,96634,101720,table-of-5086,5085,/table-of-5085,5084,/table-of-5084,5083,/table-of-5083
5087,10174,15261,20348,25435,30522,35609,40696,45783,50870,55957,61044,66131,71218,76305,81392,86479,91566,96653,101740,table-of-5087,5086,/table-of-5086,5085,/table-of-5085,5084,/table-of-5084
5088,10176,15264,20352,25440,30528,35616,40704,45792,50880,55968,61056,66144,71232,76320,81408,86496,91584,96672,101760,table-of-5088,5087,/table-of-5087,5086,/table-of-5086,5085,/table-of-5085
5089,10178,15267,20356,25445,30534,35623,40712,45801,50890,55979,61068,66157,71246,76335,81424,86513,91602,96691,101780,table-of-5089,5088,/table-of-5088,5087,/table-of-5087,5086,/table-of-5086
5090,10180,15270,20360,25450,30540,35630,40720,45810,50900,55990,61080,66170,71260,76350,81440,86530,91620,96710,101800,table-of-5090,5089,/table-of-5089,5088,/table-of-5088,5087,/table-of-5087
5091,10182,15273,20364,25455,30546,35637,40728,45819,50910,56001,61092,66183,71274,76365,81456,86547,91638,96729,101820,table-of-5091,5090,/table-of-5090,5089,/table-of-5089,5088,/table-of-5088
5092,10184,15276,20368,25460,30552,35644,40736,45828,50920,56012,61104,66196,71288,76380,81472,86564,91656,96748,101840,table-of-5092,5091,/table-of-5091,5090,/table-of-5090,5089,/table-of-5089
5093,10186,15279,20372,25465,30558,35651,40744,45837,50930,56023,61116,66209,71302,76395,81488,86581,91674,96767,101860,table-of-5093,5092,/table-of-5092,5091,/table-of-5091,5090,/table-of-5090
5094,10188,15282,20376,25470,30564,35658,40752,45846,50940,56034,61128,66222,71316,76410,81504,86598,91692,96786,101880,table-of-5094,5093,/table-of-5093,5092,/table-of-5092,5091,/table-of-5091
5095,10190,15285,20380,25475,30570,35665,40760,45855,50950,56045,61140,66235,71330,76425,81520,86615,91710,96805,101900,table-of-5095,5094,/table-of-5094,5093,/table-of-5093,5092,/table-of-5092
5096,10192,15288,20384,25480,30576,35672,40768,45864,50960,56056,61152,66248,71344,76440,81536,86632,91728,96824,101920,table-of-5096,5095,/table-of-5095,5094,/table-of-5094,5093,/table-of-5093
5097,10194,15291,20388,25485,30582,35679,40776,45873,50970,56067,61164,66261,71358,76455,81552,86649,91746,96843,101940,table-of-5097,5096,/table-of-5096,5095,/table-of-5095,5094,/table-of-5094
5098,10196,15294,20392,25490,30588,35686,40784,45882,50980,56078,61176,66274,71372,76470,81568,86666,91764,96862,101960,table-of-5098,5097,/table-of-5097,5096,/table-of-5096,5095,/table-of-5095
5099,10198,15297,20396,25495,30594,35693,40792,45891,50990,56089,61188,66287,71386,76485,81584,86683,91782,96881,101980,table-of-5099,5098,/table-of-5098,5097,/table-of-5097,5096,/table-of-5096
5100,10200,15300,20400,25500,30600,35700,40800,45900,51000,56100,61200,66300,71400,76500,81600,86700,91800,96900,102000,table-of-5100,5099,/table-of-5099,5098,/table-of-5098,5097,/table-of-5097
5101,10202,15303,20404,25505,30606,35707,40808,45909,51010,56111,61212,66313,71414,76515,81616,86717,91818,96919,102020,table-of-5101,5100,/table-of-5100,5099,/table-of-5099,5098,/table-of-5098
5102,10204,15306,20408,25510,30612,35714,40816,45918,51020,56122,61224,66326,71428,76530,81632,86734,91836,96938,102040,table-of-5102,5101,/table-of-5101,5100,/table-of-5100,5099,/table-of-5099
5103,10206,15309,20412,25515,30618,35721,40824,45927,51030,56133,61236,66339,71442,76545,81648,86751,91854,96957,102060,table-of-5103,5102,/table-of-5102,5101,/table-of-5101,5100,/table-of-5100
5104,10208,15312,20416,25520,30624,35728,40832,45936,51040,56144,61248,66352,71456,76560,81664,86768,91872,96976,102080,table-of-5104,5103,/table-of-5103,5102,/table-of-5102,5101,/table-of-5101
5105,10210,15315,20420,25525,30630,35735,40840,45945,51050,56155,61260,66365,71470,76575,81680,86785,91890,96995,102100,table-of-5105,5104,/table-of-5104,5103,/table-of-5103,5102,/table-of-5102
5106,10212,15318,20424,25530,30636,35742,40848,45954,51060,56166,61272,66378,71484,76590,81696,86802,91908,97014,102120,table-of-5106,5105,/table-of-5105,5104,/table-of-5104,5103,/table-of-5103
5107,10214,15321,20428,25535,30642,35749,40856,45963,51070,56177,61284,66391,71498,76605,81712,86819,91926,97033,102140,table-of-5107,5106,/table-of-5106,5105,/table-of-5105,5104,/table-of-5104
5108,10216,15324,20432,25540,30648,35756,40864,45972,51080,56188,61296,66404,71512,76620,81728,86836,91944,97052,102160,table-of-5108,5107,/table-of-5107,5106,/table-of-5106,5105,/table-of-5105
5109,10218,15327,20436,25545,30654,35763,40872,45981,51090,56199,61308,66417,71526,76635,81744,86853,91962,97071,102180,table-of-5109,5108,/table-of-5108,5107,/table-of-5107,5106,/table-of-5106
5110,10220,15330,20440,25550,30660,35770,40880,45990,51100,56210,61320,66430,71540,76650,81760,86870,91980,97090,102200,table-of-5110,5109,/table-of-5109,5108,/table-of-5108,5107,/table-of-5107
5111,10222,15333,20444,25555,30666,35777,40888,45999,51110,56221,61332,66443,71554,76665,81776,86887,91998,97109,102220,table-of-5111,5110,/table-of-5110,5109,/table-of-5109,5108,/table-of-5108
5112,10224,15336,20448,25560,30672,35784,40896,46008,51120,56232,61344,66456,71568,76680,81792,86904,92016,97128,102240,table-of-5112,5111,/table-of-5111,5110,/table-of-5110,5109,/table-of-5109
5113,10226,15339,20452,25565,30678,35791,40904,46017,51130,56243,61356,66469,71582,76695,81808,86921,92034,97147,102260,table-of-5113,5112,/table-of-5112,5111,/table-of-5111,5110,/table-of-5110
5114,10228,15342,20456,25570,30684,35798,40912,46026,51140,56254,61368,66482,71596,76710,81824,86938,92052,97166,102280,table-of-5114,5113,/table-of-5113,5112,/table-of-5112,5111,/table-of-5111
5115,10230,15345,20460,25575,30690,35805,40920,46035,51150,56265,61380,66495,71610,76725,81840,86955,92070,97185,102300,table-of-5115,5114,/table-of-5114,5113,/table-of-5113,5112,/table-of-5112
5116,10232,15348,20464,25580,30696,35812,40928,46044,51160,56276,61392,66508,71624,76740,81856,86972,92088,97204,102320,table-of-5116,5115,/table-of-5115,5114,/table-of-5114,5113,/table-of-5113
5117,10234,15351,20468,25585,30702,35819,40936,46053,51170,56287,61404,66521,71638,76755,81872,86989,92106,97223,102340,table-of-5117,5116,/table-of-5116,5115,/table-of-5115,5114,/table-of-5114
5118,10236,15354,20472,25590,30708,35826,40944,46062,51180,56298,61416,66534,71652,76770,81888,87006,92124,97242,102360,table-of-5118,5117,/table-of-5117,5116,/table-of-5116,5115,/table-of-5115
5119,10238,15357,20476,25595,30714,35833,40952,46071,51190,56309,61428,66547,71666,76785,81904,87023,92142,97261,102380,table-of-5119,5118,/table-of-5118,5117,/table-of-5117,5116,/table-of-5116
5120,10240,15360,20480,25600,30720,35840,40960,46080,51200,56320,61440,66560,71680,76800,81920,87040,92160,97280,102400,table-of-5120,5119,/table-of-5119,5118,/table-of-5118,5117,/table-of-5117
5121,10242,15363,20484,25605,30726,35847,40968,46089,51210,56331,61452,66573,71694,76815,81936,87057,92178,97299,102420,table-of-5121,5120,/table-of-5120,5119,/table-of-5119,5118,/table-of-5118
5122,10244,15366,20488,25610,30732,35854,40976,46098,51220,56342,61464,66586,71708,76830,81952,87074,92196,97318,102440,table-of-5122,5121,/table-of-5121,5120,/table-of-5120,5119,/table-of-5119
5123,10246,15369,20492,25615,30738,35861,40984,46107,51230,56353,61476,66599,71722,76845,81968,87091,92214,97337,102460,table-of-5123,5122,/table-of-5122,5121,/table-of-5121,5120,/table-of-5120
5124,10248,15372,20496,25620,30744,35868,40992,46116,51240,56364,61488,66612,71736,76860,81984,87108,92232,97356,102480,table-of-5124,5123,/table-of-5123,5122,/table-of-5122,5121,/table-of-5121
5125,10250,15375,20500,25625,30750,35875,41000,46125,51250,56375,61500,66625,71750,76875,82000,87125,92250,97375,102500,table-of-5125,5124,/table-of-5124,5123,/table-of-5123,5122,/table-of-5122
5126,10252,15378,20504,25630,30756,35882,41008,46134,51260,56386,61512,66638,71764,76890,82016,87142,92268,97394,102520,table-of-5126,5125,/table-of-5125,5124,/table-of-5124,5123,/table-of-5123
5127,10254,15381,20508,25635,30762,35889,41016,46143,51270,56397,61524,66651,71778,76905,82032,87159,92286,97413,102540,table-of-5127,5126,/table-of-5126,5125,/table-of-5125,5124,/table-of-5124
5128,10256,15384,20512,25640,30768,35896,41024,46152,51280,56408,61536,66664,71792,76920,82048,87176,92304,97432,102560,table-of-5128,5127,/table-of-5127,5126,/table-of-5126,5125,/table-of-5125
5129,10258,15387,20516,25645,30774,35903,41032,46161,51290,56419,61548,66677,71806,76935,82064,87193,92322,97451,102580,table-of-5129,5128,/table-of-5128,5127,/table-of-5127,5126,/table-of-5126
5130,10260,15390,20520,25650,30780,35910,41040,46170,51300,56430,61560,66690,71820,76950,82080,87210,92340,97470,102600,table-of-5130,5129,/table-of-5129,5128,/table-of-5128,5127,/table-of-5127
5131,10262,15393,20524,25655,30786,35917,41048,46179,51310,56441,61572,66703,71834,76965,82096,87227,92358,97489,102620,table-of-5131,5130,/table-of-5130,5129,/table-of-5129,5128,/table-of-5128
5132,10264,15396,20528,25660,30792,35924,41056,46188,51320,56452,61584,66716,71848,76980,82112,87244,92376,97508,102640,table-of-5132,5131,/table-of-5131,5130,/table-of-5130,5129,/table-of-5129
5133,10266,15399,20532,25665,30798,35931,41064,46197,51330,56463,61596,66729,71862,76995,82128,87261,92394,97527,102660,table-of-5133,5132,/table-of-5132,5131,/table-of-5131,5130,/table-of-5130
5134,10268,15402,20536,25670,30804,35938,41072,46206,51340,56474,61608,66742,71876,77010,82144,87278,92412,97546,102680,table-of-5134,5133,/table-of-5133,5132,/table-of-5132,5131,/table-of-5131
5135,10270,15405,20540,25675,30810,35945,41080,46215,51350,56485,61620,66755,71890,77025,82160,87295,92430,97565,102700,table-of-5135,5134,/table-of-5134,5133,/table-of-5133,5132,/table-of-5132
5136,10272,15408,20544,25680,30816,35952,41088,46224,51360,56496,61632,66768,71904,77040,82176,87312,92448,97584,102720,table-of-5136,5135,/table-of-5135,5134,/table-of-5134,5133,/table-of-5133
5137,10274,15411,20548,25685,30822,35959,41096,46233,51370,56507,61644,66781,71918,77055,82192,87329,92466,97603,102740,table-of-5137,5136,/table-of-5136,5135,/table-of-5135,5134,/table-of-5134
5138,10276,15414,20552,25690,30828,35966,41104,46242,51380,56518,61656,66794,71932,77070,82208,87346,92484,97622,102760,table-of-5138,5137,/table-of-5137,5136,/table-of-5136,5135,/table-of-5135
5139,10278,15417,20556,25695,30834,35973,41112,46251,51390,56529,61668,66807,71946,77085,82224,87363,92502,97641,102780,table-of-5139,5138,/table-of-5138,5137,/table-of-5137,5136,/table-of-5136
5140,10280,15420,20560,25700,30840,35980,41120,46260,51400,56540,61680,66820,71960,77100,82240,87380,92520,97660,102800,table-of-5140,5139,/table-of-5139,5138,/table-of-5138,5137,/table-of-5137
5141,10282,15423,20564,25705,30846,35987,41128,46269,51410,56551,61692,66833,71974,77115,82256,87397,92538,97679,102820,table-of-5141,5140,/table-of-5140,5139,/table-of-5139,5138,/table-of-5138
5142,10284,15426,20568,25710,30852,35994,41136,46278,51420,56562,61704,66846,71988,77130,82272,87414,92556,97698,102840,table-of-5142,5141,/table-of-5141,5140,/table-of-5140,5139,/table-of-5139
5143,10286,15429,20572,25715,30858,36001,41144,46287,51430,56573,61716,66859,72002,77145,82288,87431,92574,97717,102860,table-of-5143,5142,/table-of-5142,5141,/table-of-5141,5140,/table-of-5140
5144,10288,15432,20576,25720,30864,36008,41152,46296,51440,56584,61728,66872,72016,77160,82304,87448,92592,97736,102880,table-of-5144,5143,/table-of-5143,5142,/table-of-5142,5141,/table-of-5141
5145,10290,15435,20580,25725,30870,36015,41160,46305,51450,56595,61740,66885,72030,77175,82320,87465,92610,97755,102900,table-of-5145,5144,/table-of-5144,5143,/table-of-5143,5142,/table-of-5142
5146,10292,15438,20584,25730,30876,36022,41168,46314,51460,56606,61752,66898,72044,77190,82336,87482,92628,97774,102920,table-of-5146,5145,/table-of-5145,5144,/table-of-5144,5143,/table-of-5143
5147,10294,15441,20588,25735,30882,36029,41176,46323,51470,56617,61764,66911,72058,77205,82352,87499,92646,97793,102940,table-of-5147,5146,/table-of-5146,5145,/table-of-5145,5144,/table-of-5144
5148,10296,15444,20592,25740,30888,36036,41184,46332,51480,56628,61776,66924,72072,77220,82368,87516,92664,97812,102960,table-of-5148,5147,/table-of-5147,5146,/table-of-5146,5145,/table-of-5145
5149,10298,15447,20596,25745,30894,36043,41192,46341,51490,56639,61788,66937,72086,77235,82384,87533,92682,97831,102980,table-of-5149,5148,/table-of-5148,5147,/table-of-5147,5146,/table-of-5146
5150,10300,15450,20600,25750,30900,36050,41200,46350,51500,56650,61800,66950,72100,77250,82400,87550,92700,97850,103000,table-of-5150,5149,/table-of-5149,5148,/table-of-5148,5147,/table-of-5147
5151,10302,15453,20604,25755,30906,36057,41208,46359,51510,56661,61812,66963,72114,77265,82416,87567,92718,97869,103020,table-of-5151,5150,/table-of-5150,5149,/table-of-5149,5148,/table-of-5148
5152,10304,15456,20608,25760,30912,36064,41216,46368,51520,56672,61824,66976,72128,77280,82432,87584,92736,97888,103040,table-of-5152,5151,/table-of-5151,5150,/table-of-5150,5149,/table-of-5149
5153,10306,15459,20612,25765,30918,36071,41224,46377,51530,56683,61836,66989,72142,77295,82448,87601,92754,97907,103060,table-of-5153,5152,/table-of-5152,5151,/table-of-5151,5150,/table-of-5150
5154,10308,15462,20616,25770,30924,36078,41232,46386,51540,56694,61848,67002,72156,77310,82464,87618,92772,97926,103080,table-of-5154,5153,/table-of-5153,5152,/table-of-5152,5151,/table-of-5151
5155,10310,15465,20620,25775,30930,36085,41240,46395,51550,56705,61860,67015,72170,77325,82480,87635,92790,97945,103100,table-of-5155,5154,/table-of-5154,5153,/table-of-5153,5152,/table-of-5152
5156,10312,15468,20624,25780,30936,36092,41248,46404,51560,56716,61872,67028,72184,77340,82496,87652,92808,97964,103120,table-of-5156,5155,/table-of-5155,5154,/table-of-5154,5153,/table-of-5153
5157,10314,15471,20628,25785,30942,36099,41256,46413,51570,56727,61884,67041,72198,77355,82512,87669,92826,97983,103140,table-of-5157,5156,/table-of-5156,5155,/table-of-5155,5154,/table-of-5154
5158,10316,15474,20632,25790,30948,36106,41264,46422,51580,56738,61896,67054,72212,77370,82528,87686,92844,98002,103160,table-of-5158,5157,/table-of-5157,5156,/table-of-5156,5155,/table-of-5155
5159,10318,15477,20636,25795,30954,36113,41272,46431,51590,56749,61908,67067,72226,77385,82544,87703,92862,98021,103180,table-of-5159,5158,/table-of-5158,5157,/table-of-5157,5156,/table-of-5156
5160,10320,15480,20640,25800,30960,36120,41280,46440,51600,56760,61920,67080,72240,77400,82560,87720,92880,98040,103200,table-of-5160,5159,/table-of-5159,5158,/table-of-5158,5157,/table-of-5157
5161,10322,15483,20644,25805,30966,36127,41288,46449,51610,56771,61932,67093,72254,77415,82576,87737,92898,98059,103220,table-of-5161,5160,/table-of-5160,5159,/table-of-5159,5158,/table-of-5158
5162,10324,15486,20648,25810,30972,36134,41296,46458,51620,56782,61944,67106,72268,77430,82592,87754,92916,98078,103240,table-of-5162,5161,/table-of-5161,5160,/table-of-5160,5159,/table-of-5159
5163,10326,15489,20652,25815,30978,36141,41304,46467,51630,56793,61956,67119,72282,77445,82608,87771,92934,98097,103260,table-of-5163,5162,/table-of-5162,5161,/table-of-5161,5160,/table-of-5160
5164,10328,15492,20656,25820,30984,36148,41312,46476,51640,56804,61968,67132,72296,77460,82624,87788,92952,98116,103280,table-of-5164,5163,/table-of-5163,5162,/table-of-5162,5161,/table-of-5161
5165,10330,15495,20660,25825,30990,36155,41320,46485,51650,56815,61980,67145,72310,77475,82640,87805,92970,98135,103300,table-of-5165,5164,/table-of-5164,5163,/table-of-5163,5162,/table-of-5162
5166,10332,15498,20664,25830,30996,36162,41328,46494,51660,56826,61992,67158,72324,77490,82656,87822,92988,98154,103320,table-of-5166,5165,/table-of-5165,5164,/table-of-5164,5163,/table-of-5163
5167,10334,15501,20668,25835,31002,36169,41336,46503,51670,56837,62004,67171,72338,77505,82672,87839,93006,98173,103340,table-of-5167,5166,/table-of-5166,5165,/table-of-5165,5164,/table-of-5164
5168,10336,15504,20672,25840,31008,36176,41344,46512,51680,56848,62016,67184,72352,77520,82688,87856,93024,98192,103360,table-of-5168,5167,/table-of-5167,5166,/table-of-5166,5165,/table-of-5165
5169,10338,15507,20676,25845,31014,36183,41352,46521,51690,56859,62028,67197,72366,77535,82704,87873,93042,98211,103380,table-of-5169,5168,/table-of-5168,5167,/table-of-5167,5166,/table-of-5166
5170,10340,15510,20680,25850,31020,36190,41360,46530,51700,56870,62040,67210,72380,77550,82720,87890,93060,98230,103400,table-of-5170,5169,/table-of-5169,5168,/table-of-5168,5167,/table-of-5167
5171,10342,15513,20684,25855,31026,36197,41368,46539,51710,56881,62052,67223,72394,77565,82736,87907,93078,98249,103420,table-of-5171,5170,/table-of-5170,5169,/table-of-5169,5168,/table-of-5168
5172,10344,15516,20688,25860,31032,36204,41376,46548,51720,56892,62064,67236,72408,77580,82752,87924,93096,98268,103440,table-of-5172,5171,/table-of-5171,5170,/table-of-5170,5169,/table-of-5169
5173,10346,15519,20692,25865,31038,36211,41384,46557,51730,56903,62076,67249,72422,77595,82768,87941,93114,98287,103460,table-of-5173,5172,/table-of-5172,5171,/table-of-5171,5170,/table-of-5170
5174,10348,15522,20696,25870,31044,36218,41392,46566,51740,56914,62088,67262,72436,77610,82784,87958,93132,98306,103480,table-of-5174,5173,/table-of-5173,5172,/table-of-5172,5171,/table-of-5171
5175,10350,15525,20700,25875,31050,36225,41400,46575,51750,56925,62100,67275,72450,77625,82800,87975,93150,98325,103500,table-of-5175,5174,/table-of-5174,5173,/table-of-5173,5172,/table-of-5172
5176,10352,15528,20704,25880,31056,36232,41408,46584,51760,56936,62112,67288,72464,77640,82816,87992,93168,98344,103520,table-of-5176,5175,/table-of-5175,5174,/table-of-5174,5173,/table-of-5173
5177,10354,15531,20708,25885,31062,36239,41416,46593,51770,56947,62124,67301,72478,77655,82832,88009,93186,98363,103540,table-of-5177,5176,/table-of-5176,5175,/table-of-5175,5174,/table-of-5174
5178,10356,15534,20712,25890,31068,36246,41424,46602,51780,56958,62136,67314,72492,77670,82848,88026,93204,98382,103560,table-of-5178,5177,/table-of-5177,5176,/table-of-5176,5175,/table-of-5175
5179,10358,15537,20716,25895,31074,36253,41432,46611,51790,56969,62148,67327,72506,77685,82864,88043,93222,98401,103580,table-of-5179,5178,/table-of-5178,5177,/table-of-5177,5176,/table-of-5176
5180,10360,15540,20720,25900,31080,36260,41440,46620,51800,56980,62160,67340,72520,77700,82880,88060,93240,98420,103600,table-of-5180,5179,/table-of-5179,5178,/table-of-5178,5177,/table-of-5177
5181,10362,15543,20724,25905,31086,36267,41448,46629,51810,56991,62172,67353,72534,77715,82896,88077,93258,98439,103620,table-of-5181,5180,/table-of-5180,5179,/table-of-5179,5178,/table-of-5178
5182,10364,15546,20728,25910,31092,36274,41456,46638,51820,57002,62184,67366,72548,77730,82912,88094,93276,98458,103640,table-of-5182,5181,/table-of-5181,5180,/table-of-5180,5179,/table-of-5179
5183,10366,15549,20732,25915,31098,36281,41464,46647,51830,57013,62196,67379,72562,77745,82928,88111,93294,98477,103660,table-of-5183,5182,/table-of-5182,5181,/table-of-5181,5180,/table-of-5180
5184,10368,15552,20736,25920,31104,36288,41472,46656,51840,57024,62208,67392,72576,77760,82944,88128,93312,98496,103680,table-of-5184,5183,/table-of-5183,5182,/table-of-5182,5181,/table-of-5181
5185,10370,15555,20740,25925,31110,36295,41480,46665,51850,57035,62220,67405,72590,77775,82960,88145,93330,98515,103700,table-of-5185,5184,/table-of-5184,5183,/table-of-5183,5182,/table-of-5182
5186,10372,15558,20744,25930,31116,36302,41488,46674,51860,57046,62232,67418,72604,77790,82976,88162,93348,98534,103720,table-of-5186,5185,/table-of-5185,5184,/table-of-5184,5183,/table-of-5183
5187,10374,15561,20748,25935,31122,36309,41496,46683,51870,57057,62244,67431,72618,77805,82992,88179,93366,98553,103740,table-of-5187,5186,/table-of-5186,5185,/table-of-5185,5184,/table-of-5184
5188,10376,15564,20752,25940,31128,36316,41504,46692,51880,57068,62256,67444,72632,77820,83008,88196,93384,98572,103760,table-of-5188,5187,/table-of-5187,5186,/table-of-5186,5185,/table-of-5185
5189,10378,15567,20756,25945,31134,36323,41512,46701,51890,57079,62268,67457,72646,77835,83024,88213,93402,98591,103780,table-of-5189,5188,/table-of-5188,5187,/table-of-5187,5186,/table-of-5186
5190,10380,15570,20760,25950,31140,36330,41520,46710,51900,57090,62280,67470,72660,77850,83040,88230,93420,98610,103800,table-of-5190,5189,/table-of-5189,5188,/table-of-5188,5187,/table-of-5187
5191,10382,15573,20764,25955,31146,36337,41528,46719,51910,57101,62292,67483,72674,77865,83056,88247,93438,98629,103820,table-of-5191,5190,/table-of-5190,5189,/table-of-5189,5188,/table-of-5188
5192,10384,15576,20768,25960,31152,36344,41536,46728,51920,57112,62304,67496,72688,77880,83072,88264,93456,98648,103840,table-of-5192,5191,/table-of-5191,5190,/table-of-5190,5189,/table-of-5189
5193,10386,15579,20772,25965,31158,36351,41544,46737,51930,57123,62316,67509,72702,77895,83088,88281,93474,98667,103860,table-of-5193,5192,/table-of-5192,5191,/table-of-5191,5190,/table-of-5190
5194,10388,15582,20776,25970,31164,36358,41552,46746,51940,57134,62328,67522,72716,77910,83104,88298,93492,98686,103880,table-of-5194,5193,/table-of-5193,5192,/table-of-5192,5191,/table-of-5191
5195,10390,15585,20780,25975,31170,36365,41560,46755,51950,57145,62340,67535,72730,77925,83120,88315,93510,98705,103900,table-of-5195,5194,/table-of-5194,5193,/table-of-5193,5192,/table-of-5192
5196,10392,15588,20784,25980,31176,36372,41568,46764,51960,57156,62352,67548,72744,77940,83136,88332,93528,98724,103920,table-of-5196,5195,/table-of-5195,5194,/table-of-5194,5193,/table-of-5193
5197,10394,15591,20788,25985,31182,36379,41576,46773,51970,57167,62364,67561,72758,77955,83152,88349,93546,98743,103940,table-of-5197,5196,/table-of-5196,5195,/table-of-5195,5194,/table-of-5194
5198,10396,15594,20792,25990,31188,36386,41584,46782,51980,57178,62376,67574,72772,77970,83168,88366,93564,98762,103960,table-of-5198,5197,/table-of-5197,5196,/table-of-5196,5195,/table-of-5195
5199,10398,15597,20796,25995,31194,36393,41592,46791,51990,57189,62388,67587,72786,77985,83184,88383,93582,98781,103980,table-of-5199,5198,/table-of-5198,5197,/table-of-5197,5196,/table-of-5196
5200,10400,15600,20800,26000,31200,36400,41600,46800,52000,57200,62400,67600,72800,78000,83200,88400,93600,98800,104000,table-of-5200,5199,/table-of-5199,5198,/table-of-5198,5197,/table-of-5197
5201,10402,15603,20804,26005,31206,36407,41608,46809,52010,57211,62412,67613,72814,78015,83216,88417,93618,98819,104020,table-of-5201,5200,/table-of-5200,5199,/table-of-5199,5198,/table-of-5198
5202,10404,15606,20808,26010,31212,36414,41616,46818,52020,57222,62424,67626,72828,78030,83232,88434,93636,98838,104040,table-of-5202,5201,/table-of-5201,5200,/table-of-5200,5199,/table-of-5199
5203,10406,15609,20812,26015,31218,36421,41624,46827,52030,57233,62436,67639,72842,78045,83248,88451,93654,98857,104060,table-of-5203,5202,/table-of-5202,5201,/table-of-5201,5200,/table-of-5200
5204,10408,15612,20816,26020,31224,36428,41632,46836,52040,57244,62448,67652,72856,78060,83264,88468,93672,98876,104080,table-of-5204,5203,/table-of-5203,5202,/table-of-5202,5201,/table-of-5201
5205,10410,15615,20820,26025,31230,36435,41640,46845,52050,57255,62460,67665,72870,78075,83280,88485,93690,98895,104100,table-of-5205,5204,/table-of-5204,5203,/table-of-5203,5202,/table-of-5202
5206,10412,15618,20824,26030,31236,36442,41648,46854,52060,57266,62472,67678,72884,78090,83296,88502,93708,98914,104120,table-of-5206,5205,/table-of-5205,5204,/table-of-5204,5203,/table-of-5203
5207,10414,15621,20828,26035,31242,36449,41656,46863,52070,57277,62484,67691,72898,78105,83312,88519,93726,98933,104140,table-of-5207,5206,/table-of-5206,5205,/table-of-5205,5204,/table-of-5204
5208,10416,15624,20832,26040,31248,36456,41664,46872,52080,57288,62496,67704,72912,78120,83328,88536,93744,98952,104160,table-of-5208,5207,/table-of-5207,5206,/table-of-5206,5205,/table-of-5205
5209,10418,15627,20836,26045,31254,36463,41672,46881,52090,57299,62508,67717,72926,78135,83344,88553,93762,98971,104180,table-of-5209,5208,/table-of-5208,5207,/table-of-5207,5206,/table-of-5206
5210,10420,15630,20840,26050,31260,36470,41680,46890,52100,57310,62520,67730,72940,78150,83360,88570,93780,98990,104200,table-of-5210,5209,/table-of-5209,5208,/table-of-5208,5207,/table-of-5207
5211,10422,15633,20844,26055,31266,36477,41688,46899,52110,57321,62532,67743,72954,78165,83376,88587,93798,99009,104220,table-of-5211,5210,/table-of-5210,5209,/table-of-5209,5208,/table-of-5208
5212,10424,15636,20848,26060,31272,36484,41696,46908,52120,57332,62544,67756,72968,78180,83392,88604,93816,99028,104240,table-of-5212,5211,/table-of-5211,5210,/table-of-5210,5209,/table-of-5209
5213,10426,15639,20852,26065,31278,36491,41704,46917,52130,57343,62556,67769,72982,78195,83408,88621,93834,99047,104260,table-of-5213,5212,/table-of-5212,5211,/table-of-5211,5210,/table-of-5210
5214,10428,15642,20856,26070,31284,36498,41712,46926,52140,57354,62568,67782,72996,78210,83424,88638,93852,99066,104280,table-of-5214,5213,/table-of-5213,5212,/table-of-5212,5211,/table-of-5211
5215,10430,15645,20860,26075,31290,36505,41720,46935,52150,57365,62580,67795,73010,78225,83440,88655,93870,99085,104300,table-of-5215,5214,/table-of-5214,5213,/table-of-5213,5212,/table-of-5212
5216,10432,15648,20864,26080,31296,36512,41728,46944,52160,57376,62592,67808,73024,78240,83456,88672,93888,99104,104320,table-of-5216,5215,/table-of-5215,5214,/table-of-5214,5213,/table-of-5213
5217,10434,15651,20868,26085,31302,36519,41736,46953,52170,57387,62604,67821,73038,78255,83472,88689,93906,99123,104340,table-of-5217,5216,/table-of-5216,5215,/table-of-5215,5214,/table-of-5214
5218,10436,15654,20872,26090,31308,36526,41744,46962,52180,57398,62616,67834,73052,78270,83488,88706,93924,99142,104360,table-of-5218,5217,/table-of-5217,5216,/table-of-5216,5215,/table-of-5215
5219,10438,15657,20876,26095,31314,36533,41752,46971,52190,57409,62628,67847,73066,78285,83504,88723,93942,99161,104380,table-of-5219,5218,/table-of-5218,5217,/table-of-5217,5216,/table-of-5216
5220,10440,15660,20880,26100,31320,36540,41760,46980,52200,57420,62640,67860,73080,78300,83520,88740,93960,99180,104400,table-of-5220,5219,/table-of-5219,5218,/table-of-5218,5217,/table-of-5217
5221,10442,15663,20884,26105,31326,36547,41768,46989,52210,57431,62652,67873,73094,78315,83536,88757,93978,99199,104420,table-of-5221,5220,/table-of-5220,5219,/table-of-5219,5218,/table-of-5218
5222,10444,15666,20888,26110,31332,36554,41776,46998,52220,57442,62664,67886,73108,78330,83552,88774,93996,99218,104440,table-of-5222,5221,/table-of-5221,5220,/table-of-5220,5219,/table-of-5219
5223,10446,15669,20892,26115,31338,36561,41784,47007,52230,57453,62676,67899,73122,78345,83568,88791,94014,99237,104460,table-of-5223,5222,/table-of-5222,5221,/table-of-5221,5220,/table-of-5220
5224,10448,15672,20896,26120,31344,36568,41792,47016,52240,57464,62688,67912,73136,78360,83584,88808,94032,99256,104480,table-of-5224,5223,/table-of-5223,5222,/table-of-5222,5221,/table-of-5221
5225,10450,15675,20900,26125,31350,36575,41800,47025,52250,57475,62700,67925,73150,78375,83600,88825,94050,99275,104500,table-of-5225,5224,/table-of-5224,5223,/table-of-5223,5222,/table-of-5222
5226,10452,15678,20904,26130,31356,36582,41808,47034,52260,57486,62712,67938,73164,78390,83616,88842,94068,99294,104520,table-of-5226,5225,/table-of-5225,5224,/table-of-5224,5223,/table-of-5223
5227,10454,15681,20908,26135,31362,36589,41816,47043,52270,57497,62724,67951,73178,78405,83632,88859,94086,99313,104540,table-of-5227,5226,/table-of-5226,5225,/table-of-5225,5224,/table-of-5224
5228,10456,15684,20912,26140,31368,36596,41824,47052,52280,57508,62736,67964,73192,78420,83648,88876,94104,99332,104560,table-of-5228,5227,/table-of-5227,5226,/table-of-5226,5225,/table-of-5225
5229,10458,15687,20916,26145,31374,36603,41832,47061,52290,57519,62748,67977,73206,78435,83664,88893,94122,99351,104580,table-of-5229,5228,/table-of-5228,5227,/table-of-5227,5226,/table-of-5226
5230,10460,15690,20920,26150,31380,36610,41840,47070,52300,57530,62760,67990,73220,78450,83680,88910,94140,99370,104600,table-of-5230,5229,/table-of-5229,5228,/table-of-5228,5227,/table-of-5227
5231,10462,15693,20924,26155,31386,36617,41848,47079,52310,57541,62772,68003,73234,78465,83696,88927,94158,99389,104620,table-of-5231,5230,/table-of-5230,5229,/table-of-5229,5228,/table-of-5228
5232,10464,15696,20928,26160,31392,36624,41856,47088,52320,57552,62784,68016,73248,78480,83712,88944,94176,99408,104640,table-of-5232,5231,/table-of-5231,5230,/table-of-5230,5229,/table-of-5229
5233,10466,15699,20932,26165,31398,36631,41864,47097,52330,57563,62796,68029,73262,78495,83728,88961,94194,99427,104660,table-of-5233,5232,/table-of-5232,5231,/table-of-5231,5230,/table-of-5230
5234,10468,15702,20936,26170,31404,36638,41872,47106,52340,57574,62808,68042,73276,78510,83744,88978,94212,99446,104680,table-of-5234,5233,/table-of-5233,5232,/table-of-5232,5231,/table-of-5231
5235,10470,15705,20940,26175,31410,36645,41880,47115,52350,57585,62820,68055,73290,78525,83760,88995,94230,99465,104700,table-of-5235,5234,/table-of-5234,5233,/table-of-5233,5232,/table-of-5232
5236,10472,15708,20944,26180,31416,36652,41888,47124,52360,57596,62832,68068,73304,78540,83776,89012,94248,99484,104720,table-of-5236,5235,/table-of-5235,5234,/table-of-5234,5233,/table-of-5233
5237,10474,15711,20948,26185,31422,36659,41896,47133,52370,57607,62844,68081,73318,78555,83792,89029,94266,99503,104740,table-of-5237,5236,/table-of-5236,5235,/table-of-5235,5234,/table-of-5234
5238,10476,15714,20952,26190,31428,36666,41904,47142,52380,57618,62856,68094,73332,78570,83808,89046,94284,99522,104760,table-of-5238,5237,/table-of-5237,5236,/table-of-5236,5235,/table-of-5235
5239,10478,15717,20956,26195,31434,36673,41912,47151,52390,57629,62868,68107,73346,78585,83824,89063,94302,99541,104780,table-of-5239,5238,/table-of-5238,5237,/table-of-5237,5236,/table-of-5236
5240,10480,15720,20960,26200,31440,36680,41920,47160,52400,57640,62880,68120,73360,78600,83840,89080,94320,99560,104800,table-of-5240,5239,/table-of-5239,5238,/table-of-5238,5237,/table-of-5237
5241,10482,15723,20964,26205,31446,36687,41928,47169,52410,57651,62892,68133,73374,78615,83856,89097,94338,99579,104820,table-of-5241,5240,/table-of-5240,5239,/table-of-5239,5238,/table-of-5238
5242,10484,15726,20968,26210,31452,36694,41936,47178,52420,57662,62904,68146,73388,78630,83872,89114,94356,99598,104840,table-of-5242,5241,/table-of-5241,5240,/table-of-5240,5239,/table-of-5239
5243,10486,15729,20972,26215,31458,36701,41944,47187,52430,57673,62916,68159,73402,78645,83888,89131,94374,99617,104860,table-of-5243,5242,/table-of-5242,5241,/table-of-5241,5240,/table-of-5240
5244,10488,15732,20976,26220,31464,36708,41952,47196,52440,57684,62928,68172,73416,78660,83904,89148,94392,99636,104880,table-of-5244,5243,/table-of-5243,5242,/table-of-5242,5241,/table-of-5241
5245,10490,15735,20980,26225,31470,36715,41960,47205,52450,57695,62940,68185,73430,78675,83920,89165,94410,99655,104900,table-of-5245,5244,/table-of-5244,5243,/table-of-5243,5242,/table-of-5242
5246,10492,15738,20984,26230,31476,36722,41968,47214,52460,57706,62952,68198,73444,78690,83936,89182,94428,99674,104920,table-of-5246,5245,/table-of-5245,5244,/table-of-5244,5243,/table-of-5243
5247,10494,15741,20988,26235,31482,36729,41976,47223,52470,57717,62964,68211,73458,78705,83952,89199,94446,99693,104940,table-of-5247,5246,/table-of-5246,5245,/table-of-5245,5244,/table-of-5244
5248,10496,15744,20992,26240,31488,36736,41984,47232,52480,57728,62976,68224,73472,78720,83968,89216,94464,99712,104960,table-of-5248,5247,/table-of-5247,5246,/table-of-5246,5245,/table-of-5245
5249,10498,15747,20996,26245,31494,36743,41992,47241,52490,57739,62988,68237,73486,78735,83984,89233,94482,99731,104980,table-of-5249,5248,/table-of-5248,5247,/table-of-5247,5246,/table-of-5246
5250,10500,15750,21000,26250,31500,36750,42000,47250,52500,57750,63000,68250,73500,78750,84000,89250,94500,99750,105000,table-of-5250,5249,/table-of-5249,5248,/table-of-5248,5247,/table-of-5247
5251,10502,15753,21004,26255,31506,36757,42008,47259,52510,57761,63012,68263,73514,78765,84016,89267,94518,99769,105020,table-of-5251,5250,/table-of-5250,5249,/table-of-5249,5248,/table-of-5248
5252,10504,15756,21008,26260,31512,36764,42016,47268,52520,57772,63024,68276,73528,78780,84032,89284,94536,99788,105040,table-of-5252,5251,/table-of-5251,5250,/table-of-5250,5249,/table-of-5249
5253,10506,15759,21012,26265,31518,36771,42024,47277,52530,57783,63036,68289,73542,78795,84048,89301,94554,99807,105060,table-of-5253,5252,/table-of-5252,5251,/table-of-5251,5250,/table-of-5250
5254,10508,15762,21016,26270,31524,36778,42032,47286,52540,57794,63048,68302,73556,78810,84064,89318,94572,99826,105080,table-of-5254,5253,/table-of-5253,5252,/table-of-5252,5251,/table-of-5251
5255,10510,15765,21020,26275,31530,36785,42040,47295,52550,57805,63060,68315,73570,78825,84080,89335,94590,99845,105100,table-of-5255,5254,/table-of-5254,5253,/table-of-5253,5252,/table-of-5252
5256,10512,15768,21024,26280,31536,36792,42048,47304,52560,57816,63072,68328,73584,78840,84096,89352,94608,99864,105120,table-of-5256,5255,/table-of-5255,5254,/table-of-5254,5253,/table-of-5253
5257,10514,15771,21028,26285,31542,36799,42056,47313,52570,57827,63084,68341,73598,78855,84112,89369,94626,99883,105140,table-of-5257,5256,/table-of-5256,5255,/table-of-5255,5254,/table-of-5254
5258,10516,15774,21032,26290,31548,36806,42064,47322,52580,57838,63096,68354,73612,78870,84128,89386,94644,99902,105160,table-of-5258,5257,/table-of-5257,5256,/table-of-5256,5255,/table-of-5255
5259,10518,15777,21036,26295,31554,36813,42072,47331,52590,57849,63108,68367,73626,78885,84144,89403,94662,99921,105180,table-of-5259,5258,/table-of-5258,5257,/table-of-5257,5256,/table-of-5256
5260,10520,15780,21040,26300,31560,36820,42080,47340,52600,57860,63120,68380,73640,78900,84160,89420,94680,99940,105200,table-of-5260,5259,/table-of-5259,5258,/table-of-5258,5257,/table-of-5257
5261,10522,15783,21044,26305,31566,36827,42088,47349,52610,57871,63132,68393,73654,78915,84176,89437,94698,99959,105220,table-of-5261,5260,/table-of-5260,5259,/table-of-5259,5258,/table-of-5258
5262,10524,15786,21048,26310,31572,36834,42096,47358,52620,57882,63144,68406,73668,78930,84192,89454,94716,99978,105240,table-of-5262,5261,/table-of-5261,5260,/table-of-5260,5259,/table-of-5259
5263,10526,15789,21052,26315,31578,36841,42104,47367,52630,57893,63156,68419,73682,78945,84208,89471,94734,99997,105260,table-of-5263,5262,/table-of-5262,5261,/table-of-5261,5260,/table-of-5260
5264,10528,15792,21056,26320,31584,36848,42112,47376,52640,57904,63168,68432,73696,78960,84224,89488,94752,100016,105280,table-of-5264,5263,/table-of-5263,5262,/table-of-5262,5261,/table-of-5261
5265,10530,15795,21060,26325,31590,36855,42120,47385,52650,57915,63180,68445,73710,78975,84240,89505,94770,100035,105300,table-of-5265,5264,/table-of-5264,5263,/table-of-5263,5262,/table-of-5262
5266,10532,15798,21064,26330,31596,36862,42128,47394,52660,57926,63192,68458,73724,78990,84256,89522,94788,100054,105320,table-of-5266,5265,/table-of-5265,5264,/table-of-5264,5263,/table-of-5263
5267,10534,15801,21068,26335,31602,36869,42136,47403,52670,57937,63204,68471,73738,79005,84272,89539,94806,100073,105340,table-of-5267,5266,/table-of-5266,5265,/table-of-5265,5264,/table-of-5264
5268,10536,15804,21072,26340,31608,36876,42144,47412,52680,57948,63216,68484,73752,79020,84288,89556,94824,100092,105360,table-of-5268,5267,/table-of-5267,5266,/table-of-5266,5265,/table-of-5265
5269,10538,15807,21076,26345,31614,36883,42152,47421,52690,57959,63228,68497,73766,79035,84304,89573,94842,100111,105380,table-of-5269,5268,/table-of-5268,5267,/table-of-5267,5266,/table-of-5266
5270,10540,15810,21080,26350,31620,36890,42160,47430,52700,57970,63240,68510,73780,79050,84320,89590,94860,100130,105400,table-of-5270,5269,/table-of-5269,5268,/table-of-5268,5267,/table-of-5267
5271,10542,15813,21084,26355,31626,36897,42168,47439,52710,57981,63252,68523,73794,79065,84336,89607,94878,100149,105420,table-of-5271,5270,/table-of-5270,5269,/table-of-5269,5268,/table-of-5268
5272,10544,15816,21088,26360,31632,36904,42176,47448,52720,57992,63264,68536,73808,79080,84352,89624,94896,100168,105440,table-of-5272,5271,/table-of-5271,5270,/table-of-5270,5269,/table-of-5269
5273,10546,15819,21092,26365,31638,36911,42184,47457,52730,58003,63276,68549,73822,79095,84368,89641,94914,100187,105460,table-of-5273,5272,/table-of-5272,5271,/table-of-5271,5270,/table-of-5270
5274,10548,15822,21096,26370,31644,36918,42192,47466,52740,58014,63288,68562,73836,79110,84384,89658,94932,100206,105480,table-of-5274,5273,/table-of-5273,5272,/table-of-5272,5271,/table-of-5271
5275,10550,15825,21100,26375,31650,36925,42200,47475,52750,58025,63300,68575,73850,79125,84400,89675,94950,100225,105500,table-of-5275,5274,/table-of-5274,5273,/table-of-5273,5272,/table-of-5272
5276,10552,15828,21104,26380,31656,36932,42208,47484,52760,58036,63312,68588,73864,79140,84416,89692,94968,100244,105520,table-of-5276,5275,/table-of-5275,5274,/table-of-5274,5273,/table-of-5273
5277,10554,15831,21108,26385,31662,36939,42216,47493,52770,58047,63324,68601,73878,79155,84432,89709,94986,100263,105540,table-of-5277,5276,/table-of-5276,5275,/table-of-5275,5274,/table-of-5274
5278,10556,15834,21112,26390,31668,36946,42224,47502,52780,58058,63336,68614,73892,79170,84448,89726,95004,100282,105560,table-of-5278,5277,/table-of-5277,5276,/table-of-5276,5275,/table-of-5275
5279,10558,15837,21116,26395,31674,36953,42232,47511,52790,58069,63348,68627,73906,79185,84464,89743,95022,100301,105580,table-of-5279,5278,/table-of-5278,5277,/table-of-5277,5276,/table-of-5276
5280,10560,15840,21120,26400,31680,36960,42240,47520,52800,58080,63360,68640,73920,79200,84480,89760,95040,100320,105600,table-of-5280,5279,/table-of-5279,5278,/table-of-5278,5277,/table-of-5277
5281,10562,15843,21124,26405,31686,36967,42248,47529,52810,58091,63372,68653,73934,79215,84496,89777,95058,100339,105620,table-of-5281,5280,/table-of-5280,5279,/table-of-5279,5278,/table-of-5278
5282,10564,15846,21128,26410,31692,36974,42256,47538,52820,58102,63384,68666,73948,79230,84512,89794,95076,100358,105640,table-of-5282,5281,/table-of-5281,5280,/table-of-5280,5279,/table-of-5279
5283,10566,15849,21132,26415,31698,36981,42264,47547,52830,58113,63396,68679,73962,79245,84528,89811,95094,100377,105660,table-of-5283,5282,/table-of-5282,5281,/table-of-5281,5280,/table-of-5280
5284,10568,15852,21136,26420,31704,36988,42272,47556,52840,58124,63408,68692,73976,79260,84544,89828,95112,100396,105680,table-of-5284,5283,/table-of-5283,5282,/table-of-5282,5281,/table-of-5281
5285,10570,15855,21140,26425,31710,36995,42280,47565,52850,58135,63420,68705,73990,79275,84560,89845,95130,100415,105700,table-of-5285,5284,/table-of-5284,5283,/table-of-5283,5282,/table-of-5282
5286,10572,15858,21144,26430,31716,37002,42288,47574,52860,58146,63432,68718,74004,79290,84576,89862,95148,100434,105720,table-of-5286,5285,/table-of-5285,5284,/table-of-5284,5283,/table-of-5283
5287,10574,15861,21148,26435,31722,37009,42296,47583,52870,58157,63444,68731,74018,79305,84592,89879,95166,100453,105740,table-of-5287,5286,/table-of-5286,5285,/table-of-5285,5284,/table-of-5284
5288,10576,15864,21152,26440,31728,37016,42304,47592,52880,58168,63456,68744,74032,79320,84608,89896,95184,100472,105760,table-of-5288,5287,/table-of-5287,5286,/table-of-5286,5285,/table-of-5285
5289,10578,15867,21156,26445,31734,37023,42312,47601,52890,58179,63468,68757,74046,79335,84624,89913,95202,100491,105780,table-of-5289,5288,/table-of-5288,5287,/table-of-5287,5286,/table-of-5286
5290,10580,15870,21160,26450,31740,37030,42320,47610,52900,58190,63480,68770,74060,79350,84640,89930,95220,100510,105800,table-of-5290,5289,/table-of-5289,5288,/table-of-5288,5287,/table-of-5287
5291,10582,15873,21164,26455,31746,37037,42328,47619,52910,58201,63492,68783,74074,79365,84656,89947,95238,100529,105820,table-of-5291,5290,/table-of-5290,5289,/table-of-5289,5288,/table-of-5288
5292,10584,15876,21168,26460,31752,37044,42336,47628,52920,58212,63504,68796,74088,79380,84672,89964,95256,100548,105840,table-of-5292,5291,/table-of-5291,5290,/table-of-5290,5289,/table-of-5289
5293,10586,15879,21172,26465,31758,37051,42344,47637,52930,58223,63516,68809,74102,79395,84688,89981,95274,100567,105860,table-of-5293,5292,/table-of-5292,5291,/table-of-5291,5290,/table-of-5290
5294,10588,15882,21176,26470,31764,37058,42352,47646,52940,58234,63528,68822,74116,79410,84704,89998,95292,100586,105880,table-of-5294,5293,/table-of-5293,5292,/table-of-5292,5291,/table-of-5291
5295,10590,15885,21180,26475,31770,37065,42360,47655,52950,58245,63540,68835,74130,79425,84720,90015,95310,100605,105900,table-of-5295,5294,/table-of-5294,5293,/table-of-5293,5292,/table-of-5292
5296,10592,15888,21184,26480,31776,37072,42368,47664,52960,58256,63552,68848,74144,79440,84736,90032,95328,100624,105920,table-of-5296,5295,/table-of-5295,5294,/table-of-5294,5293,/table-of-5293
5297,10594,15891,21188,26485,31782,37079,42376,47673,52970,58267,63564,68861,74158,79455,84752,90049,95346,100643,105940,table-of-5297,5296,/table-of-5296,5295,/table-of-5295,5294,/table-of-5294
5298,10596,15894,21192,26490,31788,37086,42384,47682,52980,58278,63576,68874,74172,79470,84768,90066,95364,100662,105960,table-of-5298,5297,/table-of-5297,5296,/table-of-5296,5295,/table-of-5295
5299,10598,15897,21196,26495,31794,37093,42392,47691,52990,58289,63588,68887,74186,79485,84784,90083,95382,100681,105980,table-of-5299,5298,/table-of-5298,5297,/table-of-5297,5296,/table-of-5296
5300,10600,15900,21200,26500,31800,37100,42400,47700,53000,58300,63600,68900,74200,79500,84800,90100,95400,100700,106000,table-of-5300,5299,/table-of-5299,5298,/table-of-5298,5297,/table-of-5297
5301,10602,15903,21204,26505,31806,37107,42408,47709,53010,58311,63612,68913,74214,79515,84816,90117,95418,100719,106020,table-of-5301,5300,/table-of-5300,5299,/table-of-5299,5298,/table-of-5298
5302,10604,15906,21208,26510,31812,37114,42416,47718,53020,58322,63624,68926,74228,79530,84832,90134,95436,100738,106040,table-of-5302,5301,/table-of-5301,5300,/table-of-5300,5299,/table-of-5299
5303,10606,15909,21212,26515,31818,37121,42424,47727,53030,58333,63636,68939,74242,79545,84848,90151,95454,100757,106060,table-of-5303,5302,/table-of-5302,5301,/table-of-5301,5300,/table-of-5300
5304,10608,15912,21216,26520,31824,37128,42432,47736,53040,58344,63648,68952,74256,79560,84864,90168,95472,100776,106080,table-of-5304,5303,/table-of-5303,5302,/table-of-5302,5301,/table-of-5301
5305,10610,15915,21220,26525,31830,37135,42440,47745,53050,58355,63660,68965,74270,79575,84880,90185,95490,100795,106100,table-of-5305,5304,/table-of-5304,5303,/table-of-5303,5302,/table-of-5302
5306,10612,15918,21224,26530,31836,37142,42448,47754,53060,58366,63672,68978,74284,79590,84896,90202,95508,100814,106120,table-of-5306,5305,/table-of-5305,5304,/table-of-5304,5303,/table-of-5303
5307,10614,15921,21228,26535,31842,37149,42456,47763,53070,58377,63684,68991,74298,79605,84912,90219,95526,100833,106140,table-of-5307,5306,/table-of-5306,5305,/table-of-5305,5304,/table-of-5304
5308,10616,15924,21232,26540,31848,37156,42464,47772,53080,58388,63696,69004,74312,79620,84928,90236,95544,100852,106160,table-of-5308,5307,/table-of-5307,5306,/table-of-5306,5305,/table-of-5305
5309,10618,15927,21236,26545,31854,37163,42472,47781,53090,58399,63708,69017,74326,79635,84944,90253,95562,100871,106180,table-of-5309,5308,/table-of-5308,5307,/table-of-5307,5306,/table-of-5306
5310,10620,15930,21240,26550,31860,37170,42480,47790,53100,58410,63720,69030,74340,79650,84960,90270,95580,100890,106200,table-of-5310,5309,/table-of-5309,5308,/table-of-5308,5307,/table-of-5307
5311,10622,15933,21244,26555,31866,37177,42488,47799,53110,58421,63732,69043,74354,79665,84976,90287,95598,100909,106220,table-of-5311,5310,/table-of-5310,5309,/table-of-5309,5308,/table-of-5308
5312,10624,15936,21248,26560,31872,37184,42496,47808,53120,58432,63744,69056,74368,79680,84992,90304,95616,100928,106240,table-of-5312,5311,/table-of-5311,5310,/table-of-5310,5309,/table-of-5309
5313,10626,15939,21252,26565,31878,37191,42504,47817,53130,58443,63756,69069,74382,79695,85008,90321,95634,100947,106260,table-of-5313,5312,/table-of-5312,5311,/table-of-5311,5310,/table-of-5310
5314,10628,15942,21256,26570,31884,37198,42512,47826,53140,58454,63768,69082,74396,79710,85024,90338,95652,100966,106280,table-of-5314,5313,/table-of-5313,5312,/table-of-5312,5311,/table-of-5311
5315,10630,15945,21260,26575,31890,37205,42520,47835,53150,58465,63780,69095,74410,79725,85040,90355,95670,100985,106300,table-of-5315,5314,/table-of-5314,5313,/table-of-5313,5312,/table-of-5312
5316,10632,15948,21264,26580,31896,37212,42528,47844,53160,58476,63792,69108,74424,79740,85056,90372,95688,101004,106320,table-of-5316,5315,/table-of-5315,5314,/table-of-5314,5313,/table-of-5313
5317,10634,15951,21268,26585,31902,37219,42536,47853,53170,58487,63804,69121,74438,79755,85072,90389,95706,101023,106340,table-of-5317,5316,/table-of-5316,5315,/table-of-5315,5314,/table-of-5314
5318,10636,15954,21272,26590,31908,37226,42544,47862,53180,58498,63816,69134,74452,79770,85088,90406,95724,101042,106360,table-of-5318,5317,/table-of-5317,5316,/table-of-5316,5315,/table-of-5315
5319,10638,15957,21276,26595,31914,37233,42552,47871,53190,58509,63828,69147,74466,79785,85104,90423,95742,101061,106380,table-of-5319,5318,/table-of-5318,5317,/table-of-5317,5316,/table-of-5316
5320,10640,15960,21280,26600,31920,37240,42560,47880,53200,58520,63840,69160,74480,79800,85120,90440,95760,101080,106400,table-of-5320,5319,/table-of-5319,5318,/table-of-5318,5317,/table-of-5317
5321,10642,15963,21284,26605,31926,37247,42568,47889,53210,58531,63852,69173,74494,79815,85136,90457,95778,101099,106420,table-of-5321,5320,/table-of-5320,5319,/table-of-5319,5318,/table-of-5318
5322,10644,15966,21288,26610,31932,37254,42576,47898,53220,58542,63864,69186,74508,79830,85152,90474,95796,101118,106440,table-of-5322,5321,/table-of-5321,5320,/table-of-5320,5319,/table-of-5319
5323,10646,15969,21292,26615,31938,37261,42584,47907,53230,58553,63876,69199,74522,79845,85168,90491,95814,101137,106460,table-of-5323,5322,/table-of-5322,5321,/table-of-5321,5320,/table-of-5320
5324,10648,15972,21296,26620,31944,37268,42592,47916,53240,58564,63888,69212,74536,79860,85184,90508,95832,101156,106480,table-of-5324,5323,/table-of-5323,5322,/table-of-5322,5321,/table-of-5321
5325,10650,15975,21300,26625,31950,37275,42600,47925,53250,58575,63900,69225,74550,79875,85200,90525,95850,101175,106500,table-of-5325,5324,/table-of-5324,5323,/table-of-5323,5322,/table-of-5322
5326,10652,15978,21304,26630,31956,37282,42608,47934,53260,58586,63912,69238,74564,79890,85216,90542,95868,101194,106520,table-of-5326,5325,/table-of-5325,5324,/table-of-5324,5323,/table-of-5323
5327,10654,15981,21308,26635,31962,37289,42616,47943,53270,58597,63924,69251,74578,79905,85232,90559,95886,101213,106540,table-of-5327,5326,/table-of-5326,5325,/table-of-5325,5324,/table-of-5324
5328,10656,15984,21312,26640,31968,37296,42624,47952,53280,58608,63936,69264,74592,79920,85248,90576,95904,101232,106560,table-of-5328,5327,/table-of-5327,5326,/table-of-5326,5325,/table-of-5325
5329,10658,15987,21316,26645,31974,37303,42632,47961,53290,58619,63948,69277,74606,79935,85264,90593,95922,101251,106580,table-of-5329,5328,/table-of-5328,5327,/table-of-5327,5326,/table-of-5326
5330,10660,15990,21320,26650,31980,37310,42640,47970,53300,58630,63960,69290,74620,79950,85280,90610,95940,101270,106600,table-of-5330,5329,/table-of-5329,5328,/table-of-5328,5327,/table-of-5327
5331,10662,15993,21324,26655,31986,37317,42648,47979,53310,58641,63972,69303,74634,79965,85296,90627,95958,101289,106620,table-of-5331,5330,/table-of-5330,5329,/table-of-5329,5328,/table-of-5328
5332,10664,15996,21328,26660,31992,37324,42656,47988,53320,58652,63984,69316,74648,79980,85312,90644,95976,101308,106640,table-of-5332,5331,/table-of-5331,5330,/table-of-5330,5329,/table-of-5329
5333,10666,15999,21332,26665,31998,37331,42664,47997,53330,58663,63996,69329,74662,79995,85328,90661,95994,101327,106660,table-of-5333,5332,/table-of-5332,5331,/table-of-5331,5330,/table-of-5330
5334,10668,16002,21336,26670,32004,37338,42672,48006,53340,58674,64008,69342,74676,80010,85344,90678,96012,101346,106680,table-of-5334,5333,/table-of-5333,5332,/table-of-5332,5331,/table-of-5331
5335,10670,16005,21340,26675,32010,37345,42680,48015,53350,58685,64020,69355,74690,80025,85360,90695,96030,101365,106700,table-of-5335,5334,/table-of-5334,5333,/table-of-5333,5332,/table-of-5332
5336,10672,16008,21344,26680,32016,37352,42688,48024,53360,58696,64032,69368,74704,80040,85376,90712,96048,101384,106720,table-of-5336,5335,/table-of-5335,5334,/table-of-5334,5333,/table-of-5333
5337,10674,16011,21348,26685,32022,37359,42696,48033,53370,58707,64044,69381,74718,80055,85392,90729,96066,101403,106740,table-of-5337,5336,/table-of-5336,5335,/table-of-5335,5334,/table-of-5334
5338,10676,16014,21352,26690,32028,37366,42704,48042,53380,58718,64056,69394,74732,80070,85408,90746,96084,101422,106760,table-of-5338,5337,/table-of-5337,5336,/table-of-5336,5335,/table-of-5335
5339,10678,16017,21356,26695,32034,37373,42712,48051,53390,58729,64068,69407,74746,80085,85424,90763,96102,101441,106780,table-of-5339,5338,/table-of-5338,5337,/table-of-5337,5336,/table-of-5336
5340,10680,16020,21360,26700,32040,37380,42720,48060,53400,58740,64080,69420,74760,80100,85440,90780,96120,101460,106800,table-of-5340,5339,/table-of-5339,5338,/table-of-5338,5337,/table-of-5337
5341,10682,16023,21364,26705,32046,37387,42728,48069,53410,58751,64092,69433,74774,80115,85456,90797,96138,101479,106820,table-of-5341,5340,/table-of-5340,5339,/table-of-5339,5338,/table-of-5338
5342,10684,16026,21368,26710,32052,37394,42736,48078,53420,58762,64104,69446,74788,80130,85472,90814,96156,101498,106840,table-of-5342,5341,/table-of-5341,5340,/table-of-5340,5339,/table-of-5339
5343,10686,16029,21372,26715,32058,37401,42744,48087,53430,58773,64116,69459,74802,80145,85488,90831,96174,101517,106860,table-of-5343,5342,/table-of-5342,5341,/table-of-5341,5340,/table-of-5340
5344,10688,16032,21376,26720,32064,37408,42752,48096,53440,58784,64128,69472,74816,80160,85504,90848,96192,101536,106880,table-of-5344,5343,/table-of-5343,5342,/table-of-5342,5341,/table-of-5341
5345,10690,16035,21380,26725,32070,37415,42760,48105,53450,58795,64140,69485,74830,80175,85520,90865,96210,101555,106900,table-of-5345,5344,/table-of-5344,5343,/table-of-5343,5342,/table-of-5342
5346,10692,16038,21384,26730,32076,37422,42768,48114,53460,58806,64152,69498,74844,80190,85536,90882,96228,101574,106920,table-of-5346,5345,/table-of-5345,5344,/table-of-5344,5343,/table-of-5343
5347,10694,16041,21388,26735,32082,37429,42776,48123,53470,58817,64164,69511,74858,80205,85552,90899,96246,101593,106940,table-of-5347,5346,/table-of-5346,5345,/table-of-5345,5344,/table-of-5344
5348,10696,16044,21392,26740,32088,37436,42784,48132,53480,58828,64176,69524,74872,80220,85568,90916,96264,101612,106960,table-of-5348,5347,/table-of-5347,5346,/table-of-5346,5345,/table-of-5345
5349,10698,16047,21396,26745,32094,37443,42792,48141,53490,58839,64188,69537,74886,80235,85584,90933,96282,101631,106980,table-of-5349,5348,/table-of-5348,5347,/table-of-5347,5346,/table-of-5346
5350,10700,16050,21400,26750,32100,37450,42800,48150,53500,58850,64200,69550,74900,80250,85600,90950,96300,101650,107000,table-of-5350,5349,/table-of-5349,5348,/table-of-5348,5347,/table-of-5347
5351,10702,16053,21404,26755,32106,37457,42808,48159,53510,58861,64212,69563,74914,80265,85616,90967,96318,101669,107020,table-of-5351,5350,/table-of-5350,5349,/table-of-5349,5348,/table-of-5348
5352,10704,16056,21408,26760,32112,37464,42816,48168,53520,58872,64224,69576,74928,80280,85632,90984,96336,101688,107040,table-of-5352,5351,/table-of-5351,5350,/table-of-5350,5349,/table-of-5349
5353,10706,16059,21412,26765,32118,37471,42824,48177,53530,58883,64236,69589,74942,80295,85648,91001,96354,101707,107060,table-of-5353,5352,/table-of-5352,5351,/table-of-5351,5350,/table-of-5350
5354,10708,16062,21416,26770,32124,37478,42832,48186,53540,58894,64248,69602,74956,80310,85664,91018,96372,101726,107080,table-of-5354,5353,/table-of-5353,5352,/table-of-5352,5351,/table-of-5351
5355,10710,16065,21420,26775,32130,37485,42840,48195,53550,58905,64260,69615,74970,80325,85680,91035,96390,101745,107100,table-of-5355,5354,/table-of-5354,5353,/table-of-5353,5352,/table-of-5352
5356,10712,16068,21424,26780,32136,37492,42848,48204,53560,58916,64272,69628,74984,80340,85696,91052,96408,101764,107120,table-of-5356,5355,/table-of-5355,5354,/table-of-5354,5353,/table-of-5353
5357,10714,16071,21428,26785,32142,37499,42856,48213,53570,58927,64284,69641,74998,80355,85712,91069,96426,101783,107140,table-of-5357,5356,/table-of-5356,5355,/table-of-5355,5354,/table-of-5354
5358,10716,16074,21432,26790,32148,37506,42864,48222,53580,58938,64296,69654,75012,80370,85728,91086,96444,101802,107160,table-of-5358,5357,/table-of-5357,5356,/table-of-5356,5355,/table-of-5355
5359,10718,16077,21436,26795,32154,37513,42872,48231,53590,58949,64308,69667,75026,80385,85744,91103,96462,101821,107180,table-of-5359,5358,/table-of-5358,5357,/table-of-5357,5356,/table-of-5356
5360,10720,16080,21440,26800,32160,37520,42880,48240,53600,58960,64320,69680,75040,80400,85760,91120,96480,101840,107200,table-of-5360,5359,/table-of-5359,5358,/table-of-5358,5357,/table-of-5357
5361,10722,16083,21444,26805,32166,37527,42888,48249,53610,58971,64332,69693,75054,80415,85776,91137,96498,101859,107220,table-of-5361,5360,/table-of-5360,5359,/table-of-5359,5358,/table-of-5358
5362,10724,16086,21448,26810,32172,37534,42896,48258,53620,58982,64344,69706,75068,80430,85792,91154,96516,101878,107240,table-of-5362,5361,/table-of-5361,5360,/table-of-5360,5359,/table-of-5359
5363,10726,16089,21452,26815,32178,37541,42904,48267,53630,58993,64356,69719,75082,80445,85808,91171,96534,101897,107260,table-of-5363,5362,/table-of-5362,5361,/table-of-5361,5360,/table-of-5360
5364,10728,16092,21456,26820,32184,37548,42912,48276,53640,59004,64368,69732,75096,80460,85824,91188,96552,101916,107280,table-of-5364,5363,/table-of-5363,5362,/table-of-5362,5361,/table-of-5361
5365,10730,16095,21460,26825,32190,37555,42920,48285,53650,59015,64380,69745,75110,80475,85840,91205,96570,101935,107300,table-of-5365,5364,/table-of-5364,5363,/table-of-5363,5362,/table-of-5362
5366,10732,16098,21464,26830,32196,37562,42928,48294,53660,59026,64392,69758,75124,80490,85856,91222,96588,101954,107320,table-of-5366,5365,/table-of-5365,5364,/table-of-5364,5363,/table-of-5363
5367,10734,16101,21468,26835,32202,37569,42936,48303,53670,59037,64404,69771,75138,80505,85872,91239,96606,101973,107340,table-of-5367,5366,/table-of-5366,5365,/table-of-5365,5364,/table-of-5364
5368,10736,16104,21472,26840,32208,37576,42944,48312,53680,59048,64416,69784,75152,80520,85888,91256,96624,101992,107360,table-of-5368,5367,/table-of-5367,5366,/table-of-5366,5365,/table-of-5365
5369,10738,16107,21476,26845,32214,37583,42952,48321,53690,59059,64428,69797,75166,80535,85904,91273,96642,102011,107380,table-of-5369,5368,/table-of-5368,5367,/table-of-5367,5366,/table-of-5366
5370,10740,16110,21480,26850,32220,37590,42960,48330,53700,59070,64440,69810,75180,80550,85920,91290,96660,102030,107400,table-of-5370,5369,/table-of-5369,5368,/table-of-5368,5367,/table-of-5367
5371,10742,16113,21484,26855,32226,37597,42968,48339,53710,59081,64452,69823,75194,80565,85936,91307,96678,102049,107420,table-of-5371,5370,/table-of-5370,5369,/table-of-5369,5368,/table-of-5368
5372,10744,16116,21488,26860,32232,37604,42976,48348,53720,59092,64464,69836,75208,80580,85952,91324,96696,102068,107440,table-of-5372,5371,/table-of-5371,5370,/table-of-5370,5369,/table-of-5369
5373,10746,16119,21492,26865,32238,37611,42984,48357,53730,59103,64476,69849,75222,80595,85968,91341,96714,102087,107460,table-of-5373,5372,/table-of-5372,5371,/table-of-5371,5370,/table-of-5370
5374,10748,16122,21496,26870,32244,37618,42992,48366,53740,59114,64488,69862,75236,80610,85984,91358,96732,102106,107480,table-of-5374,5373,/table-of-5373,5372,/table-of-5372,5371,/table-of-5371
5375,10750,16125,21500,26875,32250,37625,43000,48375,53750,59125,64500,69875,75250,80625,86000,91375,96750,102125,107500,table-of-5375,5374,/table-of-5374,5373,/table-of-5373,5372,/table-of-5372
5376,10752,16128,21504,26880,32256,37632,43008,48384,53760,59136,64512,69888,75264,80640,86016,91392,96768,102144,107520,table-of-5376,5375,/table-of-5375,5374,/table-of-5374,5373,/table-of-5373
5377,10754,16131,21508,26885,32262,37639,43016,48393,53770,59147,64524,69901,75278,80655,86032,91409,96786,102163,107540,table-of-5377,5376,/table-of-5376,5375,/table-of-5375,5374,/table-of-5374
5378,10756,16134,21512,26890,32268,37646,43024,48402,53780,59158,64536,69914,75292,80670,86048,91426,96804,102182,107560,table-of-5378,5377,/table-of-5377,5376,/table-of-5376,5375,/table-of-5375
5379,10758,16137,21516,26895,32274,37653,43032,48411,53790,59169,64548,69927,75306,80685,86064,91443,96822,102201,107580,table-of-5379,5378,/table-of-5378,5377,/table-of-5377,5376,/table-of-5376
5380,10760,16140,21520,26900,32280,37660,43040,48420,53800,59180,64560,69940,75320,80700,86080,91460,96840,102220,107600,table-of-5380,5379,/table-of-5379,5378,/table-of-5378,5377,/table-of-5377
5381,10762,16143,21524,26905,32286,37667,43048,48429,53810,59191,64572,69953,75334,80715,86096,91477,96858,102239,107620,table-of-5381,5380,/table-of-5380,5379,/table-of-5379,5378,/table-of-5378
5382,10764,16146,21528,26910,32292,37674,43056,48438,53820,59202,64584,69966,75348,80730,86112,91494,96876,102258,107640,table-of-5382,5381,/table-of-5381,5380,/table-of-5380,5379,/table-of-5379
5383,10766,16149,21532,26915,32298,37681,43064,48447,53830,59213,64596,69979,75362,80745,86128,91511,96894,102277,107660,table-of-5383,5382,/table-of-5382,5381,/table-of-5381,5380,/table-of-5380
5384,10768,16152,21536,26920,32304,37688,43072,48456,53840,59224,64608,69992,75376,80760,86144,91528,96912,102296,107680,table-of-5384,5383,/table-of-5383,5382,/table-of-5382,5381,/table-of-5381
5385,10770,16155,21540,26925,32310,37695,43080,48465,53850,59235,64620,70005,75390,80775,86160,91545,96930,102315,107700,table-of-5385,5384,/table-of-5384,5383,/table-of-5383,5382,/table-of-5382
5386,10772,16158,21544,26930,32316,37702,43088,48474,53860,59246,64632,70018,75404,80790,86176,91562,96948,102334,107720,table-of-5386,5385,/table-of-5385,5384,/table-of-5384,5383,/table-of-5383
5387,10774,16161,21548,26935,32322,37709,43096,48483,53870,59257,64644,70031,75418,80805,86192,91579,96966,102353,107740,table-of-5387,5386,/table-of-5386,5385,/table-of-5385,5384,/table-of-5384
5388,10776,16164,21552,26940,32328,37716,43104,48492,53880,59268,64656,70044,75432,80820,86208,91596,96984,102372,107760,table-of-5388,5387,/table-of-5387,5386,/table-of-5386,5385,/table-of-5385
5389,10778,16167,21556,26945,32334,37723,43112,48501,53890,59279,64668,70057,75446,80835,86224,91613,97002,102391,107780,table-of-5389,5388,/table-of-5388,5387,/table-of-5387,5386,/table-of-5386
5390,10780,16170,21560,26950,32340,37730,43120,48510,53900,59290,64680,70070,75460,80850,86240,91630,97020,102410,107800,table-of-5390,5389,/table-of-5389,5388,/table-of-5388,5387,/table-of-5387
5391,10782,16173,21564,26955,32346,37737,43128,48519,53910,59301,64692,70083,75474,80865,86256,91647,97038,102429,107820,table-of-5391,5390,/table-of-5390,5389,/table-of-5389,5388,/table-of-5388
5392,10784,16176,21568,26960,32352,37744,43136,48528,53920,59312,64704,70096,75488,80880,86272,91664,97056,102448,107840,table-of-5392,5391,/table-of-5391,5390,/table-of-5390,5389,/table-of-5389
5393,10786,16179,21572,26965,32358,37751,43144,48537,53930,59323,64716,70109,75502,80895,86288,91681,97074,102467,107860,table-of-5393,5392,/table-of-5392,5391,/table-of-5391,5390,/table-of-5390
5394,10788,16182,21576,26970,32364,37758,43152,48546,53940,59334,64728,70122,75516,80910,86304,91698,97092,102486,107880,table-of-5394,5393,/table-of-5393,5392,/table-of-5392,5391,/table-of-5391
5395,10790,16185,21580,26975,32370,37765,43160,48555,53950,59345,64740,70135,75530,80925,86320,91715,97110,102505,107900,table-of-5395,5394,/table-of-5394,5393,/table-of-5393,5392,/table-of-5392
5396,10792,16188,21584,26980,32376,37772,43168,48564,53960,59356,64752,70148,75544,80940,86336,91732,97128,102524,107920,table-of-5396,5395,/table-of-5395,5394,/table-of-5394,5393,/table-of-5393
5397,10794,16191,21588,26985,32382,37779,43176,48573,53970,59367,64764,70161,75558,80955,86352,91749,97146,102543,107940,table-of-5397,5396,/table-of-5396,5395,/table-of-5395,5394,/table-of-5394
5398,10796,16194,21592,26990,32388,37786,43184,48582,53980,59378,64776,70174,75572,80970,86368,91766,97164,102562,107960,table-of-5398,5397,/table-of-5397,5396,/table-of-5396,5395,/table-of-5395
5399,10798,16197,21596,26995,32394,37793,43192,48591,53990,59389,64788,70187,75586,80985,86384,91783,97182,102581,107980,table-of-5399,5398,/table-of-5398,5397,/table-of-5397,5396,/table-of-5396
5400,10800,16200,21600,27000,32400,37800,43200,48600,54000,59400,64800,70200,75600,81000,86400,91800,97200,102600,108000,table-of-5400,5399,/table-of-5399,5398,/table-of-5398,5397,/table-of-5397
5401,10802,16203,21604,27005,32406,37807,43208,48609,54010,59411,64812,70213,75614,81015,86416,91817,97218,102619,108020,table-of-5401,5400,/table-of-5400,5399,/table-of-5399,5398,/table-of-5398
5402,10804,16206,21608,27010,32412,37814,43216,48618,54020,59422,64824,70226,75628,81030,86432,91834,97236,102638,108040,table-of-5402,5401,/table-of-5401,5400,/table-of-5400,5399,/table-of-5399
5403,10806,16209,21612,27015,32418,37821,43224,48627,54030,59433,64836,70239,75642,81045,86448,91851,97254,102657,108060,table-of-5403,5402,/table-of-5402,5401,/table-of-5401,5400,/table-of-5400
5404,10808,16212,21616,27020,32424,37828,43232,48636,54040,59444,64848,70252,75656,81060,86464,91868,97272,102676,108080,table-of-5404,5403,/table-of-5403,5402,/table-of-5402,5401,/table-of-5401
5405,10810,16215,21620,27025,32430,37835,43240,48645,54050,59455,64860,70265,75670,81075,86480,91885,97290,102695,108100,table-of-5405,5404,/table-of-5404,5403,/table-of-5403,5402,/table-of-5402
5406,10812,16218,21624,27030,32436,37842,43248,48654,54060,59466,64872,70278,75684,81090,86496,91902,97308,102714,108120,table-of-5406,5405,/table-of-5405,5404,/table-of-5404,5403,/table-of-5403
5407,10814,16221,21628,27035,32442,37849,43256,48663,54070,59477,64884,70291,75698,81105,86512,91919,97326,102733,108140,table-of-5407,5406,/table-of-5406,5405,/table-of-5405,5404,/table-of-5404
5408,10816,16224,21632,27040,32448,37856,43264,48672,54080,59488,64896,70304,75712,81120,86528,91936,97344,102752,108160,table-of-5408,5407,/table-of-5407,5406,/table-of-5406,5405,/table-of-5405
5409,10818,16227,21636,27045,32454,37863,43272,48681,54090,59499,64908,70317,75726,81135,86544,91953,97362,102771,108180,table-of-5409,5408,/table-of-5408,5407,/table-of-5407,5406,/table-of-5406
5410,10820,16230,21640,27050,32460,37870,43280,48690,54100,59510,64920,70330,75740,81150,86560,91970,97380,102790,108200,table-of-5410,5409,/table-of-5409,5408,/table-of-5408,5407,/table-of-5407
5411,10822,16233,21644,27055,32466,37877,43288,48699,54110,59521,64932,70343,75754,81165,86576,91987,97398,102809,108220,table-of-5411,5410,/table-of-5410,5409,/table-of-5409,5408,/table-of-5408
5412,10824,16236,21648,27060,32472,37884,43296,48708,54120,59532,64944,70356,75768,81180,86592,92004,97416,102828,108240,table-of-5412,5411,/table-of-5411,5410,/table-of-5410,5409,/table-of-5409
5413,10826,16239,21652,27065,32478,37891,43304,48717,54130,59543,64956,70369,75782,81195,86608,92021,97434,102847,108260,table-of-5413,5412,/table-of-5412,5411,/table-of-5411,5410,/table-of-5410
5414,10828,16242,21656,27070,32484,37898,43312,48726,54140,59554,64968,70382,75796,81210,86624,92038,97452,102866,108280,table-of-5414,5413,/table-of-5413,5412,/table-of-5412,5411,/table-of-5411
5415,10830,16245,21660,27075,32490,37905,43320,48735,54150,59565,64980,70395,75810,81225,86640,92055,97470,102885,108300,table-of-5415,5414,/table-of-5414,5413,/table-of-5413,5412,/table-of-5412
5416,10832,16248,21664,27080,32496,37912,43328,48744,54160,59576,64992,70408,75824,81240,86656,92072,97488,102904,108320,table-of-5416,5415,/table-of-5415,5414,/table-of-5414,5413,/table-of-5413
5417,10834,16251,21668,27085,32502,37919,43336,48753,54170,59587,65004,70421,75838,81255,86672,92089,97506,102923,108340,table-of-5417,5416,/table-of-5416,5415,/table-of-5415,5414,/table-of-5414
5418,10836,16254,21672,27090,32508,37926,43344,48762,54180,59598,65016,70434,75852,81270,86688,92106,97524,102942,108360,table-of-5418,5417,/table-of-5417,5416,/table-of-5416,5415,/table-of-5415
5419,10838,16257,21676,27095,32514,37933,43352,48771,54190,59609,65028,70447,75866,81285,86704,92123,97542,102961,108380,table-of-5419,5418,/table-of-5418,5417,/table-of-5417,5416,/table-of-5416
5420,10840,16260,21680,27100,32520,37940,43360,48780,54200,59620,65040,70460,75880,81300,86720,92140,97560,102980,108400,table-of-5420,5419,/table-of-5419,5418,/table-of-5418,5417,/table-of-5417
5421,10842,16263,21684,27105,32526,37947,43368,48789,54210,59631,65052,70473,75894,81315,86736,92157,97578,102999,108420,table-of-5421,5420,/table-of-5420,5419,/table-of-5419,5418,/table-of-5418
5422,10844,16266,21688,27110,32532,37954,43376,48798,54220,59642,65064,70486,75908,81330,86752,92174,97596,103018,108440,table-of-5422,5421,/table-of-5421,5420,/table-of-5420,5419,/table-of-5419
5423,10846,16269,21692,27115,32538,37961,43384,48807,54230,59653,65076,70499,75922,81345,86768,92191,97614,103037,108460,table-of-5423,5422,/table-of-5422,5421,/table-of-5421,5420,/table-of-5420
5424,10848,16272,21696,27120,32544,37968,43392,48816,54240,59664,65088,70512,75936,81360,86784,92208,97632,103056,108480,table-of-5424,5423,/table-of-5423,5422,/table-of-5422,5421,/table-of-5421
5425,10850,16275,21700,27125,32550,37975,43400,48825,54250,59675,65100,70525,75950,81375,86800,92225,97650,103075,108500,table-of-5425,5424,/table-of-5424,5423,/table-of-5423,5422,/table-of-5422
5426,10852,16278,21704,27130,32556,37982,43408,48834,54260,59686,65112,70538,75964,81390,86816,92242,97668,103094,108520,table-of-5426,5425,/table-of-5425,5424,/table-of-5424,5423,/table-of-5423
5427,10854,16281,21708,27135,32562,37989,43416,48843,54270,59697,65124,70551,75978,81405,86832,92259,97686,103113,108540,table-of-5427,5426,/table-of-5426,5425,/table-of-5425,5424,/table-of-5424
5428,10856,16284,21712,27140,32568,37996,43424,48852,54280,59708,65136,70564,75992,81420,86848,92276,97704,103132,108560,table-of-5428,5427,/table-of-5427,5426,/table-of-5426,5425,/table-of-5425
5429,10858,16287,21716,27145,32574,38003,43432,48861,54290,59719,65148,70577,76006,81435,86864,92293,97722,103151,108580,table-of-5429,5428,/table-of-5428,5427,/table-of-5427,5426,/table-of-5426
5430,10860,16290,21720,27150,32580,38010,43440,48870,54300,59730,65160,70590,76020,81450,86880,92310,97740,103170,108600,table-of-5430,5429,/table-of-5429,5428,/table-of-5428,5427,/table-of-5427
5431,10862,16293,21724,27155,32586,38017,43448,48879,54310,59741,65172,70603,76034,81465,86896,92327,97758,103189,108620,table-of-5431,5430,/table-of-5430,5429,/table-of-5429,5428,/table-of-5428
5432,10864,16296,21728,27160,32592,38024,43456,48888,54320,59752,65184,70616,76048,81480,86912,92344,97776,103208,108640,table-of-5432,5431,/table-of-5431,5430,/table-of-5430,5429,/table-of-5429
5433,10866,16299,21732,27165,32598,38031,43464,48897,54330,59763,65196,70629,76062,81495,86928,92361,97794,103227,108660,table-of-5433,5432,/table-of-5432,5431,/table-of-5431,5430,/table-of-5430
5434,10868,16302,21736,27170,32604,38038,43472,48906,54340,59774,65208,70642,76076,81510,86944,92378,97812,103246,108680,table-of-5434,5433,/table-of-5433,5432,/table-of-5432,5431,/table-of-5431
5435,10870,16305,21740,27175,32610,38045,43480,48915,54350,59785,65220,70655,76090,81525,86960,92395,97830,103265,108700,table-of-5435,5434,/table-of-5434,5433,/table-of-5433,5432,/table-of-5432
5436,10872,16308,21744,27180,32616,38052,43488,48924,54360,59796,65232,70668,76104,81540,86976,92412,97848,103284,108720,table-of-5436,5435,/table-of-5435,5434,/table-of-5434,5433,/table-of-5433
5437,10874,16311,21748,27185,32622,38059,43496,48933,54370,59807,65244,70681,76118,81555,86992,92429,97866,103303,108740,table-of-5437,5436,/table-of-5436,5435,/table-of-5435,5434,/table-of-5434
5438,10876,16314,21752,27190,32628,38066,43504,48942,54380,59818,65256,70694,76132,81570,87008,92446,97884,103322,108760,table-of-5438,5437,/table-of-5437,5436,/table-of-5436,5435,/table-of-5435
5439,10878,16317,21756,27195,32634,38073,43512,48951,54390,59829,65268,70707,76146,81585,87024,92463,97902,103341,108780,table-of-5439,5438,/table-of-5438,5437,/table-of-5437,5436,/table-of-5436
5440,10880,16320,21760,27200,32640,38080,43520,48960,54400,59840,65280,70720,76160,81600,87040,92480,97920,103360,108800,table-of-5440,5439,/table-of-5439,5438,/table-of-5438,5437,/table-of-5437
5441,10882,16323,21764,27205,32646,38087,43528,48969,54410,59851,65292,70733,76174,81615,87056,92497,97938,103379,108820,table-of-5441,5440,/table-of-5440,5439,/table-of-5439,5438,/table-of-5438
5442,10884,16326,21768,27210,32652,38094,43536,48978,54420,59862,65304,70746,76188,81630,87072,92514,97956,103398,108840,table-of-5442,5441,/table-of-5441,5440,/table-of-5440,5439,/table-of-5439
5443,10886,16329,21772,27215,32658,38101,43544,48987,54430,59873,65316,70759,76202,81645,87088,92531,97974,103417,108860,table-of-5443,5442,/table-of-5442,5441,/table-of-5441,5440,/table-of-5440
5444,10888,16332,21776,27220,32664,38108,43552,48996,54440,59884,65328,70772,76216,81660,87104,92548,97992,103436,108880,table-of-5444,5443,/table-of-5443,5442,/table-of-5442,5441,/table-of-5441
5445,10890,16335,21780,27225,32670,38115,43560,49005,54450,59895,65340,70785,76230,81675,87120,92565,98010,103455,108900,table-of-5445,5444,/table-of-5444,5443,/table-of-5443,5442,/table-of-5442
5446,10892,16338,21784,27230,32676,38122,43568,49014,54460,59906,65352,70798,76244,81690,87136,92582,98028,103474,108920,table-of-5446,5445,/table-of-5445,5444,/table-of-5444,5443,/table-of-5443
5447,10894,16341,21788,27235,32682,38129,43576,49023,54470,59917,65364,70811,76258,81705,87152,92599,98046,103493,108940,table-of-5447,5446,/table-of-5446,5445,/table-of-5445,5444,/table-of-5444
5448,10896,16344,21792,27240,32688,38136,43584,49032,54480,59928,65376,70824,76272,81720,87168,92616,98064,103512,108960,table-of-5448,5447,/table-of-5447,5446,/table-of-5446,5445,/table-of-5445
5449,10898,16347,21796,27245,32694,38143,43592,49041,54490,59939,65388,70837,76286,81735,87184,92633,98082,103531,108980,table-of-5449,5448,/table-of-5448,5447,/table-of-5447,5446,/table-of-5446
5450,10900,16350,21800,27250,32700,38150,43600,49050,54500,59950,65400,70850,76300,81750,87200,92650,98100,103550,109000,table-of-5450,5449,/table-of-5449,5448,/table-of-5448,5447,/table-of-5447
5451,10902,16353,21804,27255,32706,38157,43608,49059,54510,59961,65412,70863,76314,81765,87216,92667,98118,103569,109020,table-of-5451,5450,/table-of-5450,5449,/table-of-5449,5448,/table-of-5448
5452,10904,16356,21808,27260,32712,38164,43616,49068,54520,59972,65424,70876,76328,81780,87232,92684,98136,103588,109040,table-of-5452,5451,/table-of-5451,5450,/table-of-5450,5449,/table-of-5449
5453,10906,16359,21812,27265,32718,38171,43624,49077,54530,59983,65436,70889,76342,81795,87248,92701,98154,103607,109060,table-of-5453,5452,/table-of-5452,5451,/table-of-5451,5450,/table-of-5450
5454,10908,16362,21816,27270,32724,38178,43632,49086,54540,59994,65448,70902,76356,81810,87264,92718,98172,103626,109080,table-of-5454,5453,/table-of-5453,5452,/table-of-5452,5451,/table-of-5451
5455,10910,16365,21820,27275,32730,38185,43640,49095,54550,60005,65460,70915,76370,81825,87280,92735,98190,103645,109100,table-of-5455,5454,/table-of-5454,5453,/table-of-5453,5452,/table-of-5452
5456,10912,16368,21824,27280,32736,38192,43648,49104,54560,60016,65472,70928,76384,81840,87296,92752,98208,103664,109120,table-of-5456,5455,/table-of-5455,5454,/table-of-5454,5453,/table-of-5453
5457,10914,16371,21828,27285,32742,38199,43656,49113,54570,60027,65484,70941,76398,81855,87312,92769,98226,103683,109140,table-of-5457,5456,/table-of-5456,5455,/table-of-5455,5454,/table-of-5454
5458,10916,16374,21832,27290,32748,38206,43664,49122,54580,60038,65496,70954,76412,81870,87328,92786,98244,103702,109160,table-of-5458,5457,/table-of-5457,5456,/table-of-5456,5455,/table-of-5455
5459,10918,16377,21836,27295,32754,38213,43672,49131,54590,60049,65508,70967,76426,81885,87344,92803,98262,103721,109180,table-of-5459,5458,/table-of-5458,5457,/table-of-5457,5456,/table-of-5456
5460,10920,16380,21840,27300,32760,38220,43680,49140,54600,60060,65520,70980,76440,81900,87360,92820,98280,103740,109200,table-of-5460,5459,/table-of-5459,5458,/table-of-5458,5457,/table-of-5457
5461,10922,16383,21844,27305,32766,38227,43688,49149,54610,60071,65532,70993,76454,81915,87376,92837,98298,103759,109220,table-of-5461,5460,/table-of-5460,5459,/table-of-5459,5458,/table-of-5458
5462,10924,16386,21848,27310,32772,38234,43696,49158,54620,60082,65544,71006,76468,81930,87392,92854,98316,103778,109240,table-of-5462,5461,/table-of-5461,5460,/table-of-5460,5459,/table-of-5459
5463,10926,16389,21852,27315,32778,38241,43704,49167,54630,60093,65556,71019,76482,81945,87408,92871,98334,103797,109260,table-of-5463,5462,/table-of-5462,5461,/table-of-5461,5460,/table-of-5460
5464,10928,16392,21856,27320,32784,38248,43712,49176,54640,60104,65568,71032,76496,81960,87424,92888,98352,103816,109280,table-of-5464,5463,/table-of-5463,5462,/table-of-5462,5461,/table-of-5461
5465,10930,16395,21860,27325,32790,38255,43720,49185,54650,60115,65580,71045,76510,81975,87440,92905,98370,103835,109300,table-of-5465,5464,/table-of-5464,5463,/table-of-5463,5462,/table-of-5462
5466,10932,16398,21864,27330,32796,38262,43728,49194,54660,60126,65592,71058,76524,81990,87456,92922,98388,103854,109320,table-of-5466,5465,/table-of-5465,5464,/table-of-5464,5463,/table-of-5463
5467,10934,16401,21868,27335,32802,38269,43736,49203,54670,60137,65604,71071,76538,82005,87472,92939,98406,103873,109340,table-of-5467,5466,/table-of-5466,5465,/table-of-5465,5464,/table-of-5464
5468,10936,16404,21872,27340,32808,38276,43744,49212,54680,60148,65616,71084,76552,82020,87488,92956,98424,103892,109360,table-of-5468,5467,/table-of-5467,5466,/table-of-5466,5465,/table-of-5465
5469,10938,16407,21876,27345,32814,38283,43752,49221,54690,60159,65628,71097,76566,82035,87504,92973,98442,103911,109380,table-of-5469,5468,/table-of-5468,5467,/table-of-5467,5466,/table-of-5466
5470,10940,16410,21880,27350,32820,38290,43760,49230,54700,60170,65640,71110,76580,82050,87520,92990,98460,103930,109400,table-of-5470,5469,/table-of-5469,5468,/table-of-5468,5467,/table-of-5467
5471,10942,16413,21884,27355,32826,38297,43768,49239,54710,60181,65652,71123,76594,82065,87536,93007,98478,103949,109420,table-of-5471,5470,/table-of-5470,5469,/table-of-5469,5468,/table-of-5468
5472,10944,16416,21888,27360,32832,38304,43776,49248,54720,60192,65664,71136,76608,82080,87552,93024,98496,103968,109440,table-of-5472,5471,/table-of-5471,5470,/table-of-5470,5469,/table-of-5469
5473,10946,16419,21892,27365,32838,38311,43784,49257,54730,60203,65676,71149,76622,82095,87568,93041,98514,103987,109460,table-of-5473,5472,/table-of-5472,5471,/table-of-5471,5470,/table-of-5470
5474,10948,16422,21896,27370,32844,38318,43792,49266,54740,60214,65688,71162,76636,82110,87584,93058,98532,104006,109480,table-of-5474,5473,/table-of-5473,5472,/table-of-5472,5471,/table-of-5471
5475,10950,16425,21900,27375,32850,38325,43800,49275,54750,60225,65700,71175,76650,82125,87600,93075,98550,104025,109500,table-of-5475,5474,/table-of-5474,5473,/table-of-5473,5472,/table-of-5472
5476,10952,16428,21904,27380,32856,38332,43808,49284,54760,60236,65712,71188,76664,82140,87616,93092,98568,104044,109520,table-of-5476,5475,/table-of-5475,5474,/table-of-5474,5473,/table-of-5473
5477,10954,16431,21908,27385,32862,38339,43816,49293,54770,60247,65724,71201,76678,82155,87632,93109,98586,104063,109540,table-of-5477,5476,/table-of-5476,5475,/table-of-5475,5474,/table-of-5474
5478,10956,16434,21912,27390,32868,38346,43824,49302,54780,60258,65736,71214,76692,82170,87648,93126,98604,104082,109560,table-of-5478,5477,/table-of-5477,5476,/table-of-5476,5475,/table-of-5475
5479,10958,16437,21916,27395,32874,38353,43832,49311,54790,60269,65748,71227,76706,82185,87664,93143,98622,104101,109580,table-of-5479,5478,/table-of-5478,5477,/table-of-5477,5476,/table-of-5476
5480,10960,16440,21920,27400,32880,38360,43840,49320,54800,60280,65760,71240,76720,82200,87680,93160,98640,104120,109600,table-of-5480,5479,/table-of-5479,5478,/table-of-5478,5477,/table-of-5477
5481,10962,16443,21924,27405,32886,38367,43848,49329,54810,60291,65772,71253,76734,82215,87696,93177,98658,104139,109620,table-of-5481,5480,/table-of-5480,5479,/table-of-5479,5478,/table-of-5478
5482,10964,16446,21928,27410,32892,38374,43856,49338,54820,60302,65784,71266,76748,82230,87712,93194,98676,104158,109640,table-of-5482,5481,/table-of-5481,5480,/table-of-5480,5479,/table-of-5479
5483,10966,16449,21932,27415,32898,38381,43864,49347,54830,60313,65796,71279,76762,82245,87728,93211,98694,104177,109660,table-of-5483,5482,/table-of-5482,5481,/table-of-5481,5480,/table-of-5480
5484,10968,16452,21936,27420,32904,38388,43872,49356,54840,60324,65808,71292,76776,82260,87744,93228,98712,104196,109680,table-of-5484,5483,/table-of-5483,5482,/table-of-5482,5481,/table-of-5481
5485,10970,16455,21940,27425,32910,38395,43880,49365,54850,60335,65820,71305,76790,82275,87760,93245,98730,104215,109700,table-of-5485,5484,/table-of-5484,5483,/table-of-5483,5482,/table-of-5482
5486,10972,16458,21944,27430,32916,38402,43888,49374,54860,60346,65832,71318,76804,82290,87776,93262,98748,104234,109720,table-of-5486,5485,/table-of-5485,5484,/table-of-5484,5483,/table-of-5483
5487,10974,16461,21948,27435,32922,38409,43896,49383,54870,60357,65844,71331,76818,82305,87792,93279,98766,104253,109740,table-of-5487,5486,/table-of-5486,5485,/table-of-5485,5484,/table-of-5484
5488,10976,16464,21952,27440,32928,38416,43904,49392,54880,60368,65856,71344,76832,82320,87808,93296,98784,104272,109760,table-of-5488,5487,/table-of-5487,5486,/table-of-5486,5485,/table-of-5485
5489,10978,16467,21956,27445,32934,38423,43912,49401,54890,60379,65868,71357,76846,82335,87824,93313,98802,104291,109780,table-of-5489,5488,/table-of-5488,5487,/table-of-5487,5486,/table-of-5486
5490,10980,16470,21960,27450,32940,38430,43920,49410,54900,60390,65880,71370,76860,82350,87840,93330,98820,104310,109800,table-of-5490,5489,/table-of-5489,5488,/table-of-5488,5487,/table-of-5487
5491,10982,16473,21964,27455,32946,38437,43928,49419,54910,60401,65892,71383,76874,82365,87856,93347,98838,104329,109820,table-of-5491,5490,/table-of-5490,5489,/table-of-5489,5488,/table-of-5488
5492,10984,16476,21968,27460,32952,38444,43936,49428,54920,60412,65904,71396,76888,82380,87872,93364,98856,104348,109840,table-of-5492,5491,/table-of-5491,5490,/table-of-5490,5489,/table-of-5489
5493,10986,16479,21972,27465,32958,38451,43944,49437,54930,60423,65916,71409,76902,82395,87888,93381,98874,104367,109860,table-of-5493,5492,/table-of-5492,5491,/table-of-5491,5490,/table-of-5490
5494,10988,16482,21976,27470,32964,38458,43952,49446,54940,60434,65928,71422,76916,82410,87904,93398,98892,104386,109880,table-of-5494,5493,/table-of-5493,5492,/table-of-5492,5491,/table-of-5491
5495,10990,16485,21980,27475,32970,38465,43960,49455,54950,60445,65940,71435,76930,82425,87920,93415,98910,104405,109900,table-of-5495,5494,/table-of-5494,5493,/table-of-5493,5492,/table-of-5492
5496,10992,16488,21984,27480,32976,38472,43968,49464,54960,60456,65952,71448,76944,82440,87936,93432,98928,104424,109920,table-of-5496,5495,/table-of-5495,5494,/table-of-5494,5493,/table-of-5493
5497,10994,16491,21988,27485,32982,38479,43976,49473,54970,60467,65964,71461,76958,82455,87952,93449,98946,104443,109940,table-of-5497,5496,/table-of-5496,5495,/table-of-5495,5494,/table-of-5494
5498,10996,16494,21992,27490,32988,38486,43984,49482,54980,60478,65976,71474,76972,82470,87968,93466,98964,104462,109960,table-of-5498,5497,/table-of-5497,5496,/table-of-5496,5495,/table-of-5495
5499,10998,16497,21996,27495,32994,38493,43992,49491,54990,60489,65988,71487,76986,82485,87984,93483,98982,104481,109980,table-of-5499,5498,/table-of-5498,5497,/table-of-5497,5496,/table-of-5496
5500,11000,16500,22000,27500,33000,38500,44000,49500,55000,60500,66000,71500,77000,82500,88000,93500,99000,104500,110000,table-of-5500,5499,/table-of-5499,5498,/table-of-5498,5497,/table-of-5497
5501,11002,16503,22004,27505,33006,38507,44008,49509,55010,60511,66012,71513,77014,82515,88016,93517,99018,104519,110020,table-of-5501,5500,/table-of-5500,5499,/table-of-5499,5498,/table-of-5498
5502,11004,16506,22008,27510,33012,38514,44016,49518,55020,60522,66024,71526,77028,82530,88032,93534,99036,104538,110040,table-of-5502,5501,/table-of-5501,5500,/table-of-5500,5499,/table-of-5499
5503,11006,16509,22012,27515,33018,38521,44024,49527,55030,60533,66036,71539,77042,82545,88048,93551,99054,104557,110060,table-of-5503,5502,/table-of-5502,5501,/table-of-5501,5500,/table-of-5500
5504,11008,16512,22016,27520,33024,38528,44032,49536,55040,60544,66048,71552,77056,82560,88064,93568,99072,104576,110080,table-of-5504,5503,/table-of-5503,5502,/table-of-5502,5501,/table-of-5501
5505,11010,16515,22020,27525,33030,38535,44040,49545,55050,60555,66060,71565,77070,82575,88080,93585,99090,104595,110100,table-of-5505,5504,/table-of-5504,5503,/table-of-5503,5502,/table-of-5502
5506,11012,16518,22024,27530,33036,38542,44048,49554,55060,60566,66072,71578,77084,82590,88096,93602,99108,104614,110120,table-of-5506,5505,/table-of-5505,5504,/table-of-5504,5503,/table-of-5503
5507,11014,16521,22028,27535,33042,38549,44056,49563,55070,60577,66084,71591,77098,82605,88112,93619,99126,104633,110140,table-of-5507,5506,/table-of-5506,5505,/table-of-5505,5504,/table-of-5504
5508,11016,16524,22032,27540,33048,38556,44064,49572,55080,60588,66096,71604,77112,82620,88128,93636,99144,104652,110160,table-of-5508,5507,/table-of-5507,5506,/table-of-5506,5505,/table-of-5505
5509,11018,16527,22036,27545,33054,38563,44072,49581,55090,60599,66108,71617,77126,82635,88144,93653,99162,104671,110180,table-of-5509,5508,/table-of-5508,5507,/table-of-5507,5506,/table-of-5506
5510,11020,16530,22040,27550,33060,38570,44080,49590,55100,60610,66120,71630,77140,82650,88160,93670,99180,104690,110200,table-of-5510,5509,/table-of-5509,5508,/table-of-5508,5507,/table-of-5507
5511,11022,16533,22044,27555,33066,38577,44088,49599,55110,60621,66132,71643,77154,82665,88176,93687,99198,104709,110220,table-of-5511,5510,/table-of-5510,5509,/table-of-5509,5508,/table-of-5508
5512,11024,16536,22048,27560,33072,38584,44096,49608,55120,60632,66144,71656,77168,82680,88192,93704,99216,104728,110240,table-of-5512,5511,/table-of-5511,5510,/table-of-5510,5509,/table-of-5509
5513,11026,16539,22052,27565,33078,38591,44104,49617,55130,60643,66156,71669,77182,82695,88208,93721,99234,104747,110260,table-of-5513,5512,/table-of-5512,5511,/table-of-5511,5510,/table-of-5510
5514,11028,16542,22056,27570,33084,38598,44112,49626,55140,60654,66168,71682,77196,82710,88224,93738,99252,104766,110280,table-of-5514,5513,/table-of-5513,5512,/table-of-5512,5511,/table-of-5511
5515,11030,16545,22060,27575,33090,38605,44120,49635,55150,60665,66180,71695,77210,82725,88240,93755,99270,104785,110300,table-of-5515,5514,/table-of-5514,5513,/table-of-5513,5512,/table-of-5512
5516,11032,16548,22064,27580,33096,38612,44128,49644,55160,60676,66192,71708,77224,82740,88256,93772,99288,104804,110320,table-of-5516,5515,/table-of-5515,5514,/table-of-5514,5513,/table-of-5513
5517,11034,16551,22068,27585,33102,38619,44136,49653,55170,60687,66204,71721,77238,82755,88272,93789,99306,104823,110340,table-of-5517,5516,/table-of-5516,5515,/table-of-5515,5514,/table-of-5514
5518,11036,16554,22072,27590,33108,38626,44144,49662,55180,60698,66216,71734,77252,82770,88288,93806,99324,104842,110360,table-of-5518,5517,/table-of-5517,5516,/table-of-5516,5515,/table-of-5515
5519,11038,16557,22076,27595,33114,38633,44152,49671,55190,60709,66228,71747,77266,82785,88304,93823,99342,104861,110380,table-of-5519,5518,/table-of-5518,5517,/table-of-5517,5516,/table-of-5516
5520,11040,16560,22080,27600,33120,38640,44160,49680,55200,60720,66240,71760,77280,82800,88320,93840,99360,104880,110400,table-of-5520,5519,/table-of-5519,5518,/table-of-5518,5517,/table-of-5517
5521,11042,16563,22084,27605,33126,38647,44168,49689,55210,60731,66252,71773,77294,82815,88336,93857,99378,104899,110420,table-of-5521,5520,/table-of-5520,5519,/table-of-5519,5518,/table-of-5518
5522,11044,16566,22088,27610,33132,38654,44176,49698,55220,60742,66264,71786,77308,82830,88352,93874,99396,104918,110440,table-of-5522,5521,/table-of-5521,5520,/table-of-5520,5519,/table-of-5519
5523,11046,16569,22092,27615,33138,38661,44184,49707,55230,60753,66276,71799,77322,82845,88368,93891,99414,104937,110460,table-of-5523,5522,/table-of-5522,5521,/table-of-5521,5520,/table-of-5520
5524,11048,16572,22096,27620,33144,38668,44192,49716,55240,60764,66288,71812,77336,82860,88384,93908,99432,104956,110480,table-of-5524,5523,/table-of-5523,5522,/table-of-5522,5521,/table-of-5521
5525,11050,16575,22100,27625,33150,38675,44200,49725,55250,60775,66300,71825,77350,82875,88400,93925,99450,104975,110500,table-of-5525,5524,/table-of-5524,5523,/table-of-5523,5522,/table-of-5522
5526,11052,16578,22104,27630,33156,38682,44208,49734,55260,60786,66312,71838,77364,82890,88416,93942,99468,104994,110520,table-of-5526,5525,/table-of-5525,5524,/table-of-5524,5523,/table-of-5523
5527,11054,16581,22108,27635,33162,38689,44216,49743,55270,60797,66324,71851,77378,82905,88432,93959,99486,105013,110540,table-of-5527,5526,/table-of-5526,5525,/table-of-5525,5524,/table-of-5524
5528,11056,16584,22112,27640,33168,38696,44224,49752,55280,60808,66336,71864,77392,82920,88448,93976,99504,105032,110560,table-of-5528,5527,/table-of-5527,5526,/table-of-5526,5525,/table-of-5525
5529,11058,16587,22116,27645,33174,38703,44232,49761,55290,60819,66348,71877,77406,82935,88464,93993,99522,105051,110580,table-of-5529,5528,/table-of-5528,5527,/table-of-5527,5526,/table-of-5526
5530,11060,16590,22120,27650,33180,38710,44240,49770,55300,60830,66360,71890,77420,82950,88480,94010,99540,105070,110600,table-of-5530,5529,/table-of-5529,5528,/table-of-5528,5527,/table-of-5527
5531,11062,16593,22124,27655,33186,38717,44248,49779,55310,60841,66372,71903,77434,82965,88496,94027,99558,105089,110620,table-of-5531,5530,/table-of-5530,5529,/table-of-5529,5528,/table-of-5528
5532,11064,16596,22128,27660,33192,38724,44256,49788,55320,60852,66384,71916,77448,82980,88512,94044,99576,105108,110640,table-of-5532,5531,/table-of-5531,5530,/table-of-5530,5529,/table-of-5529
5533,11066,16599,22132,27665,33198,38731,44264,49797,55330,60863,66396,71929,77462,82995,88528,94061,99594,105127,110660,table-of-5533,5532,/table-of-5532,5531,/table-of-5531,5530,/table-of-5530
5534,11068,16602,22136,27670,33204,38738,44272,49806,55340,60874,66408,71942,77476,83010,88544,94078,99612,105146,110680,table-of-5534,5533,/table-of-5533,5532,/table-of-5532,5531,/table-of-5531
5535,11070,16605,22140,27675,33210,38745,44280,49815,55350,60885,66420,71955,77490,83025,88560,94095,99630,105165,110700,table-of-5535,5534,/table-of-5534,5533,/table-of-5533,5532,/table-of-5532
5536,11072,16608,22144,27680,33216,38752,44288,49824,55360,60896,66432,71968,77504,83040,88576,94112,99648,105184,110720,table-of-5536,5535,/table-of-5535,5534,/table-of-5534,5533,/table-of-5533
5537,11074,16611,22148,27685,33222,38759,44296,49833,55370,60907,66444,71981,77518,83055,88592,94129,99666,105203,110740,table-of-5537,5536,/table-of-5536,5535,/table-of-5535,5534,/table-of-5534
5538,11076,16614,22152,27690,33228,38766,44304,49842,55380,60918,66456,71994,77532,83070,88608,94146,99684,105222,110760,table-of-5538,5537,/table-of-5537,5536,/table-of-5536,5535,/table-of-5535
5539,11078,16617,22156,27695,33234,38773,44312,49851,55390,60929,66468,72007,77546,83085,88624,94163,99702,105241,110780,table-of-5539,5538,/table-of-5538,5537,/table-of-5537,5536,/table-of-5536
5540,11080,16620,22160,27700,33240,38780,44320,49860,55400,60940,66480,72020,77560,83100,88640,94180,99720,105260,110800,table-of-5540,5539,/table-of-5539,5538,/table-of-5538,5537,/table-of-5537
5541,11082,16623,22164,27705,33246,38787,44328,49869,55410,60951,66492,72033,77574,83115,88656,94197,99738,105279,110820,table-of-5541,5540,/table-of-5540,5539,/table-of-5539,5538,/table-of-5538
5542,11084,16626,22168,27710,33252,38794,44336,49878,55420,60962,66504,72046,77588,83130,88672,94214,99756,105298,110840,table-of-5542,5541,/table-of-5541,5540,/table-of-5540,5539,/table-of-5539
5543,11086,16629,22172,27715,33258,38801,44344,49887,55430,60973,66516,72059,77602,83145,88688,94231,99774,105317,110860,table-of-5543,5542,/table-of-5542,5541,/table-of-5541,5540,/table-of-5540
5544,11088,16632,22176,27720,33264,38808,44352,49896,55440,60984,66528,72072,77616,83160,88704,94248,99792,105336,110880,table-of-5544,5543,/table-of-5543,5542,/table-of-5542,5541,/table-of-5541
5545,11090,16635,22180,27725,33270,38815,44360,49905,55450,60995,66540,72085,77630,83175,88720,94265,99810,105355,110900,table-of-5545,5544,/table-of-5544,5543,/table-of-5543,5542,/table-of-5542
5546,11092,16638,22184,27730,33276,38822,44368,49914,55460,61006,66552,72098,77644,83190,88736,94282,99828,105374,110920,table-of-5546,5545,/table-of-5545,5544,/table-of-5544,5543,/table-of-5543
5547,11094,16641,22188,27735,33282,38829,44376,49923,55470,61017,66564,72111,77658,83205,88752,94299,99846,105393,110940,table-of-5547,5546,/table-of-5546,5545,/table-of-5545,5544,/table-of-5544
5548,11096,16644,22192,27740,33288,38836,44384,49932,55480,61028,66576,72124,77672,83220,88768,94316,99864,105412,110960,table-of-5548,5547,/table-of-5547,5546,/table-of-5546,5545,/table-of-5545
5549,11098,16647,22196,27745,33294,38843,44392,49941,55490,61039,66588,72137,77686,83235,88784,94333,99882,105431,110980,table-of-5549,5548,/table-of-5548,5547,/table-of-5547,5546,/table-of-5546
5550,11100,16650,22200,27750,33300,38850,44400,49950,55500,61050,66600,72150,77700,83250,88800,94350,99900,105450,111000,table-of-5550,5549,/table-of-5549,5548,/table-of-5548,5547,/table-of-5547
5551,11102,16653,22204,27755,33306,38857,44408,49959,55510,61061,66612,72163,77714,83265,88816,94367,99918,105469,111020,table-of-5551,5550,/table-of-5550,5549,/table-of-5549,5548,/table-of-5548
5552,11104,16656,22208,27760,33312,38864,44416,49968,55520,61072,66624,72176,77728,83280,88832,94384,99936,105488,111040,table-of-5552,5551,/table-of-5551,5550,/table-of-5550,5549,/table-of-5549
5553,11106,16659,22212,27765,33318,38871,44424,49977,55530,61083,66636,72189,77742,83295,88848,94401,99954,105507,111060,table-of-5553,5552,/table-of-5552,5551,/table-of-5551,5550,/table-of-5550
5554,11108,16662,22216,27770,33324,38878,44432,49986,55540,61094,66648,72202,77756,83310,88864,94418,99972,105526,111080,table-of-5554,5553,/table-of-5553,5552,/table-of-5552,5551,/table-of-5551
5555,11110,16665,22220,27775,33330,38885,44440,49995,55550,61105,66660,72215,77770,83325,88880,94435,99990,105545,111100,table-of-5555,5554,/table-of-5554,5553,/table-of-5553,5552,/table-of-5552
5556,11112,16668,22224,27780,33336,38892,44448,50004,55560,61116,66672,72228,77784,83340,88896,94452,100008,105564,111120,table-of-5556,5555,/table-of-5555,5554,/table-of-5554,5553,/table-of-5553
5557,11114,16671,22228,27785,33342,38899,44456,50013,55570,61127,66684,72241,77798,83355,88912,94469,100026,105583,111140,table-of-5557,5556,/table-of-5556,5555,/table-of-5555,5554,/table-of-5554
5558,11116,16674,22232,27790,33348,38906,44464,50022,55580,61138,66696,72254,77812,83370,88928,94486,100044,105602,111160,table-of-5558,5557,/table-of-5557,5556,/table-of-5556,5555,/table-of-5555
5559,11118,16677,22236,27795,33354,38913,44472,50031,55590,61149,66708,72267,77826,83385,88944,94503,100062,105621,111180,table-of-5559,5558,/table-of-5558,5557,/table-of-5557,5556,/table-of-5556
5560,11120,16680,22240,27800,33360,38920,44480,50040,55600,61160,66720,72280,77840,83400,88960,94520,100080,105640,111200,table-of-5560,5559,/table-of-5559,5558,/table-of-5558,5557,/table-of-5557
5561,11122,16683,22244,27805,33366,38927,44488,50049,55610,61171,66732,72293,77854,83415,88976,94537,100098,105659,111220,table-of-5561,5560,/table-of-5560,5559,/table-of-5559,5558,/table-of-5558
5562,11124,16686,22248,27810,33372,38934,44496,50058,55620,61182,66744,72306,77868,83430,88992,94554,100116,105678,111240,table-of-5562,5561,/table-of-5561,5560,/table-of-5560,5559,/table-of-5559
5563,11126,16689,22252,27815,33378,38941,44504,50067,55630,61193,66756,72319,77882,83445,89008,94571,100134,105697,111260,table-of-5563,5562,/table-of-5562,5561,/table-of-5561,5560,/table-of-5560
5564,11128,16692,22256,27820,33384,38948,44512,50076,55640,61204,66768,72332,77896,83460,89024,94588,100152,105716,111280,table-of-5564,5563,/table-of-5563,5562,/table-of-5562,5561,/table-of-5561
5565,11130,16695,22260,27825,33390,38955,44520,50085,55650,61215,66780,72345,77910,83475,89040,94605,100170,105735,111300,table-of-5565,5564,/table-of-5564,5563,/table-of-5563,5562,/table-of-5562
5566,11132,16698,22264,27830,33396,38962,44528,50094,55660,61226,66792,72358,77924,83490,89056,94622,100188,105754,111320,table-of-5566,5565,/table-of-5565,5564,/table-of-5564,5563,/table-of-5563
5567,11134,16701,22268,27835,33402,38969,44536,50103,55670,61237,66804,72371,77938,83505,89072,94639,100206,105773,111340,table-of-5567,5566,/table-of-5566,5565,/table-of-5565,5564,/table-of-5564
5568,11136,16704,22272,27840,33408,38976,44544,50112,55680,61248,66816,72384,77952,83520,89088,94656,100224,105792,111360,table-of-5568,5567,/table-of-5567,5566,/table-of-5566,5565,/table-of-5565
5569,11138,16707,22276,27845,33414,38983,44552,50121,55690,61259,66828,72397,77966,83535,89104,94673,100242,105811,111380,table-of-5569,5568,/table-of-5568,5567,/table-of-5567,5566,/table-of-5566
5570,11140,16710,22280,27850,33420,38990,44560,50130,55700,61270,66840,72410,77980,83550,89120,94690,100260,105830,111400,table-of-5570,5569,/table-of-5569,5568,/table-of-5568,5567,/table-of-5567
5571,11142,16713,22284,27855,33426,38997,44568,50139,55710,61281,66852,72423,77994,83565,89136,94707,100278,105849,111420,table-of-5571,5570,/table-of-5570,5569,/table-of-5569,5568,/table-of-5568
5572,11144,16716,22288,27860,33432,39004,44576,50148,55720,61292,66864,72436,78008,83580,89152,94724,100296,105868,111440,table-of-5572,5571,/table-of-5571,5570,/table-of-5570,5569,/table-of-5569
5573,11146,16719,22292,27865,33438,39011,44584,50157,55730,61303,66876,72449,78022,83595,89168,94741,100314,105887,111460,table-of-5573,5572,/table-of-5572,5571,/table-of-5571,5570,/table-of-5570
5574,11148,16722,22296,27870,33444,39018,44592,50166,55740,61314,66888,72462,78036,83610,89184,94758,100332,105906,111480,table-of-5574,5573,/table-of-5573,5572,/table-of-5572,5571,/table-of-5571
5575,11150,16725,22300,27875,33450,39025,44600,50175,55750,61325,66900,72475,78050,83625,89200,94775,100350,105925,111500,table-of-5575,5574,/table-of-5574,5573,/table-of-5573,5572,/table-of-5572
5576,11152,16728,22304,27880,33456,39032,44608,50184,55760,61336,66912,72488,78064,83640,89216,94792,100368,105944,111520,table-of-5576,5575,/table-of-5575,5574,/table-of-5574,5573,/table-of-5573
5577,11154,16731,22308,27885,33462,39039,44616,50193,55770,61347,66924,72501,78078,83655,89232,94809,100386,105963,111540,table-of-5577,5576,/table-of-5576,5575,/table-of-5575,5574,/table-of-5574
5578,11156,16734,22312,27890,33468,39046,44624,50202,55780,61358,66936,72514,78092,83670,89248,94826,100404,105982,111560,table-of-5578,5577,/table-of-5577,5576,/table-of-5576,5575,/table-of-5575
5579,11158,16737,22316,27895,33474,39053,44632,50211,55790,61369,66948,72527,78106,83685,89264,94843,100422,106001,111580,table-of-5579,5578,/table-of-5578,5577,/table-of-5577,5576,/table-of-5576
5580,11160,16740,22320,27900,33480,39060,44640,50220,55800,61380,66960,72540,78120,83700,89280,94860,100440,106020,111600,table-of-5580,5579,/table-of-5579,5578,/table-of-5578,5577,/table-of-5577
5581,11162,16743,22324,27905,33486,39067,44648,50229,55810,61391,66972,72553,78134,83715,89296,94877,100458,106039,111620,table-of-5581,5580,/table-of-5580,5579,/table-of-5579,5578,/table-of-5578
5582,11164,16746,22328,27910,33492,39074,44656,50238,55820,61402,66984,72566,78148,83730,89312,94894,100476,106058,111640,table-of-5582,5581,/table-of-5581,5580,/table-of-5580,5579,/table-of-5579
5583,11166,16749,22332,27915,33498,39081,44664,50247,55830,61413,66996,72579,78162,83745,89328,94911,100494,106077,111660,table-of-5583,5582,/table-of-5582,5581,/table-of-5581,5580,/table-of-5580
5584,11168,16752,22336,27920,33504,39088,44672,50256,55840,61424,67008,72592,78176,83760,89344,94928,100512,106096,111680,table-of-5584,5583,/table-of-5583,5582,/table-of-5582,5581,/table-of-5581
5585,11170,16755,22340,27925,33510,39095,44680,50265,55850,61435,67020,72605,78190,83775,89360,94945,100530,106115,111700,table-of-5585,5584,/table-of-5584,5583,/table-of-5583,5582,/table-of-5582
5586,11172,16758,22344,27930,33516,39102,44688,50274,55860,61446,67032,72618,78204,83790,89376,94962,100548,106134,111720,table-of-5586,5585,/table-of-5585,5584,/table-of-5584,5583,/table-of-5583
5587,11174,16761,22348,27935,33522,39109,44696,50283,55870,61457,67044,72631,78218,83805,89392,94979,100566,106153,111740,table-of-5587,5586,/table-of-5586,5585,/table-of-5585,5584,/table-of-5584
5588,11176,16764,22352,27940,33528,39116,44704,50292,55880,61468,67056,72644,78232,83820,89408,94996,100584,106172,111760,table-of-5588,5587,/table-of-5587,5586,/table-of-5586,5585,/table-of-5585
5589,11178,16767,22356,27945,33534,39123,44712,50301,55890,61479,67068,72657,78246,83835,89424,95013,100602,106191,111780,table-of-5589,5588,/table-of-5588,5587,/table-of-5587,5586,/table-of-5586
5590,11180,16770,22360,27950,33540,39130,44720,50310,55900,61490,67080,72670,78260,83850,89440,95030,100620,106210,111800,table-of-5590,5589,/table-of-5589,5588,/table-of-5588,5587,/table-of-5587
5591,11182,16773,22364,27955,33546,39137,44728,50319,55910,61501,67092,72683,78274,83865,89456,95047,100638,106229,111820,table-of-5591,5590,/table-of-5590,5589,/table-of-5589,5588,/table-of-5588
5592,11184,16776,22368,27960,33552,39144,44736,50328,55920,61512,67104,72696,78288,83880,89472,95064,100656,106248,111840,table-of-5592,5591,/table-of-5591,5590,/table-of-5590,5589,/table-of-5589
5593,11186,16779,22372,27965,33558,39151,44744,50337,55930,61523,67116,72709,78302,83895,89488,95081,100674,106267,111860,table-of-5593,5592,/table-of-5592,5591,/table-of-5591,5590,/table-of-5590
5594,11188,16782,22376,27970,33564,39158,44752,50346,55940,61534,67128,72722,78316,83910,89504,95098,100692,106286,111880,table-of-5594,5593,/table-of-5593,5592,/table-of-5592,5591,/table-of-5591
5595,11190,16785,22380,27975,33570,39165,44760,50355,55950,61545,67140,72735,78330,83925,89520,95115,100710,106305,111900,table-of-5595,5594,/table-of-5594,5593,/table-of-5593,5592,/table-of-5592
5596,11192,16788,22384,27980,33576,39172,44768,50364,55960,61556,67152,72748,78344,83940,89536,95132,100728,106324,111920,table-of-5596,5595,/table-of-5595,5594,/table-of-5594,5593,/table-of-5593
5597,11194,16791,22388,27985,33582,39179,44776,50373,55970,61567,67164,72761,78358,83955,89552,95149,100746,106343,111940,table-of-5597,5596,/table-of-5596,5595,/table-of-5595,5594,/table-of-5594
5598,11196,16794,22392,27990,33588,39186,44784,50382,55980,61578,67176,72774,78372,83970,89568,95166,100764,106362,111960,table-of-5598,5597,/table-of-5597,5596,/table-of-5596,5595,/table-of-5595
5599,11198,16797,22396,27995,33594,39193,44792,50391,55990,61589,67188,72787,78386,83985,89584,95183,100782,106381,111980,table-of-5599,5598,/table-of-5598,5597,/table-of-5597,5596,/table-of-5596
5600,11200,16800,22400,28000,33600,39200,44800,50400,56000,61600,67200,72800,78400,84000,89600,95200,100800,106400,112000,table-of-5600,5599,/table-of-5599,5598,/table-of-5598,5597,/table-of-5597
5601,11202,16803,22404,28005,33606,39207,44808,50409,56010,61611,67212,72813,78414,84015,89616,95217,100818,106419,112020,table-of-5601,5600,/table-of-5600,5599,/table-of-5599,5598,/table-of-5598
5602,11204,16806,22408,28010,33612,39214,44816,50418,56020,61622,67224,72826,78428,84030,89632,95234,100836,106438,112040,table-of-5602,5601,/table-of-5601,5600,/table-of-5600,5599,/table-of-5599
5603,11206,16809,22412,28015,33618,39221,44824,50427,56030,61633,67236,72839,78442,84045,89648,95251,100854,106457,112060,table-of-5603,5602,/table-of-5602,5601,/table-of-5601,5600,/table-of-5600
5604,11208,16812,22416,28020,33624,39228,44832,50436,56040,61644,67248,72852,78456,84060,89664,95268,100872,106476,112080,table-of-5604,5603,/table-of-5603,5602,/table-of-5602,5601,/table-of-5601
5605,11210,16815,22420,28025,33630,39235,44840,50445,56050,61655,67260,72865,78470,84075,89680,95285,100890,106495,112100,table-of-5605,5604,/table-of-5604,5603,/table-of-5603,5602,/table-of-5602
5606,11212,16818,22424,28030,33636,39242,44848,50454,56060,61666,67272,72878,78484,84090,89696,95302,100908,106514,112120,table-of-5606,5605,/table-of-5605,5604,/table-of-5604,5603,/table-of-5603
5607,11214,16821,22428,28035,33642,39249,44856,50463,56070,61677,67284,72891,78498,84105,89712,95319,100926,106533,112140,table-of-5607,5606,/table-of-5606,5605,/table-of-5605,5604,/table-of-5604
5608,11216,16824,22432,28040,33648,39256,44864,50472,56080,61688,67296,72904,78512,84120,89728,95336,100944,106552,112160,table-of-5608,5607,/table-of-5607,5606,/table-of-5606,5605,/table-of-5605
5609,11218,16827,22436,28045,33654,39263,44872,50481,56090,61699,67308,72917,78526,84135,89744,95353,100962,106571,112180,table-of-5609,5608,/table-of-5608,5607,/table-of-5607,5606,/table-of-5606
5610,11220,16830,22440,28050,33660,39270,44880,50490,56100,61710,67320,72930,78540,84150,89760,95370,100980,106590,112200,table-of-5610,5609,/table-of-5609,5608,/table-of-5608,5607,/table-of-5607
5611,11222,16833,22444,28055,33666,39277,44888,50499,56110,61721,67332,72943,78554,84165,89776,95387,100998,106609,112220,table-of-5611,5610,/table-of-5610,5609,/table-of-5609,5608,/table-of-5608
5612,11224,16836,22448,28060,33672,39284,44896,50508,56120,61732,67344,72956,78568,84180,89792,95404,101016,106628,112240,table-of-5612,5611,/table-of-5611,5610,/table-of-5610,5609,/table-of-5609
5613,11226,16839,22452,28065,33678,39291,44904,50517,56130,61743,67356,72969,78582,84195,89808,95421,101034,106647,112260,table-of-5613,5612,/table-of-5612,5611,/table-of-5611,5610,/table-of-5610
5614,11228,16842,22456,28070,33684,39298,44912,50526,56140,61754,67368,72982,78596,84210,89824,95438,101052,106666,112280,table-of-5614,5613,/table-of-5613,5612,/table-of-5612,5611,/table-of-5611
5615,11230,16845,22460,28075,33690,39305,44920,50535,56150,61765,67380,72995,78610,84225,89840,95455,101070,106685,112300,table-of-5615,5614,/table-of-5614,5613,/table-of-5613,5612,/table-of-5612
5616,11232,16848,22464,28080,33696,39312,44928,50544,56160,61776,67392,73008,78624,84240,89856,95472,101088,106704,112320,table-of-5616,5615,/table-of-5615,5614,/table-of-5614,5613,/table-of-5613
5617,11234,16851,22468,28085,33702,39319,44936,50553,56170,61787,67404,73021,78638,84255,89872,95489,101106,106723,112340,table-of-5617,5616,/table-of-5616,5615,/table-of-5615,5614,/table-of-5614
5618,11236,16854,22472,28090,33708,39326,44944,50562,56180,61798,67416,73034,78652,84270,89888,95506,101124,106742,112360,table-of-5618,5617,/table-of-5617,5616,/table-of-5616,5615,/table-of-5615
5619,11238,16857,22476,28095,33714,39333,44952,50571,56190,61809,67428,73047,78666,84285,89904,95523,101142,106761,112380,table-of-5619,5618,/table-of-5618,5617,/table-of-5617,5616,/table-of-5616
5620,11240,16860,22480,28100,33720,39340,44960,50580,56200,61820,67440,73060,78680,84300,89920,95540,101160,106780,112400,table-of-5620,5619,/table-of-5619,5618,/table-of-5618,5617,/table-of-5617
5621,11242,16863,22484,28105,33726,39347,44968,50589,56210,61831,67452,73073,78694,84315,89936,95557,101178,106799,112420,table-of-5621,5620,/table-of-5620,5619,/table-of-5619,5618,/table-of-5618
5622,11244,16866,22488,28110,33732,39354,44976,50598,56220,61842,67464,73086,78708,84330,89952,95574,101196,106818,112440,table-of-5622,5621,/table-of-5621,5620,/table-of-5620,5619,/table-of-5619
5623,11246,16869,22492,28115,33738,39361,44984,50607,56230,61853,67476,73099,78722,84345,89968,95591,101214,106837,112460,table-of-5623,5622,/table-of-5622,5621,/table-of-5621,5620,/table-of-5620
5624,11248,16872,22496,28120,33744,39368,44992,50616,56240,61864,67488,73112,78736,84360,89984,95608,101232,106856,112480,table-of-5624,5623,/table-of-5623,5622,/table-of-5622,5621,/table-of-5621
5625,11250,16875,22500,28125,33750,39375,45000,50625,56250,61875,67500,73125,78750,84375,90000,95625,101250,106875,112500,table-of-5625,5624,/table-of-5624,5623,/table-of-5623,5622,/table-of-5622
5626,11252,16878,22504,28130,33756,39382,45008,50634,56260,61886,67512,73138,78764,84390,90016,95642,101268,106894,112520,table-of-5626,5625,/table-of-5625,5624,/table-of-5624,5623,/table-of-5623
5627,11254,16881,22508,28135,33762,39389,45016,50643,56270,61897,67524,73151,78778,84405,90032,95659,101286,106913,112540,table-of-5627,5626,/table-of-5626,5625,/table-of-5625,5624,/table-of-5624
5628,11256,16884,22512,28140,33768,39396,45024,50652,56280,61908,67536,73164,78792,84420,90048,95676,101304,106932,112560,table-of-5628,5627,/table-of-5627,5626,/table-of-5626,5625,/table-of-5625
5629,11258,16887,22516,28145,33774,39403,45032,50661,56290,61919,67548,73177,78806,84435,90064,95693,101322,106951,112580,table-of-5629,5628,/table-of-5628,5627,/table-of-5627,5626,/table-of-5626
5630,11260,16890,22520,28150,33780,39410,45040,50670,56300,61930,67560,73190,78820,84450,90080,95710,101340,106970,112600,table-of-5630,5629,/table-of-5629,5628,/table-of-5628,5627,/table-of-5627
5631,11262,16893,22524,28155,33786,39417,45048,50679,56310,61941,67572,73203,78834,84465,90096,95727,101358,106989,112620,table-of-5631,5630,/table-of-5630,5629,/table-of-5629,5628,/table-of-5628
5632,11264,16896,22528,28160,33792,39424,45056,50688,56320,61952,67584,73216,78848,84480,90112,95744,101376,107008,112640,table-of-5632,5631,/table-of-5631,5630,/table-of-5630,5629,/table-of-5629
5633,11266,16899,22532,28165,33798,39431,45064,50697,56330,61963,67596,73229,78862,84495,90128,95761,101394,107027,112660,table-of-5633,5632,/table-of-5632,5631,/table-of-5631,5630,/table-of-5630
5634,11268,16902,22536,28170,33804,39438,45072,50706,56340,61974,67608,73242,78876,84510,90144,95778,101412,107046,112680,table-of-5634,5633,/table-of-5633,5632,/table-of-5632,5631,/table-of-5631
5635,11270,16905,22540,28175,33810,39445,45080,50715,56350,61985,67620,73255,78890,84525,90160,95795,101430,107065,112700,table-of-5635,5634,/table-of-5634,5633,/table-of-5633,5632,/table-of-5632
5636,11272,16908,22544,28180,33816,39452,45088,50724,56360,61996,67632,73268,78904,84540,90176,95812,101448,107084,112720,table-of-5636,5635,/table-of-5635,5634,/table-of-5634,5633,/table-of-5633
5637,11274,16911,22548,28185,33822,39459,45096,50733,56370,62007,67644,73281,78918,84555,90192,95829,101466,107103,112740,table-of-5637,5636,/table-of-5636,5635,/table-of-5635,5634,/table-of-5634
5638,11276,16914,22552,28190,33828,39466,45104,50742,56380,62018,67656,73294,78932,84570,90208,95846,101484,107122,112760,table-of-5638,5637,/table-of-5637,5636,/table-of-5636,5635,/table-of-5635
5639,11278,16917,22556,28195,33834,39473,45112,50751,56390,62029,67668,73307,78946,84585,90224,95863,101502,107141,112780,table-of-5639,5638,/table-of-5638,5637,/table-of-5637,5636,/table-of-5636
5640,11280,16920,22560,28200,33840,39480,45120,50760,56400,62040,67680,73320,78960,84600,90240,95880,101520,107160,112800,table-of-5640,5639,/table-of-5639,5638,/table-of-5638,5637,/table-of-5637
5641,11282,16923,22564,28205,33846,39487,45128,50769,56410,62051,67692,73333,78974,84615,90256,95897,101538,107179,112820,table-of-5641,5640,/table-of-5640,5639,/table-of-5639,5638,/table-of-5638
5642,11284,16926,22568,28210,33852,39494,45136,50778,56420,62062,67704,73346,78988,84630,90272,95914,101556,107198,112840,table-of-5642,5641,/table-of-5641,5640,/table-of-5640,5639,/table-of-5639
5643,11286,16929,22572,28215,33858,39501,45144,50787,56430,62073,67716,73359,79002,84645,90288,95931,101574,107217,112860,table-of-5643,5642,/table-of-5642,5641,/table-of-5641,5640,/table-of-5640
5644,11288,16932,22576,28220,33864,39508,45152,50796,56440,62084,67728,73372,79016,84660,90304,95948,101592,107236,112880,table-of-5644,5643,/table-of-5643,5642,/table-of-5642,5641,/table-of-5641
5645,11290,16935,22580,28225,33870,39515,45160,50805,56450,62095,67740,73385,79030,84675,90320,95965,101610,107255,112900,table-of-5645,5644,/table-of-5644,5643,/table-of-5643,5642,/table-of-5642
5646,11292,16938,22584,28230,33876,39522,45168,50814,56460,62106,67752,73398,79044,84690,90336,95982,101628,107274,112920,table-of-5646,5645,/table-of-5645,5644,/table-of-5644,5643,/table-of-5643
5647,11294,16941,22588,28235,33882,39529,45176,50823,56470,62117,67764,73411,79058,84705,90352,95999,101646,107293,112940,table-of-5647,5646,/table-of-5646,5645,/table-of-5645,5644,/table-of-5644
5648,11296,16944,22592,28240,33888,39536,45184,50832,56480,62128,67776,73424,79072,84720,90368,96016,101664,107312,112960,table-of-5648,5647,/table-of-5647,5646,/table-of-5646,5645,/table-of-5645
5649,11298,16947,22596,28245,33894,39543,45192,50841,56490,62139,67788,73437,79086,84735,90384,96033,101682,107331,112980,table-of-5649,5648,/table-of-5648,5647,/table-of-5647,5646,/table-of-5646
5650,11300,16950,22600,28250,33900,39550,45200,50850,56500,62150,67800,73450,79100,84750,90400,96050,101700,107350,113000,table-of-5650,5649,/table-of-5649,5648,/table-of-5648,5647,/table-of-5647
5651,11302,16953,22604,28255,33906,39557,45208,50859,56510,62161,67812,73463,79114,84765,90416,96067,101718,107369,113020,table-of-5651,5650,/table-of-5650,5649,/table-of-5649,5648,/table-of-5648
5652,11304,16956,22608,28260,33912,39564,45216,50868,56520,62172,67824,73476,79128,84780,90432,96084,101736,107388,113040,table-of-5652,5651,/table-of-5651,5650,/table-of-5650,5649,/table-of-5649
5653,11306,16959,22612,28265,33918,39571,45224,50877,56530,62183,67836,73489,79142,84795,90448,96101,101754,107407,113060,table-of-5653,5652,/table-of-5652,5651,/table-of-5651,5650,/table-of-5650
5654,11308,16962,22616,28270,33924,39578,45232,50886,56540,62194,67848,73502,79156,84810,90464,96118,101772,107426,113080,table-of-5654,5653,/table-of-5653,5652,/table-of-5652,5651,/table-of-5651
5655,11310,16965,22620,28275,33930,39585,45240,50895,56550,62205,67860,73515,79170,84825,90480,96135,101790,107445,113100,table-of-5655,5654,/table-of-5654,5653,/table-of-5653,5652,/table-of-5652
5656,11312,16968,22624,28280,33936,39592,45248,50904,56560,62216,67872,73528,79184,84840,90496,96152,101808,107464,113120,table-of-5656,5655,/table-of-5655,5654,/table-of-5654,5653,/table-of-5653
5657,11314,16971,22628,28285,33942,39599,45256,50913,56570,62227,67884,73541,79198,84855,90512,96169,101826,107483,113140,table-of-5657,5656,/table-of-5656,5655,/table-of-5655,5654,/table-of-5654
5658,11316,16974,22632,28290,33948,39606,45264,50922,56580,62238,67896,73554,79212,84870,90528,96186,101844,107502,113160,table-of-5658,5657,/table-of-5657,5656,/table-of-5656,5655,/table-of-5655
5659,11318,16977,22636,28295,33954,39613,45272,50931,56590,62249,67908,73567,79226,84885,90544,96203,101862,107521,113180,table-of-5659,5658,/table-of-5658,5657,/table-of-5657,5656,/table-of-5656
5660,11320,16980,22640,28300,33960,39620,45280,50940,56600,62260,67920,73580,79240,84900,90560,96220,101880,107540,113200,table-of-5660,5659,/table-of-5659,5658,/table-of-5658,5657,/table-of-5657
5661,11322,16983,22644,28305,33966,39627,45288,50949,56610,62271,67932,73593,79254,84915,90576,96237,101898,107559,113220,table-of-5661,5660,/table-of-5660,5659,/table-of-5659,5658,/table-of-5658
5662,11324,16986,22648,28310,33972,39634,45296,50958,56620,62282,67944,73606,79268,84930,90592,96254,101916,107578,113240,table-of-5662,5661,/table-of-5661,5660,/table-of-5660,5659,/table-of-5659
5663,11326,16989,22652,28315,33978,39641,45304,50967,56630,62293,67956,73619,79282,84945,90608,96271,101934,107597,113260,table-of-5663,5662,/table-of-5662,5661,/table-of-5661,5660,/table-of-5660
5664,11328,16992,22656,28320,33984,39648,45312,50976,56640,62304,67968,73632,79296,84960,90624,96288,101952,107616,113280,table-of-5664,5663,/table-of-5663,5662,/table-of-5662,5661,/table-of-5661
5665,11330,16995,22660,28325,33990,39655,45320,50985,56650,62315,67980,73645,79310,84975,90640,96305,101970,107635,113300,table-of-5665,5664,/table-of-5664,5663,/table-of-5663,5662,/table-of-5662
5666,11332,16998,22664,28330,33996,39662,45328,50994,56660,62326,67992,73658,79324,84990,90656,96322,101988,107654,113320,table-of-5666,5665,/table-of-5665,5664,/table-of-5664,5663,/table-of-5663
5667,11334,17001,22668,28335,34002,39669,45336,51003,56670,62337,68004,73671,79338,85005,90672,96339,102006,107673,113340,table-of-5667,5666,/table-of-5666,5665,/table-of-5665,5664,/table-of-5664
5668,11336,17004,22672,28340,34008,39676,45344,51012,56680,62348,68016,73684,79352,85020,90688,96356,102024,107692,113360,table-of-5668,5667,/table-of-5667,5666,/table-of-5666,5665,/table-of-5665
5669,11338,17007,22676,28345,34014,39683,45352,51021,56690,62359,68028,73697,79366,85035,90704,96373,102042,107711,113380,table-of-5669,5668,/table-of-5668,5667,/table-of-5667,5666,/table-of-5666
5670,11340,17010,22680,28350,34020,39690,45360,51030,56700,62370,68040,73710,79380,85050,90720,96390,102060,107730,113400,table-of-5670,5669,/table-of-5669,5668,/table-of-5668,5667,/table-of-5667
5671,11342,17013,22684,28355,34026,39697,45368,51039,56710,62381,68052,73723,79394,85065,90736,96407,102078,107749,113420,table-of-5671,5670,/table-of-5670,5669,/table-of-5669,5668,/table-of-5668
5672,11344,17016,22688,28360,34032,39704,45376,51048,56720,62392,68064,73736,79408,85080,90752,96424,102096,107768,113440,table-of-5672,5671,/table-of-5671,5670,/table-of-5670,5669,/table-of-5669
5673,11346,17019,22692,28365,34038,39711,45384,51057,56730,62403,68076,73749,79422,85095,90768,96441,102114,107787,113460,table-of-5673,5672,/table-of-5672,5671,/table-of-5671,5670,/table-of-5670
5674,11348,17022,22696,28370,34044,39718,45392,51066,56740,62414,68088,73762,79436,85110,90784,96458,102132,107806,113480,table-of-5674,5673,/table-of-5673,5672,/table-of-5672,5671,/table-of-5671
5675,11350,17025,22700,28375,34050,39725,45400,51075,56750,62425,68100,73775,79450,85125,90800,96475,102150,107825,113500,table-of-5675,5674,/table-of-5674,5673,/table-of-5673,5672,/table-of-5672
5676,11352,17028,22704,28380,34056,39732,45408,51084,56760,62436,68112,73788,79464,85140,90816,96492,102168,107844,113520,table-of-5676,5675,/table-of-5675,5674,/table-of-5674,5673,/table-of-5673
5677,11354,17031,22708,28385,34062,39739,45416,51093,56770,62447,68124,73801,79478,85155,90832,96509,102186,107863,113540,table-of-5677,5676,/table-of-5676,5675,/table-of-5675,5674,/table-of-5674
5678,11356,17034,22712,28390,34068,39746,45424,51102,56780,62458,68136,73814,79492,85170,90848,96526,102204,107882,113560,table-of-5678,5677,/table-of-5677,5676,/table-of-5676,5675,/table-of-5675
5679,11358,17037,22716,28395,34074,39753,45432,51111,56790,62469,68148,73827,79506,85185,90864,96543,102222,107901,113580,table-of-5679,5678,/table-of-5678,5677,/table-of-5677,5676,/table-of-5676
5680,11360,17040,22720,28400,34080,39760,45440,51120,56800,62480,68160,73840,79520,85200,90880,96560,102240,107920,113600,table-of-5680,5679,/table-of-5679,5678,/table-of-5678,5677,/table-of-5677
5681,11362,17043,22724,28405,34086,39767,45448,51129,56810,62491,68172,73853,79534,85215,90896,96577,102258,107939,113620,table-of-5681,5680,/table-of-5680,5679,/table-of-5679,5678,/table-of-5678
5682,11364,17046,22728,28410,34092,39774,45456,51138,56820,62502,68184,73866,79548,85230,90912,96594,102276,107958,113640,table-of-5682,5681,/table-of-5681,5680,/table-of-5680,5679,/table-of-5679
5683,11366,17049,22732,28415,34098,39781,45464,51147,56830,62513,68196,73879,79562,85245,90928,96611,102294,107977,113660,table-of-5683,5682,/table-of-5682,5681,/table-of-5681,5680,/table-of-5680
5684,11368,17052,22736,28420,34104,39788,45472,51156,56840,62524,68208,73892,79576,85260,90944,96628,102312,107996,113680,table-of-5684,5683,/table-of-5683,5682,/table-of-5682,5681,/table-of-5681
5685,11370,17055,22740,28425,34110,39795,45480,51165,56850,62535,68220,73905,79590,85275,90960,96645,102330,108015,113700,table-of-5685,5684,/table-of-5684,5683,/table-of-5683,5682,/table-of-5682
5686,11372,17058,22744,28430,34116,39802,45488,51174,56860,62546,68232,73918,79604,85290,90976,96662,102348,108034,113720,table-of-5686,5685,/table-of-5685,5684,/table-of-5684,5683,/table-of-5683
5687,11374,17061,22748,28435,34122,39809,45496,51183,56870,62557,68244,73931,79618,85305,90992,96679,102366,108053,113740,table-of-5687,5686,/table-of-5686,5685,/table-of-5685,5684,/table-of-5684
5688,11376,17064,22752,28440,34128,39816,45504,51192,56880,62568,68256,73944,79632,85320,91008,96696,102384,108072,113760,table-of-5688,5687,/table-of-5687,5686,/table-of-5686,5685,/table-of-5685
5689,11378,17067,22756,28445,34134,39823,45512,51201,56890,62579,68268,73957,79646,85335,91024,96713,102402,108091,113780,table-of-5689,5688,/table-of-5688,5687,/table-of-5687,5686,/table-of-5686
5690,11380,17070,22760,28450,34140,39830,45520,51210,56900,62590,68280,73970,79660,85350,91040,96730,102420,108110,113800,table-of-5690,5689,/table-of-5689,5688,/table-of-5688,5687,/table-of-5687
5691,11382,17073,22764,28455,34146,39837,45528,51219,56910,62601,68292,73983,79674,85365,91056,96747,102438,108129,113820,table-of-5691,5690,/table-of-5690,5689,/table-of-5689,5688,/table-of-5688
5692,11384,17076,22768,28460,34152,39844,45536,51228,56920,62612,68304,73996,79688,85380,91072,96764,102456,108148,113840,table-of-5692,5691,/table-of-5691,5690,/table-of-5690,5689,/table-of-5689
5693,11386,17079,22772,28465,34158,39851,45544,51237,56930,62623,68316,74009,79702,85395,91088,96781,102474,108167,113860,table-of-5693,5692,/table-of-5692,5691,/table-of-5691,5690,/table-of-5690
5694,11388,17082,22776,28470,34164,39858,45552,51246,56940,62634,68328,74022,79716,85410,91104,96798,102492,108186,113880,table-of-5694,5693,/table-of-5693,5692,/table-of-5692,5691,/table-of-5691
5695,11390,17085,22780,28475,34170,39865,45560,51255,56950,62645,68340,74035,79730,85425,91120,96815,102510,108205,113900,table-of-5695,5694,/table-of-5694,5693,/table-of-5693,5692,/table-of-5692
5696,11392,17088,22784,28480,34176,39872,45568,51264,56960,62656,68352,74048,79744,85440,91136,96832,102528,108224,113920,table-of-5696,5695,/table-of-5695,5694,/table-of-5694,5693,/table-of-5693
5697,11394,17091,22788,28485,34182,39879,45576,51273,56970,62667,68364,74061,79758,85455,91152,96849,102546,108243,113940,table-of-5697,5696,/table-of-5696,5695,/table-of-5695,5694,/table-of-5694
5698,11396,17094,22792,28490,34188,39886,45584,51282,56980,62678,68376,74074,79772,85470,91168,96866,102564,108262,113960,table-of-5698,5697,/table-of-5697,5696,/table-of-5696,5695,/table-of-5695
5699,11398,17097,22796,28495,34194,39893,45592,51291,56990,62689,68388,74087,79786,85485,91184,96883,102582,108281,113980,table-of-5699,5698,/table-of-5698,5697,/table-of-5697,5696,/table-of-5696
5700,11400,17100,22800,28500,34200,39900,45600,51300,57000,62700,68400,74100,79800,85500,91200,96900,102600,108300,114000,table-of-5700,5699,/table-of-5699,5698,/table-of-5698,5697,/table-of-5697
5701,11402,17103,22804,28505,34206,39907,45608,51309,57010,62711,68412,74113,79814,85515,91216,96917,102618,108319,114020,table-of-5701,5700,/table-of-5700,5699,/table-of-5699,5698,/table-of-5698
5702,11404,17106,22808,28510,34212,39914,45616,51318,57020,62722,68424,74126,79828,85530,91232,96934,102636,108338,114040,table-of-5702,5701,/table-of-5701,5700,/table-of-5700,5699,/table-of-5699
5703,11406,17109,22812,28515,34218,39921,45624,51327,57030,62733,68436,74139,79842,85545,91248,96951,102654,108357,114060,table-of-5703,5702,/table-of-5702,5701,/table-of-5701,5700,/table-of-5700
5704,11408,17112,22816,28520,34224,39928,45632,51336,57040,62744,68448,74152,79856,85560,91264,96968,102672,108376,114080,table-of-5704,5703,/table-of-5703,5702,/table-of-5702,5701,/table-of-5701
5705,11410,17115,22820,28525,34230,39935,45640,51345,57050,62755,68460,74165,79870,85575,91280,96985,102690,108395,114100,table-of-5705,5704,/table-of-5704,5703,/table-of-5703,5702,/table-of-5702
5706,11412,17118,22824,28530,34236,39942,45648,51354,57060,62766,68472,74178,79884,85590,91296,97002,102708,108414,114120,table-of-5706,5705,/table-of-5705,5704,/table-of-5704,5703,/table-of-5703
5707,11414,17121,22828,28535,34242,39949,45656,51363,57070,62777,68484,74191,79898,85605,91312,97019,102726,108433,114140,table-of-5707,5706,/table-of-5706,5705,/table-of-5705,5704,/table-of-5704
5708,11416,17124,22832,28540,34248,39956,45664,51372,57080,62788,68496,74204,79912,85620,91328,97036,102744,108452,114160,table-of-5708,5707,/table-of-5707,5706,/table-of-5706,5705,/table-of-5705
5709,11418,17127,22836,28545,34254,39963,45672,51381,57090,62799,68508,74217,79926,85635,91344,97053,102762,108471,114180,table-of-5709,5708,/table-of-5708,5707,/table-of-5707,5706,/table-of-5706
5710,11420,17130,22840,28550,34260,39970,45680,51390,57100,62810,68520,74230,79940,85650,91360,97070,102780,108490,114200,table-of-5710,5709,/table-of-5709,5708,/table-of-5708,5707,/table-of-5707
5711,11422,17133,22844,28555,34266,39977,45688,51399,57110,62821,68532,74243,79954,85665,91376,97087,102798,108509,114220,table-of-5711,5710,/table-of-5710,5709,/table-of-5709,5708,/table-of-5708
5712,11424,17136,22848,28560,34272,39984,45696,51408,57120,62832,68544,74256,79968,85680,91392,97104,102816,108528,114240,table-of-5712,5711,/table-of-5711,5710,/table-of-5710,5709,/table-of-5709
5713,11426,17139,22852,28565,34278,39991,45704,51417,57130,62843,68556,74269,79982,85695,91408,97121,102834,108547,114260,table-of-5713,5712,/table-of-5712,5711,/table-of-5711,5710,/table-of-5710
5714,11428,17142,22856,28570,34284,39998,45712,51426,57140,62854,68568,74282,79996,85710,91424,97138,102852,108566,114280,table-of-5714,5713,/table-of-5713,5712,/table-of-5712,5711,/table-of-5711
5715,11430,17145,22860,28575,34290,40005,45720,51435,57150,62865,68580,74295,80010,85725,91440,97155,102870,108585,114300,table-of-5715,5714,/table-of-5714,5713,/table-of-5713,5712,/table-of-5712
5716,11432,17148,22864,28580,34296,40012,45728,51444,57160,62876,68592,74308,80024,85740,91456,97172,102888,108604,114320,table-of-5716,5715,/table-of-5715,5714,/table-of-5714,5713,/table-of-5713
5717,11434,17151,22868,28585,34302,40019,45736,51453,57170,62887,68604,74321,80038,85755,91472,97189,102906,108623,114340,table-of-5717,5716,/table-of-5716,5715,/table-of-5715,5714,/table-of-5714
5718,11436,17154,22872,28590,34308,40026,45744,51462,57180,62898,68616,74334,80052,85770,91488,97206,102924,108642,114360,table-of-5718,5717,/table-of-5717,5716,/table-of-5716,5715,/table-of-5715
5719,11438,17157,22876,28595,34314,40033,45752,51471,57190,62909,68628,74347,80066,85785,91504,97223,102942,108661,114380,table-of-5719,5718,/table-of-5718,5717,/table-of-5717,5716,/table-of-5716
5720,11440,17160,22880,28600,34320,40040,45760,51480,57200,62920,68640,74360,80080,85800,91520,97240,102960,108680,114400,table-of-5720,5719,/table-of-5719,5718,/table-of-5718,5717,/table-of-5717
5721,11442,17163,22884,28605,34326,40047,45768,51489,57210,62931,68652,74373,80094,85815,91536,97257,102978,108699,114420,table-of-5721,5720,/table-of-5720,5719,/table-of-5719,5718,/table-of-5718
5722,11444,17166,22888,28610,34332,40054,45776,51498,57220,62942,68664,74386,80108,85830,91552,97274,102996,108718,114440,table-of-5722,5721,/table-of-5721,5720,/table-of-5720,5719,/table-of-5719
5723,11446,17169,22892,28615,34338,40061,45784,51507,57230,62953,68676,74399,80122,85845,91568,97291,103014,108737,114460,table-of-5723,5722,/table-of-5722,5721,/table-of-5721,5720,/table-of-5720
5724,11448,17172,22896,28620,34344,40068,45792,51516,57240,62964,68688,74412,80136,85860,91584,97308,103032,108756,114480,table-of-5724,5723,/table-of-5723,5722,/table-of-5722,5721,/table-of-5721
5725,11450,17175,22900,28625,34350,40075,45800,51525,57250,62975,68700,74425,80150,85875,91600,97325,103050,108775,114500,table-of-5725,5724,/table-of-5724,5723,/table-of-5723,5722,/table-of-5722
5726,11452,17178,22904,28630,34356,40082,45808,51534,57260,62986,68712,74438,80164,85890,91616,97342,103068,108794,114520,table-of-5726,5725,/table-of-5725,5724,/table-of-5724,5723,/table-of-5723
5727,11454,17181,22908,28635,34362,40089,45816,51543,57270,62997,68724,74451,80178,85905,91632,97359,103086,108813,114540,table-of-5727,5726,/table-of-5726,5725,/table-of-5725,5724,/table-of-5724
5728,11456,17184,22912,28640,34368,40096,45824,51552,57280,63008,68736,74464,80192,85920,91648,97376,103104,108832,114560,table-of-5728,5727,/table-of-5727,5726,/table-of-5726,5725,/table-of-5725
5729,11458,17187,22916,28645,34374,40103,45832,51561,57290,63019,68748,74477,80206,85935,91664,97393,103122,108851,114580,table-of-5729,5728,/table-of-5728,5727,/table-of-5727,5726,/table-of-5726
5730,11460,17190,22920,28650,34380,40110,45840,51570,57300,63030,68760,74490,80220,85950,91680,97410,103140,108870,114600,table-of-5730,5729,/table-of-5729,5728,/table-of-5728,5727,/table-of-5727
5731,11462,17193,22924,28655,34386,40117,45848,51579,57310,63041,68772,74503,80234,85965,91696,97427,103158,108889,114620,table-of-5731,5730,/table-of-5730,5729,/table-of-5729,5728,/table-of-5728
5732,11464,17196,22928,28660,34392,40124,45856,51588,57320,63052,68784,74516,80248,85980,91712,97444,103176,108908,114640,table-of-5732,5731,/table-of-5731,5730,/table-of-5730,5729,/table-of-5729
5733,11466,17199,22932,28665,34398,40131,45864,51597,57330,63063,68796,74529,80262,85995,91728,97461,103194,108927,114660,table-of-5733,5732,/table-of-5732,5731,/table-of-5731,5730,/table-of-5730
5734,11468,17202,22936,28670,34404,40138,45872,51606,57340,63074,68808,74542,80276,86010,91744,97478,103212,108946,114680,table-of-5734,5733,/table-of-5733,5732,/table-of-5732,5731,/table-of-5731
5735,11470,17205,22940,28675,34410,40145,45880,51615,57350,63085,68820,74555,80290,86025,91760,97495,103230,108965,114700,table-of-5735,5734,/table-of-5734,5733,/table-of-5733,5732,/table-of-5732
5736,11472,17208,22944,28680,34416,40152,45888,51624,57360,63096,68832,74568,80304,86040,91776,97512,103248,108984,114720,table-of-5736,5735,/table-of-5735,5734,/table-of-5734,5733,/table-of-5733
5737,11474,17211,22948,28685,34422,40159,45896,51633,57370,63107,68844,74581,80318,86055,91792,97529,103266,109003,114740,table-of-5737,5736,/table-of-5736,5735,/table-of-5735,5734,/table-of-5734
5738,11476,17214,22952,28690,34428,40166,45904,51642,57380,63118,68856,74594,80332,86070,91808,97546,103284,109022,114760,table-of-5738,5737,/table-of-5737,5736,/table-of-5736,5735,/table-of-5735
5739,11478,17217,22956,28695,34434,40173,45912,51651,57390,63129,68868,74607,80346,86085,91824,97563,103302,109041,114780,table-of-5739,5738,/table-of-5738,5737,/table-of-5737,5736,/table-of-5736
5740,11480,17220,22960,28700,34440,40180,45920,51660,57400,63140,68880,74620,80360,86100,91840,97580,103320,109060,114800,table-of-5740,5739,/table-of-5739,5738,/table-of-5738,5737,/table-of-5737
5741,11482,17223,22964,28705,34446,40187,45928,51669,57410,63151,68892,74633,80374,86115,91856,97597,103338,109079,114820,table-of-5741,5740,/table-of-5740,5739,/table-of-5739,5738,/table-of-5738
5742,11484,17226,22968,28710,34452,40194,45936,51678,57420,63162,68904,74646,80388,86130,91872,97614,103356,109098,114840,table-of-5742,5741,/table-of-5741,5740,/table-of-5740,5739,/table-of-5739
5743,11486,17229,22972,28715,34458,40201,45944,51687,57430,63173,68916,74659,80402,86145,91888,97631,103374,109117,114860,table-of-5743,5742,/table-of-5742,5741,/table-of-5741,5740,/table-of-5740
5744,11488,17232,22976,28720,34464,40208,45952,51696,57440,63184,68928,74672,80416,86160,91904,97648,103392,109136,114880,table-of-5744,5743,/table-of-5743,5742,/table-of-5742,5741,/table-of-5741
5745,11490,17235,22980,28725,34470,40215,45960,51705,57450,63195,68940,74685,80430,86175,91920,97665,103410,109155,114900,table-of-5745,5744,/table-of-5744,5743,/table-of-5743,5742,/table-of-5742
5746,11492,17238,22984,28730,34476,40222,45968,51714,57460,63206,68952,74698,80444,86190,91936,97682,103428,109174,114920,table-of-5746,5745,/table-of-5745,5744,/table-of-5744,5743,/table-of-5743
5747,11494,17241,22988,28735,34482,40229,45976,51723,57470,63217,68964,74711,80458,86205,91952,97699,103446,109193,114940,table-of-5747,5746,/table-of-5746,5745,/table-of-5745,5744,/table-of-5744
5748,11496,17244,22992,28740,34488,40236,45984,51732,57480,63228,68976,74724,80472,86220,91968,97716,103464,109212,114960,table-of-5748,5747,/table-of-5747,5746,/table-of-5746,5745,/table-of-5745
5749,11498,17247,22996,28745,34494,40243,45992,51741,57490,63239,68988,74737,80486,86235,91984,97733,103482,109231,114980,table-of-5749,5748,/table-of-5748,5747,/table-of-5747,5746,/table-of-5746
5750,11500,17250,23000,28750,34500,40250,46000,51750,57500,63250,69000,74750,80500,86250,92000,97750,103500,109250,115000,table-of-5750,5749,/table-of-5749,5748,/table-of-5748,5747,/table-of-5747
5751,11502,17253,23004,28755,34506,40257,46008,51759,57510,63261,69012,74763,80514,86265,92016,97767,103518,109269,115020,table-of-5751,5750,/table-of-5750,5749,/table-of-5749,5748,/table-of-5748
5752,11504,17256,23008,28760,34512,40264,46016,51768,57520,63272,69024,74776,80528,86280,92032,97784,103536,109288,115040,table-of-5752,5751,/table-of-5751,5750,/table-of-5750,5749,/table-of-5749
5753,11506,17259,23012,28765,34518,40271,46024,51777,57530,63283,69036,74789,80542,86295,92048,97801,103554,109307,115060,table-of-5753,5752,/table-of-5752,5751,/table-of-5751,5750,/table-of-5750
5754,11508,17262,23016,28770,34524,40278,46032,51786,57540,63294,69048,74802,80556,86310,92064,97818,103572,109326,115080,table-of-5754,5753,/table-of-5753,5752,/table-of-5752,5751,/table-of-5751
5755,11510,17265,23020,28775,34530,40285,46040,51795,57550,63305,69060,74815,80570,86325,92080,97835,103590,109345,115100,table-of-5755,5754,/table-of-5754,5753,/table-of-5753,5752,/table-of-5752
5756,11512,17268,23024,28780,34536,40292,46048,51804,57560,63316,69072,74828,80584,86340,92096,97852,103608,109364,115120,table-of-5756,5755,/table-of-5755,5754,/table-of-5754,5753,/table-of-5753
5757,11514,17271,23028,28785,34542,40299,46056,51813,57570,63327,69084,74841,80598,86355,92112,97869,103626,109383,115140,table-of-5757,5756,/table-of-5756,5755,/table-of-5755,5754,/table-of-5754
5758,11516,17274,23032,28790,34548,40306,46064,51822,57580,63338,69096,74854,80612,86370,92128,97886,103644,109402,115160,table-of-5758,5757,/table-of-5757,5756,/table-of-5756,5755,/table-of-5755
5759,11518,17277,23036,28795,34554,40313,46072,51831,57590,63349,69108,74867,80626,86385,92144,97903,103662,109421,115180,table-of-5759,5758,/table-of-5758,5757,/table-of-5757,5756,/table-of-5756
5760,11520,17280,23040,28800,34560,40320,46080,51840,57600,63360,69120,74880,80640,86400,92160,97920,103680,109440,115200,table-of-5760,5759,/table-of-5759,5758,/table-of-5758,5757,/table-of-5757
5761,11522,17283,23044,28805,34566,40327,46088,51849,57610,63371,69132,74893,80654,86415,92176,97937,103698,109459,115220,table-of-5761,5760,/table-of-5760,5759,/table-of-5759,5758,/table-of-5758
5762,11524,17286,23048,28810,34572,40334,46096,51858,57620,63382,69144,74906,80668,86430,92192,97954,103716,109478,115240,table-of-5762,5761,/table-of-5761,5760,/table-of-5760,5759,/table-of-5759
5763,11526,17289,23052,28815,34578,40341,46104,51867,57630,63393,69156,74919,80682,86445,92208,97971,103734,109497,115260,table-of-5763,5762,/table-of-5762,5761,/table-of-5761,5760,/table-of-5760
5764,11528,17292,23056,28820,34584,40348,46112,51876,57640,63404,69168,74932,80696,86460,92224,97988,103752,109516,115280,table-of-5764,5763,/table-of-5763,5762,/table-of-5762,5761,/table-of-5761
5765,11530,17295,23060,28825,34590,40355,46120,51885,57650,63415,69180,74945,80710,86475,92240,98005,103770,109535,115300,table-of-5765,5764,/table-of-5764,5763,/table-of-5763,5762,/table-of-5762
5766,11532,17298,23064,28830,34596,40362,46128,51894,57660,63426,69192,74958,80724,86490,92256,98022,103788,109554,115320,table-of-5766,5765,/table-of-5765,5764,/table-of-5764,5763,/table-of-5763
5767,11534,17301,23068,28835,34602,40369,46136,51903,57670,63437,69204,74971,80738,86505,92272,98039,103806,109573,115340,table-of-5767,5766,/table-of-5766,5765,/table-of-5765,5764,/table-of-5764
5768,11536,17304,23072,28840,34608,40376,46144,51912,57680,63448,69216,74984,80752,86520,92288,98056,103824,109592,115360,table-of-5768,5767,/table-of-5767,5766,/table-of-5766,5765,/table-of-5765
5769,11538,17307,23076,28845,34614,40383,46152,51921,57690,63459,69228,74997,80766,86535,92304,98073,103842,109611,115380,table-of-5769,5768,/table-of-5768,5767,/table-of-5767,5766,/table-of-5766
5770,11540,17310,23080,28850,34620,40390,46160,51930,57700,63470,69240,75010,80780,86550,92320,98090,103860,109630,115400,table-of-5770,5769,/table-of-5769,5768,/table-of-5768,5767,/table-of-5767
5771,11542,17313,23084,28855,34626,40397,46168,51939,57710,63481,69252,75023,80794,86565,92336,98107,103878,109649,115420,table-of-5771,5770,/table-of-5770,5769,/table-of-5769,5768,/table-of-5768
5772,11544,17316,23088,28860,34632,40404,46176,51948,57720,63492,69264,75036,80808,86580,92352,98124,103896,109668,115440,table-of-5772,5771,/table-of-5771,5770,/table-of-5770,5769,/table-of-5769
5773,11546,17319,23092,28865,34638,40411,46184,51957,57730,63503,69276,75049,80822,86595,92368,98141,103914,109687,115460,table-of-5773,5772,/table-of-5772,5771,/table-of-5771,5770,/table-of-5770
5774,11548,17322,23096,28870,34644,40418,46192,51966,57740,63514,69288,75062,80836,86610,92384,98158,103932,109706,115480,table-of-5774,5773,/table-of-5773,5772,/table-of-5772,5771,/table-of-5771
5775,11550,17325,23100,28875,34650,40425,46200,51975,57750,63525,69300,75075,80850,86625,92400,98175,103950,109725,115500,table-of-5775,5774,/table-of-5774,5773,/table-of-5773,5772,/table-of-5772
5776,11552,17328,23104,28880,34656,40432,46208,51984,57760,63536,69312,75088,80864,86640,92416,98192,103968,109744,115520,table-of-5776,5775,/table-of-5775,5774,/table-of-5774,5773,/table-of-5773
5777,11554,17331,23108,28885,34662,40439,46216,51993,57770,63547,69324,75101,80878,86655,92432,98209,103986,109763,115540,table-of-5777,5776,/table-of-5776,5775,/table-of-5775,5774,/table-of-5774
5778,11556,17334,23112,28890,34668,40446,46224,52002,57780,63558,69336,75114,80892,86670,92448,98226,104004,109782,115560,table-of-5778,5777,/table-of-5777,5776,/table-of-5776,5775,/table-of-5775
5779,11558,17337,23116,28895,34674,40453,46232,52011,57790,63569,69348,75127,80906,86685,92464,98243,104022,109801,115580,table-of-5779,5778,/table-of-5778,5777,/table-of-5777,5776,/table-of-5776
5780,11560,17340,23120,28900,34680,40460,46240,52020,57800,63580,69360,75140,80920,86700,92480,98260,104040,109820,115600,table-of-5780,5779,/table-of-5779,5778,/table-of-5778,5777,/table-of-5777
5781,11562,17343,23124,28905,34686,40467,46248,52029,57810,63591,69372,75153,80934,86715,92496,98277,104058,109839,115620,table-of-5781,5780,/table-of-5780,5779,/table-of-5779,5778,/table-of-5778
5782,11564,17346,23128,28910,34692,40474,46256,52038,57820,63602,69384,75166,80948,86730,92512,98294,104076,109858,115640,table-of-5782,5781,/table-of-5781,5780,/table-of-5780,5779,/table-of-5779
5783,11566,17349,23132,28915,34698,40481,46264,52047,57830,63613,69396,75179,80962,86745,92528,98311,104094,109877,115660,table-of-5783,5782,/table-of-5782,5781,/table-of-5781,5780,/table-of-5780
5784,11568,17352,23136,28920,34704,40488,46272,52056,57840,63624,69408,75192,80976,86760,92544,98328,104112,109896,115680,table-of-5784,5783,/table-of-5783,5782,/table-of-5782,5781,/table-of-5781
5785,11570,17355,23140,28925,34710,40495,46280,52065,57850,63635,69420,75205,80990,86775,92560,98345,104130,109915,115700,table-of-5785,5784,/table-of-5784,5783,/table-of-5783,5782,/table-of-5782
5786,11572,17358,23144,28930,34716,40502,46288,52074,57860,63646,69432,75218,81004,86790,92576,98362,104148,109934,115720,table-of-5786,5785,/table-of-5785,5784,/table-of-5784,5783,/table-of-5783
5787,11574,17361,23148,28935,34722,40509,46296,52083,57870,63657,69444,75231,81018,86805,92592,98379,104166,109953,115740,table-of-5787,5786,/table-of-5786,5785,/table-of-5785,5784,/table-of-5784
5788,11576,17364,23152,28940,34728,40516,46304,52092,57880,63668,69456,75244,81032,86820,92608,98396,104184,109972,115760,table-of-5788,5787,/table-of-5787,5786,/table-of-5786,5785,/table-of-5785
5789,11578,17367,23156,28945,34734,40523,46312,52101,57890,63679,69468,75257,81046,86835,92624,98413,104202,109991,115780,table-of-5789,5788,/table-of-5788,5787,/table-of-5787,5786,/table-of-5786
5790,11580,17370,23160,28950,34740,40530,46320,52110,57900,63690,69480,75270,81060,86850,92640,98430,104220,110010,115800,table-of-5790,5789,/table-of-5789,5788,/table-of-5788,5787,/table-of-5787
5791,11582,17373,23164,28955,34746,40537,46328,52119,57910,63701,69492,75283,81074,86865,92656,98447,104238,110029,115820,table-of-5791,5790,/table-of-5790,5789,/table-of-5789,5788,/table-of-5788
5792,11584,17376,23168,28960,34752,40544,46336,52128,57920,63712,69504,75296,81088,86880,92672,98464,104256,110048,115840,table-of-5792,5791,/table-of-5791,5790,/table-of-5790,5789,/table-of-5789
5793,11586,17379,23172,28965,34758,40551,46344,52137,57930,63723,69516,75309,81102,86895,92688,98481,104274,110067,115860,table-of-5793,5792,/table-of-5792,5791,/table-of-5791,5790,/table-of-5790
5794,11588,17382,23176,28970,34764,40558,46352,52146,57940,63734,69528,75322,81116,86910,92704,98498,104292,110086,115880,table-of-5794,5793,/table-of-5793,5792,/table-of-5792,5791,/table-of-5791
5795,11590,17385,23180,28975,34770,40565,46360,52155,57950,63745,69540,75335,81130,86925,92720,98515,104310,110105,115900,table-of-5795,5794,/table-of-5794,5793,/table-of-5793,5792,/table-of-5792
5796,11592,17388,23184,28980,34776,40572,46368,52164,57960,63756,69552,75348,81144,86940,92736,98532,104328,110124,115920,table-of-5796,5795,/table-of-5795,5794,/table-of-5794,5793,/table-of-5793
5797,11594,17391,23188,28985,34782,40579,46376,52173,57970,63767,69564,75361,81158,86955,92752,98549,104346,110143,115940,table-of-5797,5796,/table-of-5796,5795,/table-of-5795,5794,/table-of-5794
5798,11596,17394,23192,28990,34788,40586,46384,52182,57980,63778,69576,75374,81172,86970,92768,98566,104364,110162,115960,table-of-5798,5797,/table-of-5797,5796,/table-of-5796,5795,/table-of-5795
5799,11598,17397,23196,28995,34794,40593,46392,52191,57990,63789,69588,75387,81186,86985,92784,98583,104382,110181,115980,table-of-5799,5798,/table-of-5798,5797,/table-of-5797,5796,/table-of-5796
5800,11600,17400,23200,29000,34800,40600,46400,52200,58000,63800,69600,75400,81200,87000,92800,98600,104400,110200,116000,table-of-5800,5799,/table-of-5799,5798,/table-of-5798,5797,/table-of-5797
5801,11602,17403,23204,29005,34806,40607,46408,52209,58010,63811,69612,75413,81214,87015,92816,98617,104418,110219,116020,table-of-5801,5800,/table-of-5800,5799,/table-of-5799,5798,/table-of-5798
5802,11604,17406,23208,29010,34812,40614,46416,52218,58020,63822,69624,75426,81228,87030,92832,98634,104436,110238,116040,table-of-5802,5801,/table-of-5801,5800,/table-of-5800,5799,/table-of-5799
5803,11606,17409,23212,29015,34818,40621,46424,52227,58030,63833,69636,75439,81242,87045,92848,98651,104454,110257,116060,table-of-5803,5802,/table-of-5802,5801,/table-of-5801,5800,/table-of-5800
5804,11608,17412,23216,29020,34824,40628,46432,52236,58040,63844,69648,75452,81256,87060,92864,98668,104472,110276,116080,table-of-5804,5803,/table-of-5803,5802,/table-of-5802,5801,/table-of-5801
5805,11610,17415,23220,29025,34830,40635,46440,52245,58050,63855,69660,75465,81270,87075,92880,98685,104490,110295,116100,table-of-5805,5804,/table-of-5804,5803,/table-of-5803,5802,/table-of-5802
5806,11612,17418,23224,29030,34836,40642,46448,52254,58060,63866,69672,75478,81284,87090,92896,98702,104508,110314,116120,table-of-5806,5805,/table-of-5805,5804,/table-of-5804,5803,/table-of-5803
5807,11614,17421,23228,29035,34842,40649,46456,52263,58070,63877,69684,75491,81298,87105,92912,98719,104526,110333,116140,table-of-5807,5806,/table-of-5806,5805,/table-of-5805,5804,/table-of-5804
5808,11616,17424,23232,29040,34848,40656,46464,52272,58080,63888,69696,75504,81312,87120,92928,98736,104544,110352,116160,table-of-5808,5807,/table-of-5807,5806,/table-of-5806,5805,/table-of-5805
5809,11618,17427,23236,29045,34854,40663,46472,52281,58090,63899,69708,75517,81326,87135,92944,98753,104562,110371,116180,table-of-5809,5808,/table-of-5808,5807,/table-of-5807,5806,/table-of-5806
5810,11620,17430,23240,29050,34860,40670,46480,52290,58100,63910,69720,75530,81340,87150,92960,98770,104580,110390,116200,table-of-5810,5809,/table-of-5809,5808,/table-of-5808,5807,/table-of-5807
5811,11622,17433,23244,29055,34866,40677,46488,52299,58110,63921,69732,75543,81354,87165,92976,98787,104598,110409,116220,table-of-5811,5810,/table-of-5810,5809,/table-of-5809,5808,/table-of-5808
5812,11624,17436,23248,29060,34872,40684,46496,52308,58120,63932,69744,75556,81368,87180,92992,98804,104616,110428,116240,table-of-5812,5811,/table-of-5811,5810,/table-of-5810,5809,/table-of-5809
5813,11626,17439,23252,29065,34878,40691,46504,52317,58130,63943,69756,75569,81382,87195,93008,98821,104634,110447,116260,table-of-5813,5812,/table-of-5812,5811,/table-of-5811,5810,/table-of-5810
5814,11628,17442,23256,29070,34884,40698,46512,52326,58140,63954,69768,75582,81396,87210,93024,98838,104652,110466,116280,table-of-5814,5813,/table-of-5813,5812,/table-of-5812,5811,/table-of-5811
5815,11630,17445,23260,29075,34890,40705,46520,52335,58150,63965,69780,75595,81410,87225,93040,98855,104670,110485,116300,table-of-5815,5814,/table-of-5814,5813,/table-of-5813,5812,/table-of-5812
5816,11632,17448,23264,29080,34896,40712,46528,52344,58160,63976,69792,75608,81424,87240,93056,98872,104688,110504,116320,table-of-5816,5815,/table-of-5815,5814,/table-of-5814,5813,/table-of-5813
5817,11634,17451,23268,29085,34902,40719,46536,52353,58170,63987,69804,75621,81438,87255,93072,98889,104706,110523,116340,table-of-5817,5816,/table-of-5816,5815,/table-of-5815,5814,/table-of-5814
5818,11636,17454,23272,29090,34908,40726,46544,52362,58180,63998,69816,75634,81452,87270,93088,98906,104724,110542,116360,table-of-5818,5817,/table-of-5817,5816,/table-of-5816,5815,/table-of-5815
5819,11638,17457,23276,29095,34914,40733,46552,52371,58190,64009,69828,75647,81466,87285,93104,98923,104742,110561,116380,table-of-5819,5818,/table-of-5818,5817,/table-of-5817,5816,/table-of-5816
5820,11640,17460,23280,29100,34920,40740,46560,52380,58200,64020,69840,75660,81480,87300,93120,98940,104760,110580,116400,table-of-5820,5819,/table-of-5819,5818,/table-of-5818,5817,/table-of-5817
5821,11642,17463,23284,29105,34926,40747,46568,52389,58210,64031,69852,75673,81494,87315,93136,98957,104778,110599,116420,table-of-5821,5820,/table-of-5820,5819,/table-of-5819,5818,/table-of-5818
5822,11644,17466,23288,29110,34932,40754,46576,52398,58220,64042,69864,75686,81508,87330,93152,98974,104796,110618,116440,table-of-5822,5821,/table-of-5821,5820,/table-of-5820,5819,/table-of-5819
5823,11646,17469,23292,29115,34938,40761,46584,52407,58230,64053,69876,75699,81522,87345,93168,98991,104814,110637,116460,table-of-5823,5822,/table-of-5822,5821,/table-of-5821,5820,/table-of-5820
5824,11648,17472,23296,29120,34944,40768,46592,52416,58240,64064,69888,75712,81536,87360,93184,99008,104832,110656,116480,table-of-5824,5823,/table-of-5823,5822,/table-of-5822,5821,/table-of-5821
5825,11650,17475,23300,29125,34950,40775,46600,52425,58250,64075,69900,75725,81550,87375,93200,99025,104850,110675,116500,table-of-5825,5824,/table-of-5824,5823,/table-of-5823,5822,/table-of-5822
5826,11652,17478,23304,29130,34956,40782,46608,52434,58260,64086,69912,75738,81564,87390,93216,99042,104868,110694,116520,table-of-5826,5825,/table-of-5825,5824,/table-of-5824,5823,/table-of-5823
5827,11654,17481,23308,29135,34962,40789,46616,52443,58270,64097,69924,75751,81578,87405,93232,99059,104886,110713,116540,table-of-5827,5826,/table-of-5826,5825,/table-of-5825,5824,/table-of-5824
5828,11656,17484,23312,29140,34968,40796,46624,52452,58280,64108,69936,75764,81592,87420,93248,99076,104904,110732,116560,table-of-5828,5827,/table-of-5827,5826,/table-of-5826,5825,/table-of-5825
5829,11658,17487,23316,29145,34974,40803,46632,52461,58290,64119,69948,75777,81606,87435,93264,99093,104922,110751,116580,table-of-5829,5828,/table-of-5828,5827,/table-of-5827,5826,/table-of-5826
5830,11660,17490,23320,29150,34980,40810,46640,52470,58300,64130,69960,75790,81620,87450,93280,99110,104940,110770,116600,table-of-5830,5829,/table-of-5829,5828,/table-of-5828,5827,/table-of-5827
5831,11662,17493,23324,29155,34986,40817,46648,52479,58310,64141,69972,75803,81634,87465,93296,99127,104958,110789,116620,table-of-5831,5830,/table-of-5830,5829,/table-of-5829,5828,/table-of-5828
5832,11664,17496,23328,29160,34992,40824,46656,52488,58320,64152,69984,75816,81648,87480,93312,99144,104976,110808,116640,table-of-5832,5831,/table-of-5831,5830,/table-of-5830,5829,/table-of-5829
5833,11666,17499,23332,29165,34998,40831,46664,52497,58330,64163,69996,75829,81662,87495,93328,99161,104994,110827,116660,table-of-5833,5832,/table-of-5832,5831,/table-of-5831,5830,/table-of-5830
5834,11668,17502,23336,29170,35004,40838,46672,52506,58340,64174,70008,75842,81676,87510,93344,99178,105012,110846,116680,table-of-5834,5833,/table-of-5833,5832,/table-of-5832,5831,/table-of-5831
5835,11670,17505,23340,29175,35010,40845,46680,52515,58350,64185,70020,75855,81690,87525,93360,99195,105030,110865,116700,table-of-5835,5834,/table-of-5834,5833,/table-of-5833,5832,/table-of-5832
5836,11672,17508,23344,29180,35016,40852,46688,52524,58360,64196,70032,75868,81704,87540,93376,99212,105048,110884,116720,table-of-5836,5835,/table-of-5835,5834,/table-of-5834,5833,/table-of-5833
5837,11674,17511,23348,29185,35022,40859,46696,52533,58370,64207,70044,75881,81718,87555,93392,99229,105066,110903,116740,table-of-5837,5836,/table-of-5836,5835,/table-of-5835,5834,/table-of-5834
5838,11676,17514,23352,29190,35028,40866,46704,52542,58380,64218,70056,75894,81732,87570,93408,99246,105084,110922,116760,table-of-5838,5837,/table-of-5837,5836,/table-of-5836,5835,/table-of-5835
5839,11678,17517,23356,29195,35034,40873,46712,52551,58390,64229,70068,75907,81746,87585,93424,99263,105102,110941,116780,table-of-5839,5838,/table-of-5838,5837,/table-of-5837,5836,/table-of-5836
5840,11680,17520,23360,29200,35040,40880,46720,52560,58400,64240,70080,75920,81760,87600,93440,99280,105120,110960,116800,table-of-5840,5839,/table-of-5839,5838,/table-of-5838,5837,/table-of-5837
5841,11682,17523,23364,29205,35046,40887,46728,52569,58410,64251,70092,75933,81774,87615,93456,99297,105138,110979,116820,table-of-5841,5840,/table-of-5840,5839,/table-of-5839,5838,/table-of-5838
5842,11684,17526,23368,29210,35052,40894,46736,52578,58420,64262,70104,75946,81788,87630,93472,99314,105156,110998,116840,table-of-5842,5841,/table-of-5841,5840,/table-of-5840,5839,/table-of-5839
5843,11686,17529,23372,29215,35058,40901,46744,52587,58430,64273,70116,75959,81802,87645,93488,99331,105174,111017,116860,table-of-5843,5842,/table-of-5842,5841,/table-of-5841,5840,/table-of-5840
5844,11688,17532,23376,29220,35064,40908,46752,52596,58440,64284,70128,75972,81816,87660,93504,99348,105192,111036,116880,table-of-5844,5843,/table-of-5843,5842,/table-of-5842,5841,/table-of-5841
5845,11690,17535,23380,29225,35070,40915,46760,52605,58450,64295,70140,75985,81830,87675,93520,99365,105210,111055,116900,table-of-5845,5844,/table-of-5844,5843,/table-of-5843,5842,/table-of-5842
5846,11692,17538,23384,29230,35076,40922,46768,52614,58460,64306,70152,75998,81844,87690,93536,99382,105228,111074,116920,table-of-5846,5845,/table-of-5845,5844,/table-of-5844,5843,/table-of-5843
5847,11694,17541,23388,29235,35082,40929,46776,52623,58470,64317,70164,76011,81858,87705,93552,99399,105246,111093,116940,table-of-5847,5846,/table-of-5846,5845,/table-of-5845,5844,/table-of-5844
5848,11696,17544,23392,29240,35088,40936,46784,52632,58480,64328,70176,76024,81872,87720,93568,99416,105264,111112,116960,table-of-5848,5847,/table-of-5847,5846,/table-of-5846,5845,/table-of-5845
5849,11698,17547,23396,29245,35094,40943,46792,52641,58490,64339,70188,76037,81886,87735,93584,99433,105282,111131,116980,table-of-5849,5848,/table-of-5848,5847,/table-of-5847,5846,/table-of-5846
5850,11700,17550,23400,29250,35100,40950,46800,52650,58500,64350,70200,76050,81900,87750,93600,99450,105300,111150,117000,table-of-5850,5849,/table-of-5849,5848,/table-of-5848,5847,/table-of-5847
5851,11702,17553,23404,29255,35106,40957,46808,52659,58510,64361,70212,76063,81914,87765,93616,99467,105318,111169,117020,table-of-5851,5850,/table-of-5850,5849,/table-of-5849,5848,/table-of-5848
5852,11704,17556,23408,29260,35112,40964,46816,52668,58520,64372,70224,76076,81928,87780,93632,99484,105336,111188,117040,table-of-5852,5851,/table-of-5851,5850,/table-of-5850,5849,/table-of-5849
5853,11706,17559,23412,29265,35118,40971,46824,52677,58530,64383,70236,76089,81942,87795,93648,99501,105354,111207,117060,table-of-5853,5852,/table-of-5852,5851,/table-of-5851,5850,/table-of-5850
5854,11708,17562,23416,29270,35124,40978,46832,52686,58540,64394,70248,76102,81956,87810,93664,99518,105372,111226,117080,table-of-5854,5853,/table-of-5853,5852,/table-of-5852,5851,/table-of-5851
5855,11710,17565,23420,29275,35130,40985,46840,52695,58550,64405,70260,76115,81970,87825,93680,99535,105390,111245,117100,table-of-5855,5854,/table-of-5854,5853,/table-of-5853,5852,/table-of-5852
5856,11712,17568,23424,29280,35136,40992,46848,52704,58560,64416,70272,76128,81984,87840,93696,99552,105408,111264,117120,table-of-5856,5855,/table-of-5855,5854,/table-of-5854,5853,/table-of-5853
5857,11714,17571,23428,29285,35142,40999,46856,52713,58570,64427,70284,76141,81998,87855,93712,99569,105426,111283,117140,table-of-5857,5856,/table-of-5856,5855,/table-of-5855,5854,/table-of-5854
5858,11716,17574,23432,29290,35148,41006,46864,52722,58580,64438,70296,76154,82012,87870,93728,99586,105444,111302,117160,table-of-5858,5857,/table-of-5857,5856,/table-of-5856,5855,/table-of-5855
5859,11718,17577,23436,29295,35154,41013,46872,52731,58590,64449,70308,76167,82026,87885,93744,99603,105462,111321,117180,table-of-5859,5858,/table-of-5858,5857,/table-of-5857,5856,/table-of-5856
5860,11720,17580,23440,29300,35160,41020,46880,52740,58600,64460,70320,76180,82040,87900,93760,99620,105480,111340,117200,table-of-5860,5859,/table-of-5859,5858,/table-of-5858,5857,/table-of-5857
5861,11722,17583,23444,29305,35166,41027,46888,52749,58610,64471,70332,76193,82054,87915,93776,99637,105498,111359,117220,table-of-5861,5860,/table-of-5860,5859,/table-of-5859,5858,/table-of-5858
5862,11724,17586,23448,29310,35172,41034,46896,52758,58620,64482,70344,76206,82068,87930,93792,99654,105516,111378,117240,table-of-5862,5861,/table-of-5861,5860,/table-of-5860,5859,/table-of-5859
5863,11726,17589,23452,29315,35178,41041,46904,52767,58630,64493,70356,76219,82082,87945,93808,99671,105534,111397,117260,table-of-5863,5862,/table-of-5862,5861,/table-of-5861,5860,/table-of-5860
5864,11728,17592,23456,29320,35184,41048,46912,52776,58640,64504,70368,76232,82096,87960,93824,99688,105552,111416,117280,table-of-5864,5863,/table-of-5863,5862,/table-of-5862,5861,/table-of-5861
5865,11730,17595,23460,29325,35190,41055,46920,52785,58650,64515,70380,76245,82110,87975,93840,99705,105570,111435,117300,table-of-5865,5864,/table-of-5864,5863,/table-of-5863,5862,/table-of-5862
5866,11732,17598,23464,29330,35196,41062,46928,52794,58660,64526,70392,76258,82124,87990,93856,99722,105588,111454,117320,table-of-5866,5865,/table-of-5865,5864,/table-of-5864,5863,/table-of-5863
5867,11734,17601,23468,29335,35202,41069,46936,52803,58670,64537,70404,76271,82138,88005,93872,99739,105606,111473,117340,table-of-5867,5866,/table-of-5866,5865,/table-of-5865,5864,/table-of-5864
5868,11736,17604,23472,29340,35208,41076,46944,52812,58680,64548,70416,76284,82152,88020,93888,99756,105624,111492,117360,table-of-5868,5867,/table-of-5867,5866,/table-of-5866,5865,/table-of-5865
5869,11738,17607,23476,29345,35214,41083,46952,52821,58690,64559,70428,76297,82166,88035,93904,99773,105642,111511,117380,table-of-5869,5868,/table-of-5868,5867,/table-of-5867,5866,/table-of-5866
5870,11740,17610,23480,29350,35220,41090,46960,52830,58700,64570,70440,76310,82180,88050,93920,99790,105660,111530,117400,table-of-5870,5869,/table-of-5869,5868,/table-of-5868,5867,/table-of-5867
5871,11742,17613,23484,29355,35226,41097,46968,52839,58710,64581,70452,76323,82194,88065,93936,99807,105678,111549,117420,table-of-5871,5870,/table-of-5870,5869,/table-of-5869,5868,/table-of-5868
5872,11744,17616,23488,29360,35232,41104,46976,52848,58720,64592,70464,76336,82208,88080,93952,99824,105696,111568,117440,table-of-5872,5871,/table-of-5871,5870,/table-of-5870,5869,/table-of-5869
5873,11746,17619,23492,29365,35238,41111,46984,52857,58730,64603,70476,76349,82222,88095,93968,99841,105714,111587,117460,table-of-5873,5872,/table-of-5872,5871,/table-of-5871,5870,/table-of-5870
5874,11748,17622,23496,29370,35244,41118,46992,52866,58740,64614,70488,76362,82236,88110,93984,99858,105732,111606,117480,table-of-5874,5873,/table-of-5873,5872,/table-of-5872,5871,/table-of-5871
5875,11750,17625,23500,29375,35250,41125,47000,52875,58750,64625,70500,76375,82250,88125,94000,99875,105750,111625,117500,table-of-5875,5874,/table-of-5874,5873,/table-of-5873,5872,/table-of-5872
5876,11752,17628,23504,29380,35256,41132,47008,52884,58760,64636,70512,76388,82264,88140,94016,99892,105768,111644,117520,table-of-5876,5875,/table-of-5875,5874,/table-of-5874,5873,/table-of-5873
5877,11754,17631,23508,29385,35262,41139,47016,52893,58770,64647,70524,76401,82278,88155,94032,99909,105786,111663,117540,table-of-5877,5876,/table-of-5876,5875,/table-of-5875,5874,/table-of-5874
5878,11756,17634,23512,29390,35268,41146,47024,52902,58780,64658,70536,76414,82292,88170,94048,99926,105804,111682,117560,table-of-5878,5877,/table-of-5877,5876,/table-of-5876,5875,/table-of-5875
5879,11758,17637,23516,29395,35274,41153,47032,52911,58790,64669,70548,76427,82306,88185,94064,99943,105822,111701,117580,table-of-5879,5878,/table-of-5878,5877,/table-of-5877,5876,/table-of-5876
5880,11760,17640,23520,29400,35280,41160,47040,52920,58800,64680,70560,76440,82320,88200,94080,99960,105840,111720,117600,table-of-5880,5879,/table-of-5879,5878,/table-of-5878,5877,/table-of-5877
5881,11762,17643,23524,29405,35286,41167,47048,52929,58810,64691,70572,76453,82334,88215,94096,99977,105858,111739,117620,table-of-5881,5880,/table-of-5880,5879,/table-of-5879,5878,/table-of-5878
5882,11764,17646,23528,29410,35292,41174,47056,52938,58820,64702,70584,76466,82348,88230,94112,99994,105876,111758,117640,table-of-5882,5881,/table-of-5881,5880,/table-of-5880,5879,/table-of-5879
5883,11766,17649,23532,29415,35298,41181,47064,52947,58830,64713,70596,76479,82362,88245,94128,100011,105894,111777,117660,table-of-5883,5882,/table-of-5882,5881,/table-of-5881,5880,/table-of-5880
5884,11768,17652,23536,29420,35304,41188,47072,52956,58840,64724,70608,76492,82376,88260,94144,100028,105912,111796,117680,table-of-5884,5883,/table-of-5883,5882,/table-of-5882,5881,/table-of-5881
5885,11770,17655,23540,29425,35310,41195,47080,52965,58850,64735,70620,76505,82390,88275,94160,100045,105930,111815,117700,table-of-5885,5884,/table-of-5884,5883,/table-of-5883,5882,/table-of-5882
5886,11772,17658,23544,29430,35316,41202,47088,52974,58860,64746,70632,76518,82404,88290,94176,100062,105948,111834,117720,table-of-5886,5885,/table-of-5885,5884,/table-of-5884,5883,/table-of-5883
5887,11774,17661,23548,29435,35322,41209,47096,52983,58870,64757,70644,76531,82418,88305,94192,100079,105966,111853,117740,table-of-5887,5886,/table-of-5886,5885,/table-of-5885,5884,/table-of-5884
5888,11776,17664,23552,29440,35328,41216,47104,52992,58880,64768,70656,76544,82432,88320,94208,100096,105984,111872,117760,table-of-5888,5887,/table-of-5887,5886,/table-of-5886,5885,/table-of-5885
5889,11778,17667,23556,29445,35334,41223,47112,53001,58890,64779,70668,76557,82446,88335,94224,100113,106002,111891,117780,table-of-5889,5888,/table-of-5888,5887,/table-of-5887,5886,/table-of-5886
5890,11780,17670,23560,29450,35340,41230,47120,53010,58900,64790,70680,76570,82460,88350,94240,100130,106020,111910,117800,table-of-5890,5889,/table-of-5889,5888,/table-of-5888,5887,/table-of-5887
5891,11782,17673,23564,29455,35346,41237,47128,53019,58910,64801,70692,76583,82474,88365,94256,100147,106038,111929,117820,table-of-5891,5890,/table-of-5890,5889,/table-of-5889,5888,/table-of-5888
5892,11784,17676,23568,29460,35352,41244,47136,53028,58920,64812,70704,76596,82488,88380,94272,100164,106056,111948,117840,table-of-5892,5891,/table-of-5891,5890,/table-of-5890,5889,/table-of-5889
5893,11786,17679,23572,29465,35358,41251,47144,53037,58930,64823,70716,76609,82502,88395,94288,100181,106074,111967,117860,table-of-5893,5892,/table-of-5892,5891,/table-of-5891,5890,/table-of-5890
5894,11788,17682,23576,29470,35364,41258,47152,53046,58940,64834,70728,76622,82516,88410,94304,100198,106092,111986,117880,table-of-5894,5893,/table-of-5893,5892,/table-of-5892,5891,/table-of-5891
5895,11790,17685,23580,29475,35370,41265,47160,53055,58950,64845,70740,76635,82530,88425,94320,100215,106110,112005,117900,table-of-5895,5894,/table-of-5894,5893,/table-of-5893,5892,/table-of-5892
5896,11792,17688,23584,29480,35376,41272,47168,53064,58960,64856,70752,76648,82544,88440,94336,100232,106128,112024,117920,table-of-5896,5895,/table-of-5895,5894,/table-of-5894,5893,/table-of-5893
5897,11794,17691,23588,29485,35382,41279,47176,53073,58970,64867,70764,76661,82558,88455,94352,100249,106146,112043,117940,table-of-5897,5896,/table-of-5896,5895,/table-of-5895,5894,/table-of-5894
5898,11796,17694,23592,29490,35388,41286,47184,53082,58980,64878,70776,76674,82572,88470,94368,100266,106164,112062,117960,table-of-5898,5897,/table-of-5897,5896,/table-of-5896,5895,/table-of-5895
5899,11798,17697,23596,29495,35394,41293,47192,53091,58990,64889,70788,76687,82586,88485,94384,100283,106182,112081,117980,table-of-5899,5898,/table-of-5898,5897,/table-of-5897,5896,/table-of-5896
5900,11800,17700,23600,29500,35400,41300,47200,53100,59000,64900,70800,76700,82600,88500,94400,100300,106200,112100,118000,table-of-5900,5899,/table-of-5899,5898,/table-of-5898,5897,/table-of-5897
5901,11802,17703,23604,29505,35406,41307,47208,53109,59010,64911,70812,76713,82614,88515,94416,100317,106218,112119,118020,table-of-5901,5900,/table-of-5900,5899,/table-of-5899,5898,/table-of-5898
5902,11804,17706,23608,29510,35412,41314,47216,53118,59020,64922,70824,76726,82628,88530,94432,100334,106236,112138,118040,table-of-5902,5901,/table-of-5901,5900,/table-of-5900,5899,/table-of-5899
5903,11806,17709,23612,29515,35418,41321,47224,53127,59030,64933,70836,76739,82642,88545,94448,100351,106254,112157,118060,table-of-5903,5902,/table-of-5902,5901,/table-of-5901,5900,/table-of-5900
5904,11808,17712,23616,29520,35424,41328,47232,53136,59040,64944,70848,76752,82656,88560,94464,100368,106272,112176,118080,table-of-5904,5903,/table-of-5903,5902,/table-of-5902,5901,/table-of-5901
5905,11810,17715,23620,29525,35430,41335,47240,53145,59050,64955,70860,76765,82670,88575,94480,100385,106290,112195,118100,table-of-5905,5904,/table-of-5904,5903,/table-of-5903,5902,/table-of-5902
5906,11812,17718,23624,29530,35436,41342,47248,53154,59060,64966,70872,76778,82684,88590,94496,100402,106308,112214,118120,table-of-5906,5905,/table-of-5905,5904,/table-of-5904,5903,/table-of-5903
5907,11814,17721,23628,29535,35442,41349,47256,53163,59070,64977,70884,76791,82698,88605,94512,100419,106326,112233,118140,table-of-5907,5906,/table-of-5906,5905,/table-of-5905,5904,/table-of-5904
5908,11816,17724,23632,29540,35448,41356,47264,53172,59080,64988,70896,76804,82712,88620,94528,100436,106344,112252,118160,table-of-5908,5907,/table-of-5907,5906,/table-of-5906,5905,/table-of-5905
5909,11818,17727,23636,29545,35454,41363,47272,53181,59090,64999,70908,76817,82726,88635,94544,100453,106362,112271,118180,table-of-5909,5908,/table-of-5908,5907,/table-of-5907,5906,/table-of-5906
5910,11820,17730,23640,29550,35460,41370,47280,53190,59100,65010,70920,76830,82740,88650,94560,100470,106380,112290,118200,table-of-5910,5909,/table-of-5909,5908,/table-of-5908,5907,/table-of-5907
5911,11822,17733,23644,29555,35466,41377,47288,53199,59110,65021,70932,76843,82754,88665,94576,100487,106398,112309,118220,table-of-5911,5910,/table-of-5910,5909,/table-of-5909,5908,/table-of-5908
5912,11824,17736,23648,29560,35472,41384,47296,53208,59120,65032,70944,76856,82768,88680,94592,100504,106416,112328,118240,table-of-5912,5911,/table-of-5911,5910,/table-of-5910,5909,/table-of-5909
5913,11826,17739,23652,29565,35478,41391,47304,53217,59130,65043,70956,76869,82782,88695,94608,100521,106434,112347,118260,table-of-5913,5912,/table-of-5912,5911,/table-of-5911,5910,/table-of-5910
5914,11828,17742,23656,29570,35484,41398,47312,53226,59140,65054,70968,76882,82796,88710,94624,100538,106452,112366,118280,table-of-5914,5913,/table-of-5913,5912,/table-of-5912,5911,/table-of-5911
5915,11830,17745,23660,29575,35490,41405,47320,53235,59150,65065,70980,76895,82810,88725,94640,100555,106470,112385,118300,table-of-5915,5914,/table-of-5914,5913,/table-of-5913,5912,/table-of-5912
5916,11832,17748,23664,29580,35496,41412,47328,53244,59160,65076,70992,76908,82824,88740,94656,100572,106488,112404,118320,table-of-5916,5915,/table-of-5915,5914,/table-of-5914,5913,/table-of-5913
5917,11834,17751,23668,29585,35502,41419,47336,53253,59170,65087,71004,76921,82838,88755,94672,100589,106506,112423,118340,table-of-5917,5916,/table-of-5916,5915,/table-of-5915,5914,/table-of-5914
5918,11836,17754,23672,29590,35508,41426,47344,53262,59180,65098,71016,76934,82852,88770,94688,100606,106524,112442,118360,table-of-5918,5917,/table-of-5917,5916,/table-of-5916,5915,/table-of-5915
5919,11838,17757,23676,29595,35514,41433,47352,53271,59190,65109,71028,76947,82866,88785,94704,100623,106542,112461,118380,table-of-5919,5918,/table-of-5918,5917,/table-of-5917,5916,/table-of-5916
5920,11840,17760,23680,29600,35520,41440,47360,53280,59200,65120,71040,76960,82880,88800,94720,100640,106560,112480,118400,table-of-5920,5919,/table-of-5919,5918,/table-of-5918,5917,/table-of-5917
5921,11842,17763,23684,29605,35526,41447,47368,53289,59210,65131,71052,76973,82894,88815,94736,100657,106578,112499,118420,table-of-5921,5920,/table-of-5920,5919,/table-of-5919,5918,/table-of-5918
5922,11844,17766,23688,29610,35532,41454,47376,53298,59220,65142,71064,76986,82908,88830,94752,100674,106596,112518,118440,table-of-5922,5921,/table-of-5921,5920,/table-of-5920,5919,/table-of-5919
5923,11846,17769,23692,29615,35538,41461,47384,53307,59230,65153,71076,76999,82922,88845,94768,100691,106614,112537,118460,table-of-5923,5922,/table-of-5922,5921,/table-of-5921,5920,/table-of-5920
5924,11848,17772,23696,29620,35544,41468,47392,53316,59240,65164,71088,77012,82936,88860,94784,100708,106632,112556,118480,table-of-5924,5923,/table-of-5923,5922,/table-of-5922,5921,/table-of-5921
5925,11850,17775,23700,29625,35550,41475,47400,53325,59250,65175,71100,77025,82950,88875,94800,100725,106650,112575,118500,table-of-5925,5924,/table-of-5924,5923,/table-of-5923,5922,/table-of-5922
5926,11852,17778,23704,29630,35556,41482,47408,53334,59260,65186,71112,77038,82964,88890,94816,100742,106668,112594,118520,table-of-5926,5925,/table-of-5925,5924,/table-of-5924,5923,/table-of-5923
5927,11854,17781,23708,29635,35562,41489,47416,53343,59270,65197,71124,77051,82978,88905,94832,100759,106686,112613,118540,table-of-5927,5926,/table-of-5926,5925,/table-of-5925,5924,/table-of-5924
5928,11856,17784,23712,29640,35568,41496,47424,53352,59280,65208,71136,77064,82992,88920,94848,100776,106704,112632,118560,table-of-5928,5927,/table-of-5927,5926,/table-of-5926,5925,/table-of-5925
5929,11858,17787,23716,29645,35574,41503,47432,53361,59290,65219,71148,77077,83006,88935,94864,100793,106722,112651,118580,table-of-5929,5928,/table-of-5928,5927,/table-of-5927,5926,/table-of-5926
5930,11860,17790,23720,29650,35580,41510,47440,53370,59300,65230,71160,77090,83020,88950,94880,100810,106740,112670,118600,table-of-5930,5929,/table-of-5929,5928,/table-of-5928,5927,/table-of-5927
5931,11862,17793,23724,29655,35586,41517,47448,53379,59310,65241,71172,77103,83034,88965,94896,100827,106758,112689,118620,table-of-5931,5930,/table-of-5930,5929,/table-of-5929,5928,/table-of-5928
5932,11864,17796,23728,29660,35592,41524,47456,53388,59320,65252,71184,77116,83048,88980,94912,100844,106776,112708,118640,table-of-5932,5931,/table-of-5931,5930,/table-of-5930,5929,/table-of-5929
5933,11866,17799,23732,29665,35598,41531,47464,53397,59330,65263,71196,77129,83062,88995,94928,100861,106794,112727,118660,table-of-5933,5932,/table-of-5932,5931,/table-of-5931,5930,/table-of-5930
5934,11868,17802,23736,29670,35604,41538,47472,53406,59340,65274,71208,77142,83076,89010,94944,100878,106812,112746,118680,table-of-5934,5933,/table-of-5933,5932,/table-of-5932,5931,/table-of-5931
5935,11870,17805,23740,29675,35610,41545,47480,53415,59350,65285,71220,77155,83090,89025,94960,100895,106830,112765,118700,table-of-5935,5934,/table-of-5934,5933,/table-of-5933,5932,/table-of-5932
5936,11872,17808,23744,29680,35616,41552,47488,53424,59360,65296,71232,77168,83104,89040,94976,100912,106848,112784,118720,table-of-5936,5935,/table-of-5935,5934,/table-of-5934,5933,/table-of-5933
5937,11874,17811,23748,29685,35622,41559,47496,53433,59370,65307,71244,77181,83118,89055,94992,100929,106866,112803,118740,table-of-5937,5936,/table-of-5936,5935,/table-of-5935,5934,/table-of-5934
5938,11876,17814,23752,29690,35628,41566,47504,53442,59380,65318,71256,77194,83132,89070,95008,100946,106884,112822,118760,table-of-5938,5937,/table-of-5937,5936,/table-of-5936,5935,/table-of-5935
5939,11878,17817,23756,29695,35634,41573,47512,53451,59390,65329,71268,77207,83146,89085,95024,100963,106902,112841,118780,table-of-5939,5938,/table-of-5938,5937,/table-of-5937,5936,/table-of-5936
5940,11880,17820,23760,29700,35640,41580,47520,53460,59400,65340,71280,77220,83160,89100,95040,100980,106920,112860,118800,table-of-5940,5939,/table-of-5939,5938,/table-of-5938,5937,/table-of-5937
5941,11882,17823,23764,29705,35646,41587,47528,53469,59410,65351,71292,77233,83174,89115,95056,100997,106938,112879,118820,table-of-5941,5940,/table-of-5940,5939,/table-of-5939,5938,/table-of-5938
5942,11884,17826,23768,29710,35652,41594,47536,53478,59420,65362,71304,77246,83188,89130,95072,101014,106956,112898,118840,table-of-5942,5941,/table-of-5941,5940,/table-of-5940,5939,/table-of-5939
5943,11886,17829,23772,29715,35658,41601,47544,53487,59430,65373,71316,77259,83202,89145,95088,101031,106974,112917,118860,table-of-5943,5942,/table-of-5942,5941,/table-of-5941,5940,/table-of-5940
5944,11888,17832,23776,29720,35664,41608,47552,53496,59440,65384,71328,77272,83216,89160,95104,101048,106992,112936,118880,table-of-5944,5943,/table-of-5943,5942,/table-of-5942,5941,/table-of-5941
5945,11890,17835,23780,29725,35670,41615,47560,53505,59450,65395,71340,77285,83230,89175,95120,101065,107010,112955,118900,table-of-5945,5944,/table-of-5944,5943,/table-of-5943,5942,/table-of-5942
5946,11892,17838,23784,29730,35676,41622,47568,53514,59460,65406,71352,77298,83244,89190,95136,101082,107028,112974,118920,table-of-5946,5945,/table-of-5945,5944,/table-of-5944,5943,/table-of-5943
5947,11894,17841,23788,29735,35682,41629,47576,53523,59470,65417,71364,77311,83258,89205,95152,101099,107046,112993,118940,table-of-5947,5946,/table-of-5946,5945,/table-of-5945,5944,/table-of-5944
5948,11896,17844,23792,29740,35688,41636,47584,53532,59480,65428,71376,77324,83272,89220,95168,101116,107064,113012,118960,table-of-5948,5947,/table-of-5947,5946,/table-of-5946,5945,/table-of-5945
5949,11898,17847,23796,29745,35694,41643,47592,53541,59490,65439,71388,77337,83286,89235,95184,101133,107082,113031,118980,table-of-5949,5948,/table-of-5948,5947,/table-of-5947,5946,/table-of-5946
5950,11900,17850,23800,29750,35700,41650,47600,53550,59500,65450,71400,77350,83300,89250,95200,101150,107100,113050,119000,table-of-5950,5949,/table-of-5949,5948,/table-of-5948,5947,/table-of-5947
5951,11902,17853,23804,29755,35706,41657,47608,53559,59510,65461,71412,77363,83314,89265,95216,101167,107118,113069,119020,table-of-5951,5950,/table-of-5950,5949,/table-of-5949,5948,/table-of-5948
5952,11904,17856,23808,29760,35712,41664,47616,53568,59520,65472,71424,77376,83328,89280,95232,101184,107136,113088,119040,table-of-5952,5951,/table-of-5951,5950,/table-of-5950,5949,/table-of-5949
5953,11906,17859,23812,29765,35718,41671,47624,53577,59530,65483,71436,77389,83342,89295,95248,101201,107154,113107,119060,table-of-5953,5952,/table-of-5952,5951,/table-of-5951,5950,/table-of-5950
5954,11908,17862,23816,29770,35724,41678,47632,53586,59540,65494,71448,77402,83356,89310,95264,101218,107172,113126,119080,table-of-5954,5953,/table-of-5953,5952,/table-of-5952,5951,/table-of-5951
5955,11910,17865,23820,29775,35730,41685,47640,53595,59550,65505,71460,77415,83370,89325,95280,101235,107190,113145,119100,table-of-5955,5954,/table-of-5954,5953,/table-of-5953,5952,/table-of-5952
5956,11912,17868,23824,29780,35736,41692,47648,53604,59560,65516,71472,77428,83384,89340,95296,101252,107208,113164,119120,table-of-5956,5955,/table-of-5955,5954,/table-of-5954,5953,/table-of-5953
5957,11914,17871,23828,29785,35742,41699,47656,53613,59570,65527,71484,77441,83398,89355,95312,101269,107226,113183,119140,table-of-5957,5956,/table-of-5956,5955,/table-of-5955,5954,/table-of-5954
5958,11916,17874,23832,29790,35748,41706,47664,53622,59580,65538,71496,77454,83412,89370,95328,101286,107244,113202,119160,table-of-5958,5957,/table-of-5957,5956,/table-of-5956,5955,/table-of-5955
5959,11918,17877,23836,29795,35754,41713,47672,53631,59590,65549,71508,77467,83426,89385,95344,101303,107262,113221,119180,table-of-5959,5958,/table-of-5958,5957,/table-of-5957,5956,/table-of-5956
5960,11920,17880,23840,29800,35760,41720,47680,53640,59600,65560,71520,77480,83440,89400,95360,101320,107280,113240,119200,table-of-5960,5959,/table-of-5959,5958,/table-of-5958,5957,/table-of-5957
5961,11922,17883,23844,29805,35766,41727,47688,53649,59610,65571,71532,77493,83454,89415,95376,101337,107298,113259,119220,table-of-5961,5960,/table-of-5960,5959,/table-of-5959,5958,/table-of-5958
5962,11924,17886,23848,29810,35772,41734,47696,53658,59620,65582,71544,77506,83468,89430,95392,101354,107316,113278,119240,table-of-5962,5961,/table-of-5961,5960,/table-of-5960,5959,/table-of-5959
5963,11926,17889,23852,29815,35778,41741,47704,53667,59630,65593,71556,77519,83482,89445,95408,101371,107334,113297,119260,table-of-5963,5962,/table-of-5962,5961,/table-of-5961,5960,/table-of-5960
5964,11928,17892,23856,29820,35784,41748,47712,53676,59640,65604,71568,77532,83496,89460,95424,101388,107352,113316,119280,table-of-5964,5963,/table-of-5963,5962,/table-of-5962,5961,/table-of-5961
5965,11930,17895,23860,29825,35790,41755,47720,53685,59650,65615,71580,77545,83510,89475,95440,101405,107370,113335,119300,table-of-5965,5964,/table-of-5964,5963,/table-of-5963,5962,/table-of-5962
5966,11932,17898,23864,29830,35796,41762,47728,53694,59660,65626,71592,77558,83524,89490,95456,101422,107388,113354,119320,table-of-5966,5965,/table-of-5965,5964,/table-of-5964,5963,/table-of-5963
5967,11934,17901,23868,29835,35802,41769,47736,53703,59670,65637,71604,77571,83538,89505,95472,101439,107406,113373,119340,table-of-5967,5966,/table-of-5966,5965,/table-of-5965,5964,/table-of-5964
5968,11936,17904,23872,29840,35808,41776,47744,53712,59680,65648,71616,77584,83552,89520,95488,101456,107424,113392,119360,table-of-5968,5967,/table-of-5967,5966,/table-of-5966,5965,/table-of-5965
5969,11938,17907,23876,29845,35814,41783,47752,53721,59690,65659,71628,77597,83566,89535,95504,101473,107442,113411,119380,table-of-5969,5968,/table-of-5968,5967,/table-of-5967,5966,/table-of-5966
5970,11940,17910,23880,29850,35820,41790,47760,53730,59700,65670,71640,77610,83580,89550,95520,101490,107460,113430,119400,table-of-5970,5969,/table-of-5969,5968,/table-of-5968,5967,/table-of-5967
5971,11942,17913,23884,29855,35826,41797,47768,53739,59710,65681,71652,77623,83594,89565,95536,101507,107478,113449,119420,table-of-5971,5970,/table-of-5970,5969,/table-of-5969,5968,/table-of-5968
5972,11944,17916,23888,29860,35832,41804,47776,53748,59720,65692,71664,77636,83608,89580,95552,101524,107496,113468,119440,table-of-5972,5971,/table-of-5971,5970,/table-of-5970,5969,/table-of-5969
5973,11946,17919,23892,29865,35838,41811,47784,53757,59730,65703,71676,77649,83622,89595,95568,101541,107514,113487,119460,table-of-5973,5972,/table-of-5972,5971,/table-of-5971,5970,/table-of-5970
5974,11948,17922,23896,29870,35844,41818,47792,53766,59740,65714,71688,77662,83636,89610,95584,101558,107532,113506,119480,table-of-5974,5973,/table-of-5973,5972,/table-of-5972,5971,/table-of-5971
5975,11950,17925,23900,29875,35850,41825,47800,53775,59750,65725,71700,77675,83650,89625,95600,101575,107550,113525,119500,table-of-5975,5974,/table-of-5974,5973,/table-of-5973,5972,/table-of-5972
5976,11952,17928,23904,29880,35856,41832,47808,53784,59760,65736,71712,77688,83664,89640,95616,101592,107568,113544,119520,table-of-5976,5975,/table-of-5975,5974,/table-of-5974,5973,/table-of-5973
5977,11954,17931,23908,29885,35862,41839,47816,53793,59770,65747,71724,77701,83678,89655,95632,101609,107586,113563,119540,table-of-5977,5976,/table-of-5976,5975,/table-of-5975,5974,/table-of-5974
5978,11956,17934,23912,29890,35868,41846,47824,53802,59780,65758,71736,77714,83692,89670,95648,101626,107604,113582,119560,table-of-5978,5977,/table-of-5977,5976,/table-of-5976,5975,/table-of-5975
5979,11958,17937,23916,29895,35874,41853,47832,53811,59790,65769,71748,77727,83706,89685,95664,101643,107622,113601,119580,table-of-5979,5978,/table-of-5978,5977,/table-of-5977,5976,/table-of-5976
5980,11960,17940,23920,29900,35880,41860,47840,53820,59800,65780,71760,77740,83720,89700,95680,101660,107640,113620,119600,table-of-5980,5979,/table-of-5979,5978,/table-of-5978,5977,/table-of-5977
5981,11962,17943,23924,29905,35886,41867,47848,53829,59810,65791,71772,77753,83734,89715,95696,101677,107658,113639,119620,table-of-5981,5980,/table-of-5980,5979,/table-of-5979,5978,/table-of-5978
5982,11964,17946,23928,29910,35892,41874,47856,53838,59820,65802,71784,77766,83748,89730,95712,101694,107676,113658,119640,table-of-5982,5981,/table-of-5981,5980,/table-of-5980,5979,/table-of-5979
5983,11966,17949,23932,29915,35898,41881,47864,53847,59830,65813,71796,77779,83762,89745,95728,101711,107694,113677,119660,table-of-5983,5982,/table-of-5982,5981,/table-of-5981,5980,/table-of-5980
5984,11968,17952,23936,29920,35904,41888,47872,53856,59840,65824,71808,77792,83776,89760,95744,101728,107712,113696,119680,table-of-5984,5983,/table-of-5983,5982,/table-of-5982,5981,/table-of-5981
5985,11970,17955,23940,29925,35910,41895,47880,53865,59850,65835,71820,77805,83790,89775,95760,101745,107730,113715,119700,table-of-5985,5984,/table-of-5984,5983,/table-of-5983,5982,/table-of-5982
5986,11972,17958,23944,29930,35916,41902,47888,53874,59860,65846,71832,77818,83804,89790,95776,101762,107748,113734,119720,table-of-5986,5985,/table-of-5985,5984,/table-of-5984,5983,/table-of-5983
5987,11974,17961,23948,29935,35922,41909,47896,53883,59870,65857,71844,77831,83818,89805,95792,101779,107766,113753,119740,table-of-5987,5986,/table-of-5986,5985,/table-of-5985,5984,/table-of-5984
5988,11976,17964,23952,29940,35928,41916,47904,53892,59880,65868,71856,77844,83832,89820,95808,101796,107784,113772,119760,table-of-5988,5987,/table-of-5987,5986,/table-of-5986,5985,/table-of-5985
5989,11978,17967,23956,29945,35934,41923,47912,53901,59890,65879,71868,77857,83846,89835,95824,101813,107802,113791,119780,table-of-5989,5988,/table-of-5988,5987,/table-of-5987,5986,/table-of-5986
5990,11980,17970,23960,29950,35940,41930,47920,53910,59900,65890,71880,77870,83860,89850,95840,101830,107820,113810,119800,table-of-5990,5989,/table-of-5989,5988,/table-of-5988,5987,/table-of-5987
5991,11982,17973,23964,29955,35946,41937,47928,53919,59910,65901,71892,77883,83874,89865,95856,101847,107838,113829,119820,table-of-5991,5990,/table-of-5990,5989,/table-of-5989,5988,/table-of-5988
5992,11984,17976,23968,29960,35952,41944,47936,53928,59920,65912,71904,77896,83888,89880,95872,101864,107856,113848,119840,table-of-5992,5991,/table-of-5991,5990,/table-of-5990,5989,/table-of-5989
5993,11986,17979,23972,29965,35958,41951,47944,53937,59930,65923,71916,77909,83902,89895,95888,101881,107874,113867,119860,table-of-5993,5992,/table-of-5992,5991,/table-of-5991,5990,/table-of-5990
5994,11988,17982,23976,29970,35964,41958,47952,53946,59940,65934,71928,77922,83916,89910,95904,101898,107892,113886,119880,table-of-5994,5993,/table-of-5993,5992,/table-of-5992,5991,/table-of-5991
5995,11990,17985,23980,29975,35970,41965,47960,53955,59950,65945,71940,77935,83930,89925,95920,101915,107910,113905,119900,table-of-5995,5994,/table-of-5994,5993,/table-of-5993,5992,/table-of-5992
5996,11992,17988,23984,29980,35976,41972,47968,53964,59960,65956,71952,77948,83944,89940,95936,101932,107928,113924,119920,table-of-5996,5995,/table-of-5995,5994,/table-of-5994,5993,/table-of-5993
5997,11994,17991,23988,29985,35982,41979,47976,53973,59970,65967,71964,77961,83958,89955,95952,101949,107946,113943,119940,table-of-5997,5996,/table-of-5996,5995,/table-of-5995,5994,/table-of-5994
5998,11996,17994,23992,29990,35988,41986,47984,53982,59980,65978,71976,77974,83972,89970,95968,101966,107964,113962,119960,table-of-5998,5997,/table-of-5997,5996,/table-of-5996,5995,/table-of-5995
5999,11998,17997,23996,29995,35994,41993,47992,53991,59990,65989,71988,77987,83986,89985,95984,101983,107982,113981,119980,table-of-5999,5998,/table-of-5998,5997,/table-of-5997,5996,/table-of-5996
6000,12000,18000,24000,30000,36000,42000,48000,54000,60000,66000,72000,78000,84000,90000,96000,102000,108000,114000,120000,table-of-6000,5999,/table-of-5999,5998,/table-of-5998,5997,/table-of-5997
6001,12002,18003,24004,30005,36006,42007,48008,54009,60010,66011,72012,78013,84014,90015,96016,102017,108018,114019,120020,table-of-6001,6000,/table-of-6000,5999,/table-of-5999,5998,/table-of-5998
6002,12004,18006,24008,30010,36012,42014,48016,54018,60020,66022,72024,78026,84028,90030,96032,102034,108036,114038,120040,table-of-6002,6001,/table-of-6001,6000,/table-of-6000,5999,/table-of-5999
6003,12006,18009,24012,30015,36018,42021,48024,54027,60030,66033,72036,78039,84042,90045,96048,102051,108054,114057,120060,table-of-6003,6002,/table-of-6002,6001,/table-of-6001,6000,/table-of-6000
6004,12008,18012,24016,30020,36024,42028,48032,54036,60040,66044,72048,78052,84056,90060,96064,102068,108072,114076,120080,table-of-6004,6003,/table-of-6003,6002,/table-of-6002,6001,/table-of-6001
6005,12010,18015,24020,30025,36030,42035,48040,54045,60050,66055,72060,78065,84070,90075,96080,102085,108090,114095,120100,table-of-6005,6004,/table-of-6004,6003,/table-of-6003,6002,/table-of-6002
6006,12012,18018,24024,30030,36036,42042,48048,54054,60060,66066,72072,78078,84084,90090,96096,102102,108108,114114,120120,table-of-6006,6005,/table-of-6005,6004,/table-of-6004,6003,/table-of-6003
6007,12014,18021,24028,30035,36042,42049,48056,54063,60070,66077,72084,78091,84098,90105,96112,102119,108126,114133,120140,table-of-6007,6006,/table-of-6006,6005,/table-of-6005,6004,/table-of-6004
6008,12016,18024,24032,30040,36048,42056,48064,54072,60080,66088,72096,78104,84112,90120,96128,102136,108144,114152,120160,table-of-6008,6007,/table-of-6007,6006,/table-of-6006,6005,/table-of-6005
6009,12018,18027,24036,30045,36054,42063,48072,54081,60090,66099,72108,78117,84126,90135,96144,102153,108162,114171,120180,table-of-6009,6008,/table-of-6008,6007,/table-of-6007,6006,/table-of-6006
6010,12020,18030,24040,30050,36060,42070,48080,54090,60100,66110,72120,78130,84140,90150,96160,102170,108180,114190,120200,table-of-6010,6009,/table-of-6009,6008,/table-of-6008,6007,/table-of-6007
6011,12022,18033,24044,30055,36066,42077,48088,54099,60110,66121,72132,78143,84154,90165,96176,102187,108198,114209,120220,table-of-6011,6010,/table-of-6010,6009,/table-of-6009,6008,/table-of-6008
6012,12024,18036,24048,30060,36072,42084,48096,54108,60120,66132,72144,78156,84168,90180,96192,102204,108216,114228,120240,table-of-6012,6011,/table-of-6011,6010,/table-of-6010,6009,/table-of-6009
6013,12026,18039,24052,30065,36078,42091,48104,54117,60130,66143,72156,78169,84182,90195,96208,102221,108234,114247,120260,table-of-6013,6012,/table-of-6012,6011,/table-of-6011,6010,/table-of-6010
6014,12028,18042,24056,30070,36084,42098,48112,54126,60140,66154,72168,78182,84196,90210,96224,102238,108252,114266,120280,table-of-6014,6013,/table-of-6013,6012,/table-of-6012,6011,/table-of-6011
6015,12030,18045,24060,30075,36090,42105,48120,54135,60150,66165,72180,78195,84210,90225,96240,102255,108270,114285,120300,table-of-6015,6014,/table-of-6014,6013,/table-of-6013,6012,/table-of-6012
6016,12032,18048,24064,30080,36096,42112,48128,54144,60160,66176,72192,78208,84224,90240,96256,102272,108288,114304,120320,table-of-6016,6015,/table-of-6015,6014,/table-of-6014,6013,/table-of-6013
6017,12034,18051,24068,30085,36102,42119,48136,54153,60170,66187,72204,78221,84238,90255,96272,102289,108306,114323,120340,table-of-6017,6016,/table-of-6016,6015,/table-of-6015,6014,/table-of-6014
6018,12036,18054,24072,30090,36108,42126,48144,54162,60180,66198,72216,78234,84252,90270,96288,102306,108324,114342,120360,table-of-6018,6017,/table-of-6017,6016,/table-of-6016,6015,/table-of-6015
6019,12038,18057,24076,30095,36114,42133,48152,54171,60190,66209,72228,78247,84266,90285,96304,102323,108342,114361,120380,table-of-6019,6018,/table-of-6018,6017,/table-of-6017,6016,/table-of-6016
6020,12040,18060,24080,30100,36120,42140,48160,54180,60200,66220,72240,78260,84280,90300,96320,102340,108360,114380,120400,table-of-6020,6019,/table-of-6019,6018,/table-of-6018,6017,/table-of-6017
6021,12042,18063,24084,30105,36126,42147,48168,54189,60210,66231,72252,78273,84294,90315,96336,102357,108378,114399,120420,table-of-6021,6020,/table-of-6020,6019,/table-of-6019,6018,/table-of-6018
6022,12044,18066,24088,30110,36132,42154,48176,54198,60220,66242,72264,78286,84308,90330,96352,102374,108396,114418,120440,table-of-6022,6021,/table-of-6021,6020,/table-of-6020,6019,/table-of-6019
6023,12046,18069,24092,30115,36138,42161,48184,54207,60230,66253,72276,78299,84322,90345,96368,102391,108414,114437,120460,table-of-6023,6022,/table-of-6022,6021,/table-of-6021,6020,/table-of-6020
6024,12048,18072,24096,30120,36144,42168,48192,54216,60240,66264,72288,78312,84336,90360,96384,102408,108432,114456,120480,table-of-6024,6023,/table-of-6023,6022,/table-of-6022,6021,/table-of-6021
6025,12050,18075,24100,30125,36150,42175,48200,54225,60250,66275,72300,78325,84350,90375,96400,102425,108450,114475,120500,table-of-6025,6024,/table-of-6024,6023,/table-of-6023,6022,/table-of-6022
6026,12052,18078,24104,30130,36156,42182,48208,54234,60260,66286,72312,78338,84364,90390,96416,102442,108468,114494,120520,table-of-6026,6025,/table-of-6025,6024,/table-of-6024,6023,/table-of-6023
6027,12054,18081,24108,30135,36162,42189,48216,54243,60270,66297,72324,78351,84378,90405,96432,102459,108486,114513,120540,table-of-6027,6026,/table-of-6026,6025,/table-of-6025,6024,/table-of-6024
6028,12056,18084,24112,30140,36168,42196,48224,54252,60280,66308,72336,78364,84392,90420,96448,102476,108504,114532,120560,table-of-6028,6027,/table-of-6027,6026,/table-of-6026,6025,/table-of-6025
6029,12058,18087,24116,30145,36174,42203,48232,54261,60290,66319,72348,78377,84406,90435,96464,102493,108522,114551,120580,table-of-6029,6028,/table-of-6028,6027,/table-of-6027,6026,/table-of-6026
6030,12060,18090,24120,30150,36180,42210,48240,54270,60300,66330,72360,78390,84420,90450,96480,102510,108540,114570,120600,table-of-6030,6029,/table-of-6029,6028,/table-of-6028,6027,/table-of-6027
6031,12062,18093,24124,30155,36186,42217,48248,54279,60310,66341,72372,78403,84434,90465,96496,102527,108558,114589,120620,table-of-6031,6030,/table-of-6030,6029,/table-of-6029,6028,/table-of-6028
6032,12064,18096,24128,30160,36192,42224,48256,54288,60320,66352,72384,78416,84448,90480,96512,102544,108576,114608,120640,table-of-6032,6031,/table-of-6031,6030,/table-of-6030,6029,/table-of-6029
6033,12066,18099,24132,30165,36198,42231,48264,54297,60330,66363,72396,78429,84462,90495,96528,102561,108594,114627,120660,table-of-6033,6032,/table-of-6032,6031,/table-of-6031,6030,/table-of-6030
6034,12068,18102,24136,30170,36204,42238,48272,54306,60340,66374,72408,78442,84476,90510,96544,102578,108612,114646,120680,table-of-6034,6033,/table-of-6033,6032,/table-of-6032,6031,/table-of-6031
6035,12070,18105,24140,30175,36210,42245,48280,54315,60350,66385,72420,78455,84490,90525,96560,102595,108630,114665,120700,table-of-6035,6034,/table-of-6034,6033,/table-of-6033,6032,/table-of-6032
6036,12072,18108,24144,30180,36216,42252,48288,54324,60360,66396,72432,78468,84504,90540,96576,102612,108648,114684,120720,table-of-6036,6035,/table-of-6035,6034,/table-of-6034,6033,/table-of-6033
6037,12074,18111,24148,30185,36222,42259,48296,54333,60370,66407,72444,78481,84518,90555,96592,102629,108666,114703,120740,table-of-6037,6036,/table-of-6036,6035,/table-of-6035,6034,/table-of-6034
6038,12076,18114,24152,30190,36228,42266,48304,54342,60380,66418,72456,78494,84532,90570,96608,102646,108684,114722,120760,table-of-6038,6037,/table-of-6037,6036,/table-of-6036,6035,/table-of-6035
6039,12078,18117,24156,30195,36234,42273,48312,54351,60390,66429,72468,78507,84546,90585,96624,102663,108702,114741,120780,table-of-6039,6038,/table-of-6038,6037,/table-of-6037,6036,/table-of-6036
6040,12080,18120,24160,30200,36240,42280,48320,54360,60400,66440,72480,78520,84560,90600,96640,102680,108720,114760,120800,table-of-6040,6039,/table-of-6039,6038,/table-of-6038,6037,/table-of-6037
6041,12082,18123,24164,30205,36246,42287,48328,54369,60410,66451,72492,78533,84574,90615,96656,102697,108738,114779,120820,table-of-6041,6040,/table-of-6040,6039,/table-of-6039,6038,/table-of-6038
6042,12084,18126,24168,30210,36252,42294,48336,54378,60420,66462,72504,78546,84588,90630,96672,102714,108756,114798,120840,table-of-6042,6041,/table-of-6041,6040,/table-of-6040,6039,/table-of-6039
6043,12086,18129,24172,30215,36258,42301,48344,54387,60430,66473,72516,78559,84602,90645,96688,102731,108774,114817,120860,table-of-6043,6042,/table-of-6042,6041,/table-of-6041,6040,/table-of-6040
6044,12088,18132,24176,30220,36264,42308,48352,54396,60440,66484,72528,78572,84616,90660,96704,102748,108792,114836,120880,table-of-6044,6043,/table-of-6043,6042,/table-of-6042,6041,/table-of-6041
6045,12090,18135,24180,30225,36270,42315,48360,54405,60450,66495,72540,78585,84630,90675,96720,102765,108810,114855,120900,table-of-6045,6044,/table-of-6044,6043,/table-of-6043,6042,/table-of-6042
6046,12092,18138,24184,30230,36276,42322,48368,54414,60460,66506,72552,78598,84644,90690,96736,102782,108828,114874,120920,table-of-6046,6045,/table-of-6045,6044,/table-of-6044,6043,/table-of-6043
6047,12094,18141,24188,30235,36282,42329,48376,54423,60470,66517,72564,78611,84658,90705,96752,102799,108846,114893,120940,table-of-6047,6046,/table-of-6046,6045,/table-of-6045,6044,/table-of-6044
6048,12096,18144,24192,30240,36288,42336,48384,54432,60480,66528,72576,78624,84672,90720,96768,102816,108864,114912,120960,table-of-6048,6047,/table-of-6047,6046,/table-of-6046,6045,/table-of-6045
6049,12098,18147,24196,30245,36294,42343,48392,54441,60490,66539,72588,78637,84686,90735,96784,102833,108882,114931,120980,table-of-6049,6048,/table-of-6048,6047,/table-of-6047,6046,/table-of-6046
6050,12100,18150,24200,30250,36300,42350,48400,54450,60500,66550,72600,78650,84700,90750,96800,102850,108900,114950,121000,table-of-6050,6049,/table-of-6049,6048,/table-of-6048,6047,/table-of-6047
6051,12102,18153,24204,30255,36306,42357,48408,54459,60510,66561,72612,78663,84714,90765,96816,102867,108918,114969,121020,table-of-6051,6050,/table-of-6050,6049,/table-of-6049,6048,/table-of-6048
6052,12104,18156,24208,30260,36312,42364,48416,54468,60520,66572,72624,78676,84728,90780,96832,102884,108936,114988,121040,table-of-6052,6051,/table-of-6051,6050,/table-of-6050,6049,/table-of-6049
6053,12106,18159,24212,30265,36318,42371,48424,54477,60530,66583,72636,78689,84742,90795,96848,102901,108954,115007,121060,table-of-6053,6052,/table-of-6052,6051,/table-of-6051,6050,/table-of-6050
6054,12108,18162,24216,30270,36324,42378,48432,54486,60540,66594,72648,78702,84756,90810,96864,102918,108972,115026,121080,table-of-6054,6053,/table-of-6053,6052,/table-of-6052,6051,/table-of-6051
6055,12110,18165,24220,30275,36330,42385,48440,54495,60550,66605,72660,78715,84770,90825,96880,102935,108990,115045,121100,table-of-6055,6054,/table-of-6054,6053,/table-of-6053,6052,/table-of-6052
6056,12112,18168,24224,30280,36336,42392,48448,54504,60560,66616,72672,78728,84784,90840,96896,102952,109008,115064,121120,table-of-6056,6055,/table-of-6055,6054,/table-of-6054,6053,/table-of-6053
6057,12114,18171,24228,30285,36342,42399,48456,54513,60570,66627,72684,78741,84798,90855,96912,102969,109026,115083,121140,table-of-6057,6056,/table-of-6056,6055,/table-of-6055,6054,/table-of-6054
6058,12116,18174,24232,30290,36348,42406,48464,54522,60580,66638,72696,78754,84812,90870,96928,102986,109044,115102,121160,table-of-6058,6057,/table-of-6057,6056,/table-of-6056,6055,/table-of-6055
6059,12118,18177,24236,30295,36354,42413,48472,54531,60590,66649,72708,78767,84826,90885,96944,103003,109062,115121,121180,table-of-6059,6058,/table-of-6058,6057,/table-of-6057,6056,/table-of-6056
6060,12120,18180,24240,30300,36360,42420,48480,54540,60600,66660,72720,78780,84840,90900,96960,103020,109080,115140,121200,table-of-6060,6059,/table-of-6059,6058,/table-of-6058,6057,/table-of-6057
6061,12122,18183,24244,30305,36366,42427,48488,54549,60610,66671,72732,78793,84854,90915,96976,103037,109098,115159,121220,table-of-6061,6060,/table-of-6060,6059,/table-of-6059,6058,/table-of-6058
6062,12124,18186,24248,30310,36372,42434,48496,54558,60620,66682,72744,78806,84868,90930,96992,103054,109116,115178,121240,table-of-6062,6061,/table-of-6061,6060,/table-of-6060,6059,/table-of-6059
6063,12126,18189,24252,30315,36378,42441,48504,54567,60630,66693,72756,78819,84882,90945,97008,103071,109134,115197,121260,table-of-6063,6062,/table-of-6062,6061,/table-of-6061,6060,/table-of-6060
6064,12128,18192,24256,30320,36384,42448,48512,54576,60640,66704,72768,78832,84896,90960,97024,103088,109152,115216,121280,table-of-6064,6063,/table-of-6063,6062,/table-of-6062,6061,/table-of-6061
6065,12130,18195,24260,30325,36390,42455,48520,54585,60650,66715,72780,78845,84910,90975,97040,103105,109170,115235,121300,table-of-6065,6064,/table-of-6064,6063,/table-of-6063,6062,/table-of-6062
6066,12132,18198,24264,30330,36396,42462,48528,54594,60660,66726,72792,78858,84924,90990,97056,103122,109188,115254,121320,table-of-6066,6065,/table-of-6065,6064,/table-of-6064,6063,/table-of-6063
6067,12134,18201,24268,30335,36402,42469,48536,54603,60670,66737,72804,78871,84938,91005,97072,103139,109206,115273,121340,table-of-6067,6066,/table-of-6066,6065,/table-of-6065,6064,/table-of-6064
6068,12136,18204,24272,30340,36408,42476,48544,54612,60680,66748,72816,78884,84952,91020,97088,103156,109224,115292,121360,table-of-6068,6067,/table-of-6067,6066,/table-of-6066,6065,/table-of-6065
6069,12138,18207,24276,30345,36414,42483,48552,54621,60690,66759,72828,78897,84966,91035,97104,103173,109242,115311,121380,table-of-6069,6068,/table-of-6068,6067,/table-of-6067,6066,/table-of-6066
6070,12140,18210,24280,30350,36420,42490,48560,54630,60700,66770,72840,78910,84980,91050,97120,103190,109260,115330,121400,table-of-6070,6069,/table-of-6069,6068,/table-of-6068,6067,/table-of-6067
6071,12142,18213,24284,30355,36426,42497,48568,54639,60710,66781,72852,78923,84994,91065,97136,103207,109278,115349,121420,table-of-6071,6070,/table-of-6070,6069,/table-of-6069,6068,/table-of-6068
6072,12144,18216,24288,30360,36432,42504,48576,54648,60720,66792,72864,78936,85008,91080,97152,103224,109296,115368,121440,table-of-6072,6071,/table-of-6071,6070,/table-of-6070,6069,/table-of-6069
6073,12146,18219,24292,30365,36438,42511,48584,54657,60730,66803,72876,78949,85022,91095,97168,103241,109314,115387,121460,table-of-6073,6072,/table-of-6072,6071,/table-of-6071,6070,/table-of-6070
6074,12148,18222,24296,30370,36444,42518,48592,54666,60740,66814,72888,78962,85036,91110,97184,103258,109332,115406,121480,table-of-6074,6073,/table-of-6073,6072,/table-of-6072,6071,/table-of-6071
6075,12150,18225,24300,30375,36450,42525,48600,54675,60750,66825,72900,78975,85050,91125,97200,103275,109350,115425,121500,table-of-6075,6074,/table-of-6074,6073,/table-of-6073,6072,/table-of-6072
6076,12152,18228,24304,30380,36456,42532,48608,54684,60760,66836,72912,78988,85064,91140,97216,103292,109368,115444,121520,table-of-6076,6075,/table-of-6075,6074,/table-of-6074,6073,/table-of-6073
6077,12154,18231,24308,30385,36462,42539,48616,54693,60770,66847,72924,79001,85078,91155,97232,103309,109386,115463,121540,table-of-6077,6076,/table-of-6076,6075,/table-of-6075,6074,/table-of-6074
6078,12156,18234,24312,30390,36468,42546,48624,54702,60780,66858,72936,79014,85092,91170,97248,103326,109404,115482,121560,table-of-6078,6077,/table-of-6077,6076,/table-of-6076,6075,/table-of-6075
6079,12158,18237,24316,30395,36474,42553,48632,54711,60790,66869,72948,79027,85106,91185,97264,103343,109422,115501,121580,table-of-6079,6078,/table-of-6078,6077,/table-of-6077,6076,/table-of-6076
6080,12160,18240,24320,30400,36480,42560,48640,54720,60800,66880,72960,79040,85120,91200,97280,103360,109440,115520,121600,table-of-6080,6079,/table-of-6079,6078,/table-of-6078,6077,/table-of-6077
6081,12162,18243,24324,30405,36486,42567,48648,54729,60810,66891,72972,79053,85134,91215,97296,103377,109458,115539,121620,table-of-6081,6080,/table-of-6080,6079,/table-of-6079,6078,/table-of-6078
6082,12164,18246,24328,30410,36492,42574,48656,54738,60820,66902,72984,79066,85148,91230,97312,103394,109476,115558,121640,table-of-6082,6081,/table-of-6081,6080,/table-of-6080,6079,/table-of-6079
6083,12166,18249,24332,30415,36498,42581,48664,54747,60830,66913,72996,79079,85162,91245,97328,103411,109494,115577,121660,table-of-6083,6082,/table-of-6082,6081,/table-of-6081,6080,/table-of-6080
6084,12168,18252,24336,30420,36504,42588,48672,54756,60840,66924,73008,79092,85176,91260,97344,103428,109512,115596,121680,table-of-6084,6083,/table-of-6083,6082,/table-of-6082,6081,/table-of-6081
6085,12170,18255,24340,30425,36510,42595,48680,54765,60850,66935,73020,79105,85190,91275,97360,103445,109530,115615,121700,table-of-6085,6084,/table-of-6084,6083,/table-of-6083,6082,/table-of-6082
6086,12172,18258,24344,30430,36516,42602,48688,54774,60860,66946,73032,79118,85204,91290,97376,103462,109548,115634,121720,table-of-6086,6085,/table-of-6085,6084,/table-of-6084,6083,/table-of-6083
6087,12174,18261,24348,30435,36522,42609,48696,54783,60870,66957,73044,79131,85218,91305,97392,103479,109566,115653,121740,table-of-6087,6086,/table-of-6086,6085,/table-of-6085,6084,/table-of-6084
6088,12176,18264,24352,30440,36528,42616,48704,54792,60880,66968,73056,79144,85232,91320,97408,103496,109584,115672,121760,table-of-6088,6087,/table-of-6087,6086,/table-of-6086,6085,/table-of-6085
6089,12178,18267,24356,30445,36534,42623,48712,54801,60890,66979,73068,79157,85246,91335,97424,103513,109602,115691,121780,table-of-6089,6088,/table-of-6088,6087,/table-of-6087,6086,/table-of-6086
6090,12180,18270,24360,30450,36540,42630,48720,54810,60900,66990,73080,79170,85260,91350,97440,103530,109620,115710,121800,table-of-6090,6089,/table-of-6089,6088,/table-of-6088,6087,/table-of-6087
6091,12182,18273,24364,30455,36546,42637,48728,54819,60910,67001,73092,79183,85274,91365,97456,103547,109638,115729,121820,table-of-6091,6090,/table-of-6090,6089,/table-of-6089,6088,/table-of-6088
6092,12184,18276,24368,30460,36552,42644,48736,54828,60920,67012,73104,79196,85288,91380,97472,103564,109656,115748,121840,table-of-6092,6091,/table-of-6091,6090,/table-of-6090,6089,/table-of-6089
6093,12186,18279,24372,30465,36558,42651,48744,54837,60930,67023,73116,79209,85302,91395,97488,103581,109674,115767,121860,table-of-6093,6092,/table-of-6092,6091,/table-of-6091,6090,/table-of-6090
6094,12188,18282,24376,30470,36564,42658,48752,54846,60940,67034,73128,79222,85316,91410,97504,103598,109692,115786,121880,table-of-6094,6093,/table-of-6093,6092,/table-of-6092,6091,/table-of-6091
6095,12190,18285,24380,30475,36570,42665,48760,54855,60950,67045,73140,79235,85330,91425,97520,103615,109710,115805,121900,table-of-6095,6094,/table-of-6094,6093,/table-of-6093,6092,/table-of-6092
6096,12192,18288,24384,30480,36576,42672,48768,54864,60960,67056,73152,79248,85344,91440,97536,103632,109728,115824,121920,table-of-6096,6095,/table-of-6095,6094,/table-of-6094,6093,/table-of-6093
6097,12194,18291,24388,30485,36582,42679,48776,54873,60970,67067,73164,79261,85358,91455,97552,103649,109746,115843,121940,table-of-6097,6096,/table-of-6096,6095,/table-of-6095,6094,/table-of-6094
6098,12196,18294,24392,30490,36588,42686,48784,54882,60980,67078,73176,79274,85372,91470,97568,103666,109764,115862,121960,table-of-6098,6097,/table-of-6097,6096,/table-of-6096,6095,/table-of-6095
6099,12198,18297,24396,30495,36594,42693,48792,54891,60990,67089,73188,79287,85386,91485,97584,103683,109782,115881,121980,table-of-6099,6098,/table-of-6098,6097,/table-of-6097,6096,/table-of-6096
6100,12200,18300,24400,30500,36600,42700,48800,54900,61000,67100,73200,79300,85400,91500,97600,103700,109800,115900,122000,table-of-6100,6099,/table-of-6099,6098,/table-of-6098,6097,/table-of-6097
6101,12202,18303,24404,30505,36606,42707,48808,54909,61010,67111,73212,79313,85414,91515,97616,103717,109818,115919,122020,table-of-6101,6100,/table-of-6100,6099,/table-of-6099,6098,/table-of-6098
6102,12204,18306,24408,30510,36612,42714,48816,54918,61020,67122,73224,79326,85428,91530,97632,103734,109836,115938,122040,table-of-6102,6101,/table-of-6101,6100,/table-of-6100,6099,/table-of-6099
6103,12206,18309,24412,30515,36618,42721,48824,54927,61030,67133,73236,79339,85442,91545,97648,103751,109854,115957,122060,table-of-6103,6102,/table-of-6102,6101,/table-of-6101,6100,/table-of-6100
6104,12208,18312,24416,30520,36624,42728,48832,54936,61040,67144,73248,79352,85456,91560,97664,103768,109872,115976,122080,table-of-6104,6103,/table-of-6103,6102,/table-of-6102,6101,/table-of-6101
6105,12210,18315,24420,30525,36630,42735,48840,54945,61050,67155,73260,79365,85470,91575,97680,103785,109890,115995,122100,table-of-6105,6104,/table-of-6104,6103,/table-of-6103,6102,/table-of-6102
6106,12212,18318,24424,30530,36636,42742,48848,54954,61060,67166,73272,79378,85484,91590,97696,103802,109908,116014,122120,table-of-6106,6105,/table-of-6105,6104,/table-of-6104,6103,/table-of-6103
6107,12214,18321,24428,30535,36642,42749,48856,54963,61070,67177,73284,79391,85498,91605,97712,103819,109926,116033,122140,table-of-6107,6106,/table-of-6106,6105,/table-of-6105,6104,/table-of-6104
6108,12216,18324,24432,30540,36648,42756,48864,54972,61080,67188,73296,79404,85512,91620,97728,103836,109944,116052,122160,table-of-6108,6107,/table-of-6107,6106,/table-of-6106,6105,/table-of-6105
6109,12218,18327,24436,30545,36654,42763,48872,54981,61090,67199,73308,79417,85526,91635,97744,103853,109962,116071,122180,table-of-6109,6108,/table-of-6108,6107,/table-of-6107,6106,/table-of-6106
6110,12220,18330,24440,30550,36660,42770,48880,54990,61100,67210,73320,79430,85540,91650,97760,103870,109980,116090,122200,table-of-6110,6109,/table-of-6109,6108,/table-of-6108,6107,/table-of-6107
6111,12222,18333,24444,30555,36666,42777,48888,54999,61110,67221,73332,79443,85554,91665,97776,103887,109998,116109,122220,table-of-6111,6110,/table-of-6110,6109,/table-of-6109,6108,/table-of-6108
6112,12224,18336,24448,30560,36672,42784,48896,55008,61120,67232,73344,79456,85568,91680,97792,103904,110016,116128,122240,table-of-6112,6111,/table-of-6111,6110,/table-of-6110,6109,/table-of-6109
6113,12226,18339,24452,30565,36678,42791,48904,55017,61130,67243,73356,79469,85582,91695,97808,103921,110034,116147,122260,table-of-6113,6112,/table-of-6112,6111,/table-of-6111,6110,/table-of-6110
6114,12228,18342,24456,30570,36684,42798,48912,55026,61140,67254,73368,79482,85596,91710,97824,103938,110052,116166,122280,table-of-6114,6113,/table-of-6113,6112,/table-of-6112,6111,/table-of-6111
6115,12230,18345,24460,30575,36690,42805,48920,55035,61150,67265,73380,79495,85610,91725,97840,103955,110070,116185,122300,table-of-6115,6114,/table-of-6114,6113,/table-of-6113,6112,/table-of-6112
6116,12232,18348,24464,30580,36696,42812,48928,55044,61160,67276,73392,79508,85624,91740,97856,103972,110088,116204,122320,table-of-6116,6115,/table-of-6115,6114,/table-of-6114,6113,/table-of-6113
6117,12234,18351,24468,30585,36702,42819,48936,55053,61170,67287,73404,79521,85638,91755,97872,103989,110106,116223,122340,table-of-6117,6116,/table-of-6116,6115,/table-of-6115,6114,/table-of-6114
6118,12236,18354,24472,30590,36708,42826,48944,55062,61180,67298,73416,79534,85652,91770,97888,104006,110124,116242,122360,table-of-6118,6117,/table-of-6117,6116,/table-of-6116,6115,/table-of-6115
6119,12238,18357,24476,30595,36714,42833,48952,55071,61190,67309,73428,79547,85666,91785,97904,104023,110142,116261,122380,table-of-6119,6118,/table-of-6118,6117,/table-of-6117,6116,/table-of-6116
6120,12240,18360,24480,30600,36720,42840,48960,55080,61200,67320,73440,79560,85680,91800,97920,104040,110160,116280,122400,table-of-6120,6119,/table-of-6119,6118,/table-of-6118,6117,/table-of-6117
6121,12242,18363,24484,30605,36726,42847,48968,55089,61210,67331,73452,79573,85694,91815,97936,104057,110178,116299,122420,table-of-6121,6120,/table-of-6120,6119,/table-of-6119,6118,/table-of-6118
6122,12244,18366,24488,30610,36732,42854,48976,55098,61220,67342,73464,79586,85708,91830,97952,104074,110196,116318,122440,table-of-6122,6121,/table-of-6121,6120,/table-of-6120,6119,/table-of-6119
6123,12246,18369,24492,30615,36738,42861,48984,55107,61230,67353,73476,79599,85722,91845,97968,104091,110214,116337,122460,table-of-6123,6122,/table-of-6122,6121,/table-of-6121,6120,/table-of-6120
6124,12248,18372,24496,30620,36744,42868,48992,55116,61240,67364,73488,79612,85736,91860,97984,104108,110232,116356,122480,table-of-6124,6123,/table-of-6123,6122,/table-of-6122,6121,/table-of-6121
6125,12250,18375,24500,30625,36750,42875,49000,55125,61250,67375,73500,79625,85750,91875,98000,104125,110250,116375,122500,table-of-6125,6124,/table-of-6124,6123,/table-of-6123,6122,/table-of-6122
6126,12252,18378,24504,30630,36756,42882,49008,55134,61260,67386,73512,79638,85764,91890,98016,104142,110268,116394,122520,table-of-6126,6125,/table-of-6125,6124,/table-of-6124,6123,/table-of-6123
6127,12254,18381,24508,30635,36762,42889,49016,55143,61270,67397,73524,79651,85778,91905,98032,104159,110286,116413,122540,table-of-6127,6126,/table-of-6126,6125,/table-of-6125,6124,/table-of-6124
6128,12256,18384,24512,30640,36768,42896,49024,55152,61280,67408,73536,79664,85792,91920,98048,104176,110304,116432,122560,table-of-6128,6127,/table-of-6127,6126,/table-of-6126,6125,/table-of-6125
6129,12258,18387,24516,30645,36774,42903,49032,55161,61290,67419,73548,79677,85806,91935,98064,104193,110322,116451,122580,table-of-6129,6128,/table-of-6128,6127,/table-of-6127,6126,/table-of-6126
6130,12260,18390,24520,30650,36780,42910,49040,55170,61300,67430,73560,79690,85820,91950,98080,104210,110340,116470,122600,table-of-6130,6129,/table-of-6129,6128,/table-of-6128,6127,/table-of-6127
6131,12262,18393,24524,30655,36786,42917,49048,55179,61310,67441,73572,79703,85834,91965,98096,104227,110358,116489,122620,table-of-6131,6130,/table-of-6130,6129,/table-of-6129,6128,/table-of-6128
6132,12264,18396,24528,30660,36792,42924,49056,55188,61320,67452,73584,79716,85848,91980,98112,104244,110376,116508,122640,table-of-6132,6131,/table-of-6131,6130,/table-of-6130,6129,/table-of-6129
6133,12266,18399,24532,30665,36798,42931,49064,55197,61330,67463,73596,79729,85862,91995,98128,104261,110394,116527,122660,table-of-6133,6132,/table-of-6132,6131,/table-of-6131,6130,/table-of-6130
6134,12268,18402,24536,30670,36804,42938,49072,55206,61340,67474,73608,79742,85876,92010,98144,104278,110412,116546,122680,table-of-6134,6133,/table-of-6133,6132,/table-of-6132,6131,/table-of-6131
6135,12270,18405,24540,30675,36810,42945,49080,55215,61350,67485,73620,79755,85890,92025,98160,104295,110430,116565,122700,table-of-6135,6134,/table-of-6134,6133,/table-of-6133,6132,/table-of-6132
6136,12272,18408,24544,30680,36816,42952,49088,55224,61360,67496,73632,79768,85904,92040,98176,104312,110448,116584,122720,table-of-6136,6135,/table-of-6135,6134,/table-of-6134,6133,/table-of-6133
6137,12274,18411,24548,30685,36822,42959,49096,55233,61370,67507,73644,79781,85918,92055,98192,104329,110466,116603,122740,table-of-6137,6136,/table-of-6136,6135,/table-of-6135,6134,/table-of-6134
6138,12276,18414,24552,30690,36828,42966,49104,55242,61380,67518,73656,79794,85932,92070,98208,104346,110484,116622,122760,table-of-6138,6137,/table-of-6137,6136,/table-of-6136,6135,/table-of-6135
6139,12278,18417,24556,30695,36834,42973,49112,55251,61390,67529,73668,79807,85946,92085,98224,104363,110502,116641,122780,table-of-6139,6138,/table-of-6138,6137,/table-of-6137,6136,/table-of-6136
6140,12280,18420,24560,30700,36840,42980,49120,55260,61400,67540,73680,79820,85960,92100,98240,104380,110520,116660,122800,table-of-6140,6139,/table-of-6139,6138,/table-of-6138,6137,/table-of-6137
6141,12282,18423,24564,30705,36846,42987,49128,55269,61410,67551,73692,79833,85974,92115,98256,104397,110538,116679,122820,table-of-6141,6140,/table-of-6140,6139,/table-of-6139,6138,/table-of-6138
6142,12284,18426,24568,30710,36852,42994,49136,55278,61420,67562,73704,79846,85988,92130,98272,104414,110556,116698,122840,table-of-6142,6141,/table-of-6141,6140,/table-of-6140,6139,/table-of-6139
6143,12286,18429,24572,30715,36858,43001,49144,55287,61430,67573,73716,79859,86002,92145,98288,104431,110574,116717,122860,table-of-6143,6142,/table-of-6142,6141,/table-of-6141,6140,/table-of-6140
6144,12288,18432,24576,30720,36864,43008,49152,55296,61440,67584,73728,79872,86016,92160,98304,104448,110592,116736,122880,table-of-6144,6143,/table-of-6143,6142,/table-of-6142,6141,/table-of-6141
6145,12290,18435,24580,30725,36870,43015,49160,55305,61450,67595,73740,79885,86030,92175,98320,104465,110610,116755,122900,table-of-6145,6144,/table-of-6144,6143,/table-of-6143,6142,/table-of-6142
6146,12292,18438,24584,30730,36876,43022,49168,55314,61460,67606,73752,79898,86044,92190,98336,104482,110628,116774,122920,table-of-6146,6145,/table-of-6145,6144,/table-of-6144,6143,/table-of-6143
6147,12294,18441,24588,30735,36882,43029,49176,55323,61470,67617,73764,79911,86058,92205,98352,104499,110646,116793,122940,table-of-6147,6146,/table-of-6146,6145,/table-of-6145,6144,/table-of-6144
6148,12296,18444,24592,30740,36888,43036,49184,55332,61480,67628,73776,79924,86072,92220,98368,104516,110664,116812,122960,table-of-6148,6147,/table-of-6147,6146,/table-of-6146,6145,/table-of-6145
6149,12298,18447,24596,30745,36894,43043,49192,55341,61490,67639,73788,79937,86086,92235,98384,104533,110682,116831,122980,table-of-6149,6148,/table-of-6148,6147,/table-of-6147,6146,/table-of-6146
6150,12300,18450,24600,30750,36900,43050,49200,55350,61500,67650,73800,79950,86100,92250,98400,104550,110700,116850,123000,table-of-6150,6149,/table-of-6149,6148,/table-of-6148,6147,/table-of-6147
6151,12302,18453,24604,30755,36906,43057,49208,55359,61510,67661,73812,79963,86114,92265,98416,104567,110718,116869,123020,table-of-6151,6150,/table-of-6150,6149,/table-of-6149,6148,/table-of-6148
6152,12304,18456,24608,30760,36912,43064,49216,55368,61520,67672,73824,79976,86128,92280,98432,104584,110736,116888,123040,table-of-6152,6151,/table-of-6151,6150,/table-of-6150,6149,/table-of-6149
6153,12306,18459,24612,30765,36918,43071,49224,55377,61530,67683,73836,79989,86142,92295,98448,104601,110754,116907,123060,table-of-6153,6152,/table-of-6152,6151,/table-of-6151,6150,/table-of-6150
6154,12308,18462,24616,30770,36924,43078,49232,55386,61540,67694,73848,80002,86156,92310,98464,104618,110772,116926,123080,table-of-6154,6153,/table-of-6153,6152,/table-of-6152,6151,/table-of-6151
6155,12310,18465,24620,30775,36930,43085,49240,55395,61550,67705,73860,80015,86170,92325,98480,104635,110790,116945,123100,table-of-6155,6154,/table-of-6154,6153,/table-of-6153,6152,/table-of-6152
6156,12312,18468,24624,30780,36936,43092,49248,55404,61560,67716,73872,80028,86184,92340,98496,104652,110808,116964,123120,table-of-6156,6155,/table-of-6155,6154,/table-of-6154,6153,/table-of-6153
6157,12314,18471,24628,30785,36942,43099,49256,55413,61570,67727,73884,80041,86198,92355,98512,104669,110826,116983,123140,table-of-6157,6156,/table-of-6156,6155,/table-of-6155,6154,/table-of-6154
6158,12316,18474,24632,30790,36948,43106,49264,55422,61580,67738,73896,80054,86212,92370,98528,104686,110844,117002,123160,table-of-6158,6157,/table-of-6157,6156,/table-of-6156,6155,/table-of-6155
6159,12318,18477,24636,30795,36954,43113,49272,55431,61590,67749,73908,80067,86226,92385,98544,104703,110862,117021,123180,table-of-6159,6158,/table-of-6158,6157,/table-of-6157,6156,/table-of-6156
6160,12320,18480,24640,30800,36960,43120,49280,55440,61600,67760,73920,80080,86240,92400,98560,104720,110880,117040,123200,table-of-6160,6159,/table-of-6159,6158,/table-of-6158,6157,/table-of-6157
6161,12322,18483,24644,30805,36966,43127,49288,55449,61610,67771,73932,80093,86254,92415,98576,104737,110898,117059,123220,table-of-6161,6160,/table-of-6160,6159,/table-of-6159,6158,/table-of-6158
6162,12324,18486,24648,30810,36972,43134,49296,55458,61620,67782,73944,80106,86268,92430,98592,104754,110916,117078,123240,table-of-6162,6161,/table-of-6161,6160,/table-of-6160,6159,/table-of-6159
6163,12326,18489,24652,30815,36978,43141,49304,55467,61630,67793,73956,80119,86282,92445,98608,104771,110934,117097,123260,table-of-6163,6162,/table-of-6162,6161,/table-of-6161,6160,/table-of-6160
6164,12328,18492,24656,30820,36984,43148,49312,55476,61640,67804,73968,80132,86296,92460,98624,104788,110952,117116,123280,table-of-6164,6163,/table-of-6163,6162,/table-of-6162,6161,/table-of-6161
6165,12330,18495,24660,30825,36990,43155,49320,55485,61650,67815,73980,80145,86310,92475,98640,104805,110970,117135,123300,table-of-6165,6164,/table-of-6164,6163,/table-of-6163,6162,/table-of-6162
6166,12332,18498,24664,30830,36996,43162,49328,55494,61660,67826,73992,80158,86324,92490,98656,104822,110988,117154,123320,table-of-6166,6165,/table-of-6165,6164,/table-of-6164,6163,/table-of-6163
6167,12334,18501,24668,30835,37002,43169,49336,55503,61670,67837,74004,80171,86338,92505,98672,104839,111006,117173,123340,table-of-6167,6166,/table-of-6166,6165,/table-of-6165,6164,/table-of-6164
6168,12336,18504,24672,30840,37008,43176,49344,55512,61680,67848,74016,80184,86352,92520,98688,104856,111024,117192,123360,table-of-6168,6167,/table-of-6167,6166,/table-of-6166,6165,/table-of-6165
6169,12338,18507,24676,30845,37014,43183,49352,55521,61690,67859,74028,80197,86366,92535,98704,104873,111042,117211,123380,table-of-6169,6168,/table-of-6168,6167,/table-of-6167,6166,/table-of-6166
6170,12340,18510,24680,30850,37020,43190,49360,55530,61700,67870,74040,80210,86380,92550,98720,104890,111060,117230,123400,table-of-6170,6169,/table-of-6169,6168,/table-of-6168,6167,/table-of-6167
6171,12342,18513,24684,30855,37026,43197,49368,55539,61710,67881,74052,80223,86394,92565,98736,104907,111078,117249,123420,table-of-6171,6170,/table-of-6170,6169,/table-of-6169,6168,/table-of-6168
6172,12344,18516,24688,30860,37032,43204,49376,55548,61720,67892,74064,80236,86408,92580,98752,104924,111096,117268,123440,table-of-6172,6171,/table-of-6171,6170,/table-of-6170,6169,/table-of-6169
6173,12346,18519,24692,30865,37038,43211,49384,55557,61730,67903,74076,80249,86422,92595,98768,104941,111114,117287,123460,table-of-6173,6172,/table-of-6172,6171,/table-of-6171,6170,/table-of-6170
6174,12348,18522,24696,30870,37044,43218,49392,55566,61740,67914,74088,80262,86436,92610,98784,104958,111132,117306,123480,table-of-6174,6173,/table-of-6173,6172,/table-of-6172,6171,/table-of-6171
6175,12350,18525,24700,30875,37050,43225,49400,55575,61750,67925,74100,80275,86450,92625,98800,104975,111150,117325,123500,table-of-6175,6174,/table-of-6174,6173,/table-of-6173,6172,/table-of-6172
6176,12352,18528,24704,30880,37056,43232,49408,55584,61760,67936,74112,80288,86464,92640,98816,104992,111168,117344,123520,table-of-6176,6175,/table-of-6175,6174,/table-of-6174,6173,/table-of-6173
6177,12354,18531,24708,30885,37062,43239,49416,55593,61770,67947,74124,80301,86478,92655,98832,105009,111186,117363,123540,table-of-6177,6176,/table-of-6176,6175,/table-of-6175,6174,/table-of-6174
6178,12356,18534,24712,30890,37068,43246,49424,55602,61780,67958,74136,80314,86492,92670,98848,105026,111204,117382,123560,table-of-6178,6177,/table-of-6177,6176,/table-of-6176,6175,/table-of-6175
6179,12358,18537,24716,30895,37074,43253,49432,55611,61790,67969,74148,80327,86506,92685,98864,105043,111222,117401,123580,table-of-6179,6178,/table-of-6178,6177,/table-of-6177,6176,/table-of-6176
6180,12360,18540,24720,30900,37080,43260,49440,55620,61800,67980,74160,80340,86520,92700,98880,105060,111240,117420,123600,table-of-6180,6179,/table-of-6179,6178,/table-of-6178,6177,/table-of-6177
6181,12362,18543,24724,30905,37086,43267,49448,55629,61810,67991,74172,80353,86534,92715,98896,105077,111258,117439,123620,table-of-6181,6180,/table-of-6180,6179,/table-of-6179,6178,/table-of-6178
6182,12364,18546,24728,30910,37092,43274,49456,55638,61820,68002,74184,80366,86548,92730,98912,105094,111276,117458,123640,table-of-6182,6181,/table-of-6181,6180,/table-of-6180,6179,/table-of-6179
6183,12366,18549,24732,30915,37098,43281,49464,55647,61830,68013,74196,80379,86562,92745,98928,105111,111294,117477,123660,table-of-6183,6182,/table-of-6182,6181,/table-of-6181,6180,/table-of-6180
6184,12368,18552,24736,30920,37104,43288,49472,55656,61840,68024,74208,80392,86576,92760,98944,105128,111312,117496,123680,table-of-6184,6183,/table-of-6183,6182,/table-of-6182,6181,/table-of-6181
6185,12370,18555,24740,30925,37110,43295,49480,55665,61850,68035,74220,80405,86590,92775,98960,105145,111330,117515,123700,table-of-6185,6184,/table-of-6184,6183,/table-of-6183,6182,/table-of-6182
6186,12372,18558,24744,30930,37116,43302,49488,55674,61860,68046,74232,80418,86604,92790,98976,105162,111348,117534,123720,table-of-6186,6185,/table-of-6185,6184,/table-of-6184,6183,/table-of-6183
6187,12374,18561,24748,30935,37122,43309,49496,55683,61870,68057,74244,80431,86618,92805,98992,105179,111366,117553,123740,table-of-6187,6186,/table-of-6186,6185,/table-of-6185,6184,/table-of-6184
6188,12376,18564,24752,30940,37128,43316,49504,55692,61880,68068,74256,80444,86632,92820,99008,105196,111384,117572,123760,table-of-6188,6187,/table-of-6187,6186,/table-of-6186,6185,/table-of-6185
6189,12378,18567,24756,30945,37134,43323,49512,55701,61890,68079,74268,80457,86646,92835,99024,105213,111402,117591,123780,table-of-6189,6188,/table-of-6188,6187,/table-of-6187,6186,/table-of-6186
6190,12380,18570,24760,30950,37140,43330,49520,55710,61900,68090,74280,80470,86660,92850,99040,105230,111420,117610,123800,table-of-6190,6189,/table-of-6189,6188,/table-of-6188,6187,/table-of-6187
6191,12382,18573,24764,30955,37146,43337,49528,55719,61910,68101,74292,80483,86674,92865,99056,105247,111438,117629,123820,table-of-6191,6190,/table-of-6190,6189,/table-of-6189,6188,/table-of-6188
6192,12384,18576,24768,30960,37152,43344,49536,55728,61920,68112,74304,80496,86688,92880,99072,105264,111456,117648,123840,table-of-6192,6191,/table-of-6191,6190,/table-of-6190,6189,/table-of-6189
6193,12386,18579,24772,30965,37158,43351,49544,55737,61930,68123,74316,80509,86702,92895,99088,105281,111474,117667,123860,table-of-6193,6192,/table-of-6192,6191,/table-of-6191,6190,/table-of-6190
6194,12388,18582,24776,30970,37164,43358,49552,55746,61940,68134,74328,80522,86716,92910,99104,105298,111492,117686,123880,table-of-6194,6193,/table-of-6193,6192,/table-of-6192,6191,/table-of-6191
6195,12390,18585,24780,30975,37170,43365,49560,55755,61950,68145,74340,80535,86730,92925,99120,105315,111510,117705,123900,table-of-6195,6194,/table-of-6194,6193,/table-of-6193,6192,/table-of-6192
6196,12392,18588,24784,30980,37176,43372,49568,55764,61960,68156,74352,80548,86744,92940,99136,105332,111528,117724,123920,table-of-6196,6195,/table-of-6195,6194,/table-of-6194,6193,/table-of-6193
6197,12394,18591,24788,30985,37182,43379,49576,55773,61970,68167,74364,80561,86758,92955,99152,105349,111546,117743,123940,table-of-6197,6196,/table-of-6196,6195,/table-of-6195,6194,/table-of-6194
6198,12396,18594,24792,30990,37188,43386,49584,55782,61980,68178,74376,80574,86772,92970,99168,105366,111564,117762,123960,table-of-6198,6197,/table-of-6197,6196,/table-of-6196,6195,/table-of-6195
6199,12398,18597,24796,30995,37194,43393,49592,55791,61990,68189,74388,80587,86786,92985,99184,105383,111582,117781,123980,table-of-6199,6198,/table-of-6198,6197,/table-of-6197,6196,/table-of-6196
6200,12400,18600,24800,31000,37200,43400,49600,55800,62000,68200,74400,80600,86800,93000,99200,105400,111600,117800,124000,table-of-6200,6199,/table-of-6199,6198,/table-of-6198,6197,/table-of-6197
6201,12402,18603,24804,31005,37206,43407,49608,55809,62010,68211,74412,80613,86814,93015,99216,105417,111618,117819,124020,table-of-6201,6200,/table-of-6200,6199,/table-of-6199,6198,/table-of-6198
6202,12404,18606,24808,31010,37212,43414,49616,55818,62020,68222,74424,80626,86828,93030,99232,105434,111636,117838,124040,table-of-6202,6201,/table-of-6201,6200,/table-of-6200,6199,/table-of-6199
6203,12406,18609,24812,31015,37218,43421,49624,55827,62030,68233,74436,80639,86842,93045,99248,105451,111654,117857,124060,table-of-6203,6202,/table-of-6202,6201,/table-of-6201,6200,/table-of-6200
6204,12408,18612,24816,31020,37224,43428,49632,55836,62040,68244,74448,80652,86856,93060,99264,105468,111672,117876,124080,table-of-6204,6203,/table-of-6203,6202,/table-of-6202,6201,/table-of-6201
6205,12410,18615,24820,31025,37230,43435,49640,55845,62050,68255,74460,80665,86870,93075,99280,105485,111690,117895,124100,table-of-6205,6204,/table-of-6204,6203,/table-of-6203,6202,/table-of-6202
6206,12412,18618,24824,31030,37236,43442,49648,55854,62060,68266,74472,80678,86884,93090,99296,105502,111708,117914,124120,table-of-6206,6205,/table-of-6205,6204,/table-of-6204,6203,/table-of-6203
6207,12414,18621,24828,31035,37242,43449,49656,55863,62070,68277,74484,80691,86898,93105,99312,105519,111726,117933,124140,table-of-6207,6206,/table-of-6206,6205,/table-of-6205,6204,/table-of-6204
6208,12416,18624,24832,31040,37248,43456,49664,55872,62080,68288,74496,80704,86912,93120,99328,105536,111744,117952,124160,table-of-6208,6207,/table-of-6207,6206,/table-of-6206,6205,/table-of-6205
6209,12418,18627,24836,31045,37254,43463,49672,55881,62090,68299,74508,80717,86926,93135,99344,105553,111762,117971,124180,table-of-6209,6208,/table-of-6208,6207,/table-of-6207,6206,/table-of-6206
6210,12420,18630,24840,31050,37260,43470,49680,55890,62100,68310,74520,80730,86940,93150,99360,105570,111780,117990,124200,table-of-6210,6209,/table-of-6209,6208,/table-of-6208,6207,/table-of-6207
6211,12422,18633,24844,31055,37266,43477,49688,55899,62110,68321,74532,80743,86954,93165,99376,105587,111798,118009,124220,table-of-6211,6210,/table-of-6210,6209,/table-of-6209,6208,/table-of-6208
6212,12424,18636,24848,31060,37272,43484,49696,55908,62120,68332,74544,80756,86968,93180,99392,105604,111816,118028,124240,table-of-6212,6211,/table-of-6211,6210,/table-of-6210,6209,/table-of-6209
6213,12426,18639,24852,31065,37278,43491,49704,55917,62130,68343,74556,80769,86982,93195,99408,105621,111834,118047,124260,table-of-6213,6212,/table-of-6212,6211,/table-of-6211,6210,/table-of-6210
6214,12428,18642,24856,31070,37284,43498,49712,55926,62140,68354,74568,80782,86996,93210,99424,105638,111852,118066,124280,table-of-6214,6213,/table-of-6213,6212,/table-of-6212,6211,/table-of-6211
6215,12430,18645,24860,31075,37290,43505,49720,55935,62150,68365,74580,80795,87010,93225,99440,105655,111870,118085,124300,table-of-6215,6214,/table-of-6214,6213,/table-of-6213,6212,/table-of-6212
6216,12432,18648,24864,31080,37296,43512,49728,55944,62160,68376,74592,80808,87024,93240,99456,105672,111888,118104,124320,table-of-6216,6215,/table-of-6215,6214,/table-of-6214,6213,/table-of-6213
6217,12434,18651,24868,31085,37302,43519,49736,55953,62170,68387,74604,80821,87038,93255,99472,105689,111906,118123,124340,table-of-6217,6216,/table-of-6216,6215,/table-of-6215,6214,/table-of-6214
6218,12436,18654,24872,31090,37308,43526,49744,55962,62180,68398,74616,80834,87052,93270,99488,105706,111924,118142,124360,table-of-6218,6217,/table-of-6217,6216,/table-of-6216,6215,/table-of-6215
6219,12438,18657,24876,31095,37314,43533,49752,55971,62190,68409,74628,80847,87066,93285,99504,105723,111942,118161,124380,table-of-6219,6218,/table-of-6218,6217,/table-of-6217,6216,/table-of-6216
6220,12440,18660,24880,31100,37320,43540,49760,55980,62200,68420,74640,80860,87080,93300,99520,105740,111960,118180,124400,table-of-6220,6219,/table-of-6219,6218,/table-of-6218,6217,/table-of-6217
6221,12442,18663,24884,31105,37326,43547,49768,55989,62210,68431,74652,80873,87094,93315,99536,105757,111978,118199,124420,table-of-6221,6220,/table-of-6220,6219,/table-of-6219,6218,/table-of-6218
6222,12444,18666,24888,31110,37332,43554,49776,55998,62220,68442,74664,80886,87108,93330,99552,105774,111996,118218,124440,table-of-6222,6221,/table-of-6221,6220,/table-of-6220,6219,/table-of-6219
6223,12446,18669,24892,31115,37338,43561,49784,56007,62230,68453,74676,80899,87122,93345,99568,105791,112014,118237,124460,table-of-6223,6222,/table-of-6222,6221,/table-of-6221,6220,/table-of-6220
6224,12448,18672,24896,31120,37344,43568,49792,56016,62240,68464,74688,80912,87136,93360,99584,105808,112032,118256,124480,table-of-6224,6223,/table-of-6223,6222,/table-of-6222,6221,/table-of-6221
6225,12450,18675,24900,31125,37350,43575,49800,56025,62250,68475,74700,80925,87150,93375,99600,105825,112050,118275,124500,table-of-6225,6224,/table-of-6224,6223,/table-of-6223,6222,/table-of-6222
6226,12452,18678,24904,31130,37356,43582,49808,56034,62260,68486,74712,80938,87164,93390,99616,105842,112068,118294,124520,table-of-6226,6225,/table-of-6225,6224,/table-of-6224,6223,/table-of-6223
6227,12454,18681,24908,31135,37362,43589,49816,56043,62270,68497,74724,80951,87178,93405,99632,105859,112086,118313,124540,table-of-6227,6226,/table-of-6226,6225,/table-of-6225,6224,/table-of-6224
6228,12456,18684,24912,31140,37368,43596,49824,56052,62280,68508,74736,80964,87192,93420,99648,105876,112104,118332,124560,table-of-6228,6227,/table-of-6227,6226,/table-of-6226,6225,/table-of-6225
6229,12458,18687,24916,31145,37374,43603,49832,56061,62290,68519,74748,80977,87206,93435,99664,105893,112122,118351,124580,table-of-6229,6228,/table-of-6228,6227,/table-of-6227,6226,/table-of-6226
6230,12460,18690,24920,31150,37380,43610,49840,56070,62300,68530,74760,80990,87220,93450,99680,105910,112140,118370,124600,table-of-6230,6229,/table-of-6229,6228,/table-of-6228,6227,/table-of-6227
6231,12462,18693,24924,31155,37386,43617,49848,56079,62310,68541,74772,81003,87234,93465,99696,105927,112158,118389,124620,table-of-6231,6230,/table-of-6230,6229,/table-of-6229,6228,/table-of-6228
6232,12464,18696,24928,31160,37392,43624,49856,56088,62320,68552,74784,81016,87248,93480,99712,105944,112176,118408,124640,table-of-6232,6231,/table-of-6231,6230,/table-of-6230,6229,/table-of-6229
6233,12466,18699,24932,31165,37398,43631,49864,56097,62330,68563,74796,81029,87262,93495,99728,105961,112194,118427,124660,table-of-6233,6232,/table-of-6232,6231,/table-of-6231,6230,/table-of-6230
6234,12468,18702,24936,31170,37404,43638,49872,56106,62340,68574,74808,81042,87276,93510,99744,105978,112212,118446,124680,table-of-6234,6233,/table-of-6233,6232,/table-of-6232,6231,/table-of-6231
6235,12470,18705,24940,31175,37410,43645,49880,56115,62350,68585,74820,81055,87290,93525,99760,105995,112230,118465,124700,table-of-6235,6234,/table-of-6234,6233,/table-of-6233,6232,/table-of-6232
6236,12472,18708,24944,31180,37416,43652,49888,56124,62360,68596,74832,81068,87304,93540,99776,106012,112248,118484,124720,table-of-6236,6235,/table-of-6235,6234,/table-of-6234,6233,/table-of-6233
6237,12474,18711,24948,31185,37422,43659,49896,56133,62370,68607,74844,81081,87318,93555,99792,106029,112266,118503,124740,table-of-6237,6236,/table-of-6236,6235,/table-of-6235,6234,/table-of-6234
6238,12476,18714,24952,31190,37428,43666,49904,56142,62380,68618,74856,81094,87332,93570,99808,106046,112284,118522,124760,table-of-6238,6237,/table-of-6237,6236,/table-of-6236,6235,/table-of-6235
6239,12478,18717,24956,31195,37434,43673,49912,56151,62390,68629,74868,81107,87346,93585,99824,106063,112302,118541,124780,table-of-6239,6238,/table-of-6238,6237,/table-of-6237,6236,/table-of-6236
6240,12480,18720,24960,31200,37440,43680,49920,56160,62400,68640,74880,81120,87360,93600,99840,106080,112320,118560,124800,table-of-6240,6239,/table-of-6239,6238,/table-of-6238,6237,/table-of-6237
6241,12482,18723,24964,31205,37446,43687,49928,56169,62410,68651,74892,81133,87374,93615,99856,106097,112338,118579,124820,table-of-6241,6240,/table-of-6240,6239,/table-of-6239,6238,/table-of-6238
6242,12484,18726,24968,31210,37452,43694,49936,56178,62420,68662,74904,81146,87388,93630,99872,106114,112356,118598,124840,table-of-6242,6241,/table-of-6241,6240,/table-of-6240,6239,/table-of-6239
6243,12486,18729,24972,31215,37458,43701,49944,56187,62430,68673,74916,81159,87402,93645,99888,106131,112374,118617,124860,table-of-6243,6242,/table-of-6242,6241,/table-of-6241,6240,/table-of-6240
6244,12488,18732,24976,31220,37464,43708,49952,56196,62440,68684,74928,81172,87416,93660,99904,106148,112392,118636,124880,table-of-6244,6243,/table-of-6243,6242,/table-of-6242,6241,/table-of-6241
6245,12490,18735,24980,31225,37470,43715,49960,56205,62450,68695,74940,81185,87430,93675,99920,106165,112410,118655,124900,table-of-6245,6244,/table-of-6244,6243,/table-of-6243,6242,/table-of-6242
6246,12492,18738,24984,31230,37476,43722,49968,56214,62460,68706,74952,81198,87444,93690,99936,106182,112428,118674,124920,table-of-6246,6245,/table-of-6245,6244,/table-of-6244,6243,/table-of-6243
6247,12494,18741,24988,31235,37482,43729,49976,56223,62470,68717,74964,81211,87458,93705,99952,106199,112446,118693,124940,table-of-6247,6246,/table-of-6246,6245,/table-of-6245,6244,/table-of-6244
6248,12496,18744,24992,31240,37488,43736,49984,56232,62480,68728,74976,81224,87472,93720,99968,106216,112464,118712,124960,table-of-6248,6247,/table-of-6247,6246,/table-of-6246,6245,/table-of-6245
6249,12498,18747,24996,31245,37494,43743,49992,56241,62490,68739,74988,81237,87486,93735,99984,106233,112482,118731,124980,table-of-6249,6248,/table-of-6248,6247,/table-of-6247,6246,/table-of-6246
6250,12500,18750,25000,31250,37500,43750,50000,56250,62500,68750,75000,81250,87500,93750,100000,106250,112500,118750,125000,table-of-6250,6249,/table-of-6249,6248,/table-of-6248,6247,/table-of-6247
6251,12502,18753,25004,31255,37506,43757,50008,56259,62510,68761,75012,81263,87514,93765,100016,106267,112518,118769,125020,table-of-6251,6250,/table-of-6250,6249,/table-of-6249,6248,/table-of-6248
6252,12504,18756,25008,31260,37512,43764,50016,56268,62520,68772,75024,81276,87528,93780,100032,106284,112536,118788,125040,table-of-6252,6251,/table-of-6251,6250,/table-of-6250,6249,/table-of-6249
6253,12506,18759,25012,31265,37518,43771,50024,56277,62530,68783,75036,81289,87542,93795,100048,106301,112554,118807,125060,table-of-6253,6252,/table-of-6252,6251,/table-of-6251,6250,/table-of-6250
6254,12508,18762,25016,31270,37524,43778,50032,56286,62540,68794,75048,81302,87556,93810,100064,106318,112572,118826,125080,table-of-6254,6253,/table-of-6253,6252,/table-of-6252,6251,/table-of-6251
6255,12510,18765,25020,31275,37530,43785,50040,56295,62550,68805,75060,81315,87570,93825,100080,106335,112590,118845,125100,table-of-6255,6254,/table-of-6254,6253,/table-of-6253,6252,/table-of-6252
6256,12512,18768,25024,31280,37536,43792,50048,56304,62560,68816,75072,81328,87584,93840,100096,106352,112608,118864,125120,table-of-6256,6255,/table-of-6255,6254,/table-of-6254,6253,/table-of-6253
6257,12514,18771,25028,31285,37542,43799,50056,56313,62570,68827,75084,81341,87598,93855,100112,106369,112626,118883,125140,table-of-6257,6256,/table-of-6256,6255,/table-of-6255,6254,/table-of-6254
6258,12516,18774,25032,31290,37548,43806,50064,56322,62580,68838,75096,81354,87612,93870,100128,106386,112644,118902,125160,table-of-6258,6257,/table-of-6257,6256,/table-of-6256,6255,/table-of-6255
6259,12518,18777,25036,31295,37554,43813,50072,56331,62590,68849,75108,81367,87626,93885,100144,106403,112662,118921,125180,table-of-6259,6258,/table-of-6258,6257,/table-of-6257,6256,/table-of-6256
6260,12520,18780,25040,31300,37560,43820,50080,56340,62600,68860,75120,81380,87640,93900,100160,106420,112680,118940,125200,table-of-6260,6259,/table-of-6259,6258,/table-of-6258,6257,/table-of-6257
6261,12522,18783,25044,31305,37566,43827,50088,56349,62610,68871,75132,81393,87654,93915,100176,106437,112698,118959,125220,table-of-6261,6260,/table-of-6260,6259,/table-of-6259,6258,/table-of-6258
6262,12524,18786,25048,31310,37572,43834,50096,56358,62620,68882,75144,81406,87668,93930,100192,106454,112716,118978,125240,table-of-6262,6261,/table-of-6261,6260,/table-of-6260,6259,/table-of-6259
6263,12526,18789,25052,31315,37578,43841,50104,56367,62630,68893,75156,81419,87682,93945,100208,106471,112734,118997,125260,table-of-6263,6262,/table-of-6262,6261,/table-of-6261,6260,/table-of-6260
6264,12528,18792,25056,31320,37584,43848,50112,56376,62640,68904,75168,81432,87696,93960,100224,106488,112752,119016,125280,table-of-6264,6263,/table-of-6263,6262,/table-of-6262,6261,/table-of-6261
6265,12530,18795,25060,31325,37590,43855,50120,56385,62650,68915,75180,81445,87710,93975,100240,106505,112770,119035,125300,table-of-6265,6264,/table-of-6264,6263,/table-of-6263,6262,/table-of-6262
6266,12532,18798,25064,31330,37596,43862,50128,56394,62660,68926,75192,81458,87724,93990,100256,106522,112788,119054,125320,table-of-6266,6265,/table-of-6265,6264,/table-of-6264,6263,/table-of-6263
6267,12534,18801,25068,31335,37602,43869,50136,56403,62670,68937,75204,81471,87738,94005,100272,106539,112806,119073,125340,table-of-6267,6266,/table-of-6266,6265,/table-of-6265,6264,/table-of-6264
6268,12536,18804,25072,31340,37608,43876,50144,56412,62680,68948,75216,81484,87752,94020,100288,106556,112824,119092,125360,table-of-6268,6267,/table-of-6267,6266,/table-of-6266,6265,/table-of-6265
6269,12538,18807,25076,31345,37614,43883,50152,56421,62690,68959,75228,81497,87766,94035,100304,106573,112842,119111,125380,table-of-6269,6268,/table-of-6268,6267,/table-of-6267,6266,/table-of-6266
6270,12540,18810,25080,31350,37620,43890,50160,56430,62700,68970,75240,81510,87780,94050,100320,106590,112860,119130,125400,table-of-6270,6269,/table-of-6269,6268,/table-of-6268,6267,/table-of-6267
6271,12542,18813,25084,31355,37626,43897,50168,56439,62710,68981,75252,81523,87794,94065,100336,106607,112878,119149,125420,table-of-6271,6270,/table-of-6270,6269,/table-of-6269,6268,/table-of-6268
6272,12544,18816,25088,31360,37632,43904,50176,56448,62720,68992,75264,81536,87808,94080,100352,106624,112896,119168,125440,table-of-6272,6271,/table-of-6271,6270,/table-of-6270,6269,/table-of-6269
6273,12546,18819,25092,31365,37638,43911,50184,56457,62730,69003,75276,81549,87822,94095,100368,106641,112914,119187,125460,table-of-6273,6272,/table-of-6272,6271,/table-of-6271,6270,/table-of-6270
6274,12548,18822,25096,31370,37644,43918,50192,56466,62740,69014,75288,81562,87836,94110,100384,106658,112932,119206,125480,table-of-6274,6273,/table-of-6273,6272,/table-of-6272,6271,/table-of-6271
6275,12550,18825,25100,31375,37650,43925,50200,56475,62750,69025,75300,81575,87850,94125,100400,106675,112950,119225,125500,table-of-6275,6274,/table-of-6274,6273,/table-of-6273,6272,/table-of-6272
6276,12552,18828,25104,31380,37656,43932,50208,56484,62760,69036,75312,81588,87864,94140,100416,106692,112968,119244,125520,table-of-6276,6275,/table-of-6275,6274,/table-of-6274,6273,/table-of-6273
6277,12554,18831,25108,31385,37662,43939,50216,56493,62770,69047,75324,81601,87878,94155,100432,106709,112986,119263,125540,table-of-6277,6276,/table-of-6276,6275,/table-of-6275,6274,/table-of-6274
6278,12556,18834,25112,31390,37668,43946,50224,56502,62780,69058,75336,81614,87892,94170,100448,106726,113004,119282,125560,table-of-6278,6277,/table-of-6277,6276,/table-of-6276,6275,/table-of-6275
6279,12558,18837,25116,31395,37674,43953,50232,56511,62790,69069,75348,81627,87906,94185,100464,106743,113022,119301,125580,table-of-6279,6278,/table-of-6278,6277,/table-of-6277,6276,/table-of-6276
6280,12560,18840,25120,31400,37680,43960,50240,56520,62800,69080,75360,81640,87920,94200,100480,106760,113040,119320,125600,table-of-6280,6279,/table-of-6279,6278,/table-of-6278,6277,/table-of-6277
6281,12562,18843,25124,31405,37686,43967,50248,56529,62810,69091,75372,81653,87934,94215,100496,106777,113058,119339,125620,table-of-6281,6280,/table-of-6280,6279,/table-of-6279,6278,/table-of-6278
6282,12564,18846,25128,31410,37692,43974,50256,56538,62820,69102,75384,81666,87948,94230,100512,106794,113076,119358,125640,table-of-6282,6281,/table-of-6281,6280,/table-of-6280,6279,/table-of-6279
6283,12566,18849,25132,31415,37698,43981,50264,56547,62830,69113,75396,81679,87962,94245,100528,106811,113094,119377,125660,table-of-6283,6282,/table-of-6282,6281,/table-of-6281,6280,/table-of-6280
6284,12568,18852,25136,31420,37704,43988,50272,56556,62840,69124,75408,81692,87976,94260,100544,106828,113112,119396,125680,table-of-6284,6283,/table-of-6283,6282,/table-of-6282,6281,/table-of-6281
6285,12570,18855,25140,31425,37710,43995,50280,56565,62850,69135,75420,81705,87990,94275,100560,106845,113130,119415,125700,table-of-6285,6284,/table-of-6284,6283,/table-of-6283,6282,/table-of-6282
6286,12572,18858,25144,31430,37716,44002,50288,56574,62860,69146,75432,81718,88004,94290,100576,106862,113148,119434,125720,table-of-6286,6285,/table-of-6285,6284,/table-of-6284,6283,/table-of-6283
6287,12574,18861,25148,31435,37722,44009,50296,56583,62870,69157,75444,81731,88018,94305,100592,106879,113166,119453,125740,table-of-6287,6286,/table-of-6286,6285,/table-of-6285,6284,/table-of-6284
6288,12576,18864,25152,31440,37728,44016,50304,56592,62880,69168,75456,81744,88032,94320,100608,106896,113184,119472,125760,table-of-6288,6287,/table-of-6287,6286,/table-of-6286,6285,/table-of-6285
6289,12578,18867,25156,31445,37734,44023,50312,56601,62890,69179,75468,81757,88046,94335,100624,106913,113202,119491,125780,table-of-6289,6288,/table-of-6288,6287,/table-of-6287,6286,/table-of-6286
6290,12580,18870,25160,31450,37740,44030,50320,56610,62900,69190,75480,81770,88060,94350,100640,106930,113220,119510,125800,table-of-6290,6289,/table-of-6289,6288,/table-of-6288,6287,/table-of-6287
6291,12582,18873,25164,31455,37746,44037,50328,56619,62910,69201,75492,81783,88074,94365,100656,106947,113238,119529,125820,table-of-6291,6290,/table-of-6290,6289,/table-of-6289,6288,/table-of-6288
6292,12584,18876,25168,31460,37752,44044,50336,56628,62920,69212,75504,81796,88088,94380,100672,106964,113256,119548,125840,table-of-6292,6291,/table-of-6291,6290,/table-of-6290,6289,/table-of-6289
6293,12586,18879,25172,31465,37758,44051,50344,56637,62930,69223,75516,81809,88102,94395,100688,106981,113274,119567,125860,table-of-6293,6292,/table-of-6292,6291,/table-of-6291,6290,/table-of-6290
6294,12588,18882,25176,31470,37764,44058,50352,56646,62940,69234,75528,81822,88116,94410,100704,106998,113292,119586,125880,table-of-6294,6293,/table-of-6293,6292,/table-of-6292,6291,/table-of-6291
6295,12590,18885,25180,31475,37770,44065,50360,56655,62950,69245,75540,81835,88130,94425,100720,107015,113310,119605,125900,table-of-6295,6294,/table-of-6294,6293,/table-of-6293,6292,/table-of-6292
6296,12592,18888,25184,31480,37776,44072,50368,56664,62960,69256,75552,81848,88144,94440,100736,107032,113328,119624,125920,table-of-6296,6295,/table-of-6295,6294,/table-of-6294,6293,/table-of-6293
6297,12594,18891,25188,31485,37782,44079,50376,56673,62970,69267,75564,81861,88158,94455,100752,107049,113346,119643,125940,table-of-6297,6296,/table-of-6296,6295,/table-of-6295,6294,/table-of-6294
6298,12596,18894,25192,31490,37788,44086,50384,56682,62980,69278,75576,81874,88172,94470,100768,107066,113364,119662,125960,table-of-6298,6297,/table-of-6297,6296,/table-of-6296,6295,/table-of-6295
6299,12598,18897,25196,31495,37794,44093,50392,56691,62990,69289,75588,81887,88186,94485,100784,107083,113382,119681,125980,table-of-6299,6298,/table-of-6298,6297,/table-of-6297,6296,/table-of-6296
6300,12600,18900,25200,31500,37800,44100,50400,56700,63000,69300,75600,81900,88200,94500,100800,107100,113400,119700,126000,table-of-6300,6299,/table-of-6299,6298,/table-of-6298,6297,/table-of-6297
6301,12602,18903,25204,31505,37806,44107,50408,56709,63010,69311,75612,81913,88214,94515,100816,107117,113418,119719,126020,table-of-6301,6300,/table-of-6300,6299,/table-of-6299,6298,/table-of-6298
6302,12604,18906,25208,31510,37812,44114,50416,56718,63020,69322,75624,81926,88228,94530,100832,107134,113436,119738,126040,table-of-6302,6301,/table-of-6301,6300,/table-of-6300,6299,/table-of-6299
6303,12606,18909,25212,31515,37818,44121,50424,56727,63030,69333,75636,81939,88242,94545,100848,107151,113454,119757,126060,table-of-6303,6302,/table-of-6302,6301,/table-of-6301,6300,/table-of-6300
6304,12608,18912,25216,31520,37824,44128,50432,56736,63040,69344,75648,81952,88256,94560,100864,107168,113472,119776,126080,table-of-6304,6303,/table-of-6303,6302,/table-of-6302,6301,/table-of-6301
6305,12610,18915,25220,31525,37830,44135,50440,56745,63050,69355,75660,81965,88270,94575,100880,107185,113490,119795,126100,table-of-6305,6304,/table-of-6304,6303,/table-of-6303,6302,/table-of-6302
6306,12612,18918,25224,31530,37836,44142,50448,56754,63060,69366,75672,81978,88284,94590,100896,107202,113508,119814,126120,table-of-6306,6305,/table-of-6305,6304,/table-of-6304,6303,/table-of-6303
6307,12614,18921,25228,31535,37842,44149,50456,56763,63070,69377,75684,81991,88298,94605,100912,107219,113526,119833,126140,table-of-6307,6306,/table-of-6306,6305,/table-of-6305,6304,/table-of-6304
6308,12616,18924,25232,31540,37848,44156,50464,56772,63080,69388,75696,82004,88312,94620,100928,107236,113544,119852,126160,table-of-6308,6307,/table-of-6307,6306,/table-of-6306,6305,/table-of-6305
6309,12618,18927,25236,31545,37854,44163,50472,56781,63090,69399,75708,82017,88326,94635,100944,107253,113562,119871,126180,table-of-6309,6308,/table-of-6308,6307,/table-of-6307,6306,/table-of-6306
6310,12620,18930,25240,31550,37860,44170,50480,56790,63100,69410,75720,82030,88340,94650,100960,107270,113580,119890,126200,table-of-6310,6309,/table-of-6309,6308,/table-of-6308,6307,/table-of-6307
6311,12622,18933,25244,31555,37866,44177,50488,56799,63110,69421,75732,82043,88354,94665,100976,107287,113598,119909,126220,table-of-6311,6310,/table-of-6310,6309,/table-of-6309,6308,/table-of-6308
6312,12624,18936,25248,31560,37872,44184,50496,56808,63120,69432,75744,82056,88368,94680,100992,107304,113616,119928,126240,table-of-6312,6311,/table-of-6311,6310,/table-of-6310,6309,/table-of-6309
6313,12626,18939,25252,31565,37878,44191,50504,56817,63130,69443,75756,82069,88382,94695,101008,107321,113634,119947,126260,table-of-6313,6312,/table-of-6312,6311,/table-of-6311,6310,/table-of-6310
6314,12628,18942,25256,31570,37884,44198,50512,56826,63140,69454,75768,82082,88396,94710,101024,107338,113652,119966,126280,table-of-6314,6313,/table-of-6313,6312,/table-of-6312,6311,/table-of-6311
6315,12630,18945,25260,31575,37890,44205,50520,56835,63150,69465,75780,82095,88410,94725,101040,107355,113670,119985,126300,table-of-6315,6314,/table-of-6314,6313,/table-of-6313,6312,/table-of-6312
6316,12632,18948,25264,31580,37896,44212,50528,56844,63160,69476,75792,82108,88424,94740,101056,107372,113688,120004,126320,table-of-6316,6315,/table-of-6315,6314,/table-of-6314,6313,/table-of-6313
6317,12634,18951,25268,31585,37902,44219,50536,56853,63170,69487,75804,82121,88438,94755,101072,107389,113706,120023,126340,table-of-6317,6316,/table-of-6316,6315,/table-of-6315,6314,/table-of-6314
6318,12636,18954,25272,31590,37908,44226,50544,56862,63180,69498,75816,82134,88452,94770,101088,107406,113724,120042,126360,table-of-6318,6317,/table-of-6317,6316,/table-of-6316,6315,/table-of-6315
6319,12638,18957,25276,31595,37914,44233,50552,56871,63190,69509,75828,82147,88466,94785,101104,107423,113742,120061,126380,table-of-6319,6318,/table-of-6318,6317,/table-of-6317,6316,/table-of-6316
6320,12640,18960,25280,31600,37920,44240,50560,56880,63200,69520,75840,82160,88480,94800,101120,107440,113760,120080,126400,table-of-6320,6319,/table-of-6319,6318,/table-of-6318,6317,/table-of-6317
6321,12642,18963,25284,31605,37926,44247,50568,56889,63210,69531,75852,82173,88494,94815,101136,107457,113778,120099,126420,table-of-6321,6320,/table-of-6320,6319,/table-of-6319,6318,/table-of-6318
6322,12644,18966,25288,31610,37932,44254,50576,56898,63220,69542,75864,82186,88508,94830,101152,107474,113796,120118,126440,table-of-6322,6321,/table-of-6321,6320,/table-of-6320,6319,/table-of-6319
6323,12646,18969,25292,31615,37938,44261,50584,56907,63230,69553,75876,82199,88522,94845,101168,107491,113814,120137,126460,table-of-6323,6322,/table-of-6322,6321,/table-of-6321,6320,/table-of-6320
6324,12648,18972,25296,31620,37944,44268,50592,56916,63240,69564,75888,82212,88536,94860,101184,107508,113832,120156,126480,table-of-6324,6323,/table-of-6323,6322,/table-of-6322,6321,/table-of-6321
6325,12650,18975,25300,31625,37950,44275,50600,56925,63250,69575,75900,82225,88550,94875,101200,107525,113850,120175,126500,table-of-6325,6324,/table-of-6324,6323,/table-of-6323,6322,/table-of-6322
6326,12652,18978,25304,31630,37956,44282,50608,56934,63260,69586,75912,82238,88564,94890,101216,107542,113868,120194,126520,table-of-6326,6325,/table-of-6325,6324,/table-of-6324,6323,/table-of-6323
6327,12654,18981,25308,31635,37962,44289,50616,56943,63270,69597,75924,82251,88578,94905,101232,107559,113886,120213,126540,table-of-6327,6326,/table-of-6326,6325,/table-of-6325,6324,/table-of-6324
6328,12656,18984,25312,31640,37968,44296,50624,56952,63280,69608,75936,82264,88592,94920,101248,107576,113904,120232,126560,table-of-6328,6327,/table-of-6327,6326,/table-of-6326,6325,/table-of-6325
6329,12658,18987,25316,31645,37974,44303,50632,56961,63290,69619,75948,82277,88606,94935,101264,107593,113922,120251,126580,table-of-6329,6328,/table-of-6328,6327,/table-of-6327,6326,/table-of-6326
6330,12660,18990,25320,31650,37980,44310,50640,56970,63300,69630,75960,82290,88620,94950,101280,107610,113940,120270,126600,table-of-6330,6329,/table-of-6329,6328,/table-of-6328,6327,/table-of-6327
6331,12662,18993,25324,31655,37986,44317,50648,56979,63310,69641,75972,82303,88634,94965,101296,107627,113958,120289,126620,table-of-6331,6330,/table-of-6330,6329,/table-of-6329,6328,/table-of-6328
6332,12664,18996,25328,31660,37992,44324,50656,56988,63320,69652,75984,82316,88648,94980,101312,107644,113976,120308,126640,table-of-6332,6331,/table-of-6331,6330,/table-of-6330,6329,/table-of-6329
6333,12666,18999,25332,31665,37998,44331,50664,56997,63330,69663,75996,82329,88662,94995,101328,107661,113994,120327,126660,table-of-6333,6332,/table-of-6332,6331,/table-of-6331,6330,/table-of-6330
6334,12668,19002,25336,31670,38004,44338,50672,57006,63340,69674,76008,82342,88676,95010,101344,107678,114012,120346,126680,table-of-6334,6333,/table-of-6333,6332,/table-of-6332,6331,/table-of-6331
6335,12670,19005,25340,31675,38010,44345,50680,57015,63350,69685,76020,82355,88690,95025,101360,107695,114030,120365,126700,table-of-6335,6334,/table-of-6334,6333,/table-of-6333,6332,/table-of-6332
6336,12672,19008,25344,31680,38016,44352,50688,57024,63360,69696,76032,82368,88704,95040,101376,107712,114048,120384,126720,table-of-6336,6335,/table-of-6335,6334,/table-of-6334,6333,/table-of-6333
6337,12674,19011,25348,31685,38022,44359,50696,57033,63370,69707,76044,82381,88718,95055,101392,107729,114066,120403,126740,table-of-6337,6336,/table-of-6336,6335,/table-of-6335,6334,/table-of-6334
6338,12676,19014,25352,31690,38028,44366,50704,57042,63380,69718,76056,82394,88732,95070,101408,107746,114084,120422,126760,table-of-6338,6337,/table-of-6337,6336,/table-of-6336,6335,/table-of-6335
6339,12678,19017,25356,31695,38034,44373,50712,57051,63390,69729,76068,82407,88746,95085,101424,107763,114102,120441,126780,table-of-6339,6338,/table-of-6338,6337,/table-of-6337,6336,/table-of-6336
6340,12680,19020,25360,31700,38040,44380,50720,57060,63400,69740,76080,82420,88760,95100,101440,107780,114120,120460,126800,table-of-6340,6339,/table-of-6339,6338,/table-of-6338,6337,/table-of-6337
6341,12682,19023,25364,31705,38046,44387,50728,57069,63410,69751,76092,82433,88774,95115,101456,107797,114138,120479,126820,table-of-6341,6340,/table-of-6340,6339,/table-of-6339,6338,/table-of-6338
6342,12684,19026,25368,31710,38052,44394,50736,57078,63420,69762,76104,82446,88788,95130,101472,107814,114156,120498,126840,table-of-6342,6341,/table-of-6341,6340,/table-of-6340,6339,/table-of-6339
6343,12686,19029,25372,31715,38058,44401,50744,57087,63430,69773,76116,82459,88802,95145,101488,107831,114174,120517,126860,table-of-6343,6342,/table-of-6342,6341,/table-of-6341,6340,/table-of-6340
6344,12688,19032,25376,31720,38064,44408,50752,57096,63440,69784,76128,82472,88816,95160,101504,107848,114192,120536,126880,table-of-6344,6343,/table-of-6343,6342,/table-of-6342,6341,/table-of-6341
6345,12690,19035,25380,31725,38070,44415,50760,57105,63450,69795,76140,82485,88830,95175,101520,107865,114210,120555,126900,table-of-6345,6344,/table-of-6344,6343,/table-of-6343,6342,/table-of-6342
6346,12692,19038,25384,31730,38076,44422,50768,57114,63460,69806,76152,82498,88844,95190,101536,107882,114228,120574,126920,table-of-6346,6345,/table-of-6345,6344,/table-of-6344,6343,/table-of-6343
6347,12694,19041,25388,31735,38082,44429,50776,57123,63470,69817,76164,82511,88858,95205,101552,107899,114246,120593,126940,table-of-6347,6346,/table-of-6346,6345,/table-of-6345,6344,/table-of-6344
6348,12696,19044,25392,31740,38088,44436,50784,57132,63480,69828,76176,82524,88872,95220,101568,107916,114264,120612,126960,table-of-6348,6347,/table-of-6347,6346,/table-of-6346,6345,/table-of-6345
6349,12698,19047,25396,31745,38094,44443,50792,57141,63490,69839,76188,82537,88886,95235,101584,107933,114282,120631,126980,table-of-6349,6348,/table-of-6348,6347,/table-of-6347,6346,/table-of-6346
6350,12700,19050,25400,31750,38100,44450,50800,57150,63500,69850,76200,82550,88900,95250,101600,107950,114300,120650,127000,table-of-6350,6349,/table-of-6349,6348,/table-of-6348,6347,/table-of-6347
6351,12702,19053,25404,31755,38106,44457,50808,57159,63510,69861,76212,82563,88914,95265,101616,107967,114318,120669,127020,table-of-6351,6350,/table-of-6350,6349,/table-of-6349,6348,/table-of-6348
6352,12704,19056,25408,31760,38112,44464,50816,57168,63520,69872,76224,82576,88928,95280,101632,107984,114336,120688,127040,table-of-6352,6351,/table-of-6351,6350,/table-of-6350,6349,/table-of-6349
6353,12706,19059,25412,31765,38118,44471,50824,57177,63530,69883,76236,82589,88942,95295,101648,108001,114354,120707,127060,table-of-6353,6352,/table-of-6352,6351,/table-of-6351,6350,/table-of-6350
6354,12708,19062,25416,31770,38124,44478,50832,57186,63540,69894,76248,82602,88956,95310,101664,108018,114372,120726,127080,table-of-6354,6353,/table-of-6353,6352,/table-of-6352,6351,/table-of-6351
6355,12710,19065,25420,31775,38130,44485,50840,57195,63550,69905,76260,82615,88970,95325,101680,108035,114390,120745,127100,table-of-6355,6354,/table-of-6354,6353,/table-of-6353,6352,/table-of-6352
6356,12712,19068,25424,31780,38136,44492,50848,57204,63560,69916,76272,82628,88984,95340,101696,108052,114408,120764,127120,table-of-6356,6355,/table-of-6355,6354,/table-of-6354,6353,/table-of-6353
6357,12714,19071,25428,31785,38142,44499,50856,57213,63570,69927,76284,82641,88998,95355,101712,108069,114426,120783,127140,table-of-6357,6356,/table-of-6356,6355,/table-of-6355,6354,/table-of-6354
6358,12716,19074,25432,31790,38148,44506,50864,57222,63580,69938,76296,82654,89012,95370,101728,108086,114444,120802,127160,table-of-6358,6357,/table-of-6357,6356,/table-of-6356,6355,/table-of-6355
6359,12718,19077,25436,31795,38154,44513,50872,57231,63590,69949,76308,82667,89026,95385,101744,108103,114462,120821,127180,table-of-6359,6358,/table-of-6358,6357,/table-of-6357,6356,/table-of-6356
6360,12720,19080,25440,31800,38160,44520,50880,57240,63600,69960,76320,82680,89040,95400,101760,108120,114480,120840,127200,table-of-6360,6359,/table-of-6359,6358,/table-of-6358,6357,/table-of-6357
6361,12722,19083,25444,31805,38166,44527,50888,57249,63610,69971,76332,82693,89054,95415,101776,108137,114498,120859,127220,table-of-6361,6360,/table-of-6360,6359,/table-of-6359,6358,/table-of-6358
6362,12724,19086,25448,31810,38172,44534,50896,57258,63620,69982,76344,82706,89068,95430,101792,108154,114516,120878,127240,table-of-6362,6361,/table-of-6361,6360,/table-of-6360,6359,/table-of-6359
6363,12726,19089,25452,31815,38178,44541,50904,57267,63630,69993,76356,82719,89082,95445,101808,108171,114534,120897,127260,table-of-6363,6362,/table-of-6362,6361,/table-of-6361,6360,/table-of-6360
6364,12728,19092,25456,31820,38184,44548,50912,57276,63640,70004,76368,82732,89096,95460,101824,108188,114552,120916,127280,table-of-6364,6363,/table-of-6363,6362,/table-of-6362,6361,/table-of-6361
6365,12730,19095,25460,31825,38190,44555,50920,57285,63650,70015,76380,82745,89110,95475,101840,108205,114570,120935,127300,table-of-6365,6364,/table-of-6364,6363,/table-of-6363,6362,/table-of-6362
6366,12732,19098,25464,31830,38196,44562,50928,57294,63660,70026,76392,82758,89124,95490,101856,108222,114588,120954,127320,table-of-6366,6365,/table-of-6365,6364,/table-of-6364,6363,/table-of-6363
6367,12734,19101,25468,31835,38202,44569,50936,57303,63670,70037,76404,82771,89138,95505,101872,108239,114606,120973,127340,table-of-6367,6366,/table-of-6366,6365,/table-of-6365,6364,/table-of-6364
6368,12736,19104,25472,31840,38208,44576,50944,57312,63680,70048,76416,82784,89152,95520,101888,108256,114624,120992,127360,table-of-6368,6367,/table-of-6367,6366,/table-of-6366,6365,/table-of-6365
6369,12738,19107,25476,31845,38214,44583,50952,57321,63690,70059,76428,82797,89166,95535,101904,108273,114642,121011,127380,table-of-6369,6368,/table-of-6368,6367,/table-of-6367,6366,/table-of-6366
6370,12740,19110,25480,31850,38220,44590,50960,57330,63700,70070,76440,82810,89180,95550,101920,108290,114660,121030,127400,table-of-6370,6369,/table-of-6369,6368,/table-of-6368,6367,/table-of-6367
6371,12742,19113,25484,31855,38226,44597,50968,57339,63710,70081,76452,82823,89194,95565,101936,108307,114678,121049,127420,table-of-6371,6370,/table-of-6370,6369,/table-of-6369,6368,/table-of-6368
6372,12744,19116,25488,31860,38232,44604,50976,57348,63720,70092,76464,82836,89208,95580,101952,108324,114696,121068,127440,table-of-6372,6371,/table-of-6371,6370,/table-of-6370,6369,/table-of-6369
6373,12746,19119,25492,31865,38238,44611,50984,57357,63730,70103,76476,82849,89222,95595,101968,108341,114714,121087,127460,table-of-6373,6372,/table-of-6372,6371,/table-of-6371,6370,/table-of-6370
6374,12748,19122,25496,31870,38244,44618,50992,57366,63740,70114,76488,82862,89236,95610,101984,108358,114732,121106,127480,table-of-6374,6373,/table-of-6373,6372,/table-of-6372,6371,/table-of-6371
6375,12750,19125,25500,31875,38250,44625,51000,57375,63750,70125,76500,82875,89250,95625,102000,108375,114750,121125,127500,table-of-6375,6374,/table-of-6374,6373,/table-of-6373,6372,/table-of-6372
6376,12752,19128,25504,31880,38256,44632,51008,57384,63760,70136,76512,82888,89264,95640,102016,108392,114768,121144,127520,table-of-6376,6375,/table-of-6375,6374,/table-of-6374,6373,/table-of-6373
6377,12754,19131,25508,31885,38262,44639,51016,57393,63770,70147,76524,82901,89278,95655,102032,108409,114786,121163,127540,table-of-6377,6376,/table-of-6376,6375,/table-of-6375,6374,/table-of-6374
6378,12756,19134,25512,31890,38268,44646,51024,57402,63780,70158,76536,82914,89292,95670,102048,108426,114804,121182,127560,table-of-6378,6377,/table-of-6377,6376,/table-of-6376,6375,/table-of-6375
6379,12758,19137,25516,31895,38274,44653,51032,57411,63790,70169,76548,82927,89306,95685,102064,108443,114822,121201,127580,table-of-6379,6378,/table-of-6378,6377,/table-of-6377,6376,/table-of-6376
6380,12760,19140,25520,31900,38280,44660,51040,57420,63800,70180,76560,82940,89320,95700,102080,108460,114840,121220,127600,table-of-6380,6379,/table-of-6379,6378,/table-of-6378,6377,/table-of-6377
6381,12762,19143,25524,31905,38286,44667,51048,57429,63810,70191,76572,82953,89334,95715,102096,108477,114858,121239,127620,table-of-6381,6380,/table-of-6380,6379,/table-of-6379,6378,/table-of-6378
6382,12764,19146,25528,31910,38292,44674,51056,57438,63820,70202,76584,82966,89348,95730,102112,108494,114876,121258,127640,table-of-6382,6381,/table-of-6381,6380,/table-of-6380,6379,/table-of-6379
6383,12766,19149,25532,31915,38298,44681,51064,57447,63830,70213,76596,82979,89362,95745,102128,108511,114894,121277,127660,table-of-6383,6382,/table-of-6382,6381,/table-of-6381,6380,/table-of-6380
6384,12768,19152,25536,31920,38304,44688,51072,57456,63840,70224,76608,82992,89376,95760,102144,108528,114912,121296,127680,table-of-6384,6383,/table-of-6383,6382,/table-of-6382,6381,/table-of-6381
6385,12770,19155,25540,31925,38310,44695,51080,57465,63850,70235,76620,83005,89390,95775,102160,108545,114930,121315,127700,table-of-6385,6384,/table-of-6384,6383,/table-of-6383,6382,/table-of-6382
6386,12772,19158,25544,31930,38316,44702,51088,57474,63860,70246,76632,83018,89404,95790,102176,108562,114948,121334,127720,table-of-6386,6385,/table-of-6385,6384,/table-of-6384,6383,/table-of-6383
6387,12774,19161,25548,31935,38322,44709,51096,57483,63870,70257,76644,83031,89418,95805,102192,108579,114966,121353,127740,table-of-6387,6386,/table-of-6386,6385,/table-of-6385,6384,/table-of-6384
6388,12776,19164,25552,31940,38328,44716,51104,57492,63880,70268,76656,83044,89432,95820,102208,108596,114984,121372,127760,table-of-6388,6387,/table-of-6387,6386,/table-of-6386,6385,/table-of-6385
6389,12778,19167,25556,31945,38334,44723,51112,57501,63890,70279,76668,83057,89446,95835,102224,108613,115002,121391,127780,table-of-6389,6388,/table-of-6388,6387,/table-of-6387,6386,/table-of-6386
6390,12780,19170,25560,31950,38340,44730,51120,57510,63900,70290,76680,83070,89460,95850,102240,108630,115020,121410,127800,table-of-6390,6389,/table-of-6389,6388,/table-of-6388,6387,/table-of-6387
6391,12782,19173,25564,31955,38346,44737,51128,57519,63910,70301,76692,83083,89474,95865,102256,108647,115038,121429,127820,table-of-6391,6390,/table-of-6390,6389,/table-of-6389,6388,/table-of-6388
6392,12784,19176,25568,31960,38352,44744,51136,57528,63920,70312,76704,83096,89488,95880,102272,108664,115056,121448,127840,table-of-6392,6391,/table-of-6391,6390,/table-of-6390,6389,/table-of-6389
6393,12786,19179,25572,31965,38358,44751,51144,57537,63930,70323,76716,83109,89502,95895,102288,108681,115074,121467,127860,table-of-6393,6392,/table-of-6392,6391,/table-of-6391,6390,/table-of-6390
6394,12788,19182,25576,31970,38364,44758,51152,57546,63940,70334,76728,83122,89516,95910,102304,108698,115092,121486,127880,table-of-6394,6393,/table-of-6393,6392,/table-of-6392,6391,/table-of-6391
6395,12790,19185,25580,31975,38370,44765,51160,57555,63950,70345,76740,83135,89530,95925,102320,108715,115110,121505,127900,table-of-6395,6394,/table-of-6394,6393,/table-of-6393,6392,/table-of-6392
6396,12792,19188,25584,31980,38376,44772,51168,57564,63960,70356,76752,83148,89544,95940,102336,108732,115128,121524,127920,table-of-6396,6395,/table-of-6395,6394,/table-of-6394,6393,/table-of-6393
6397,12794,19191,25588,31985,38382,44779,51176,57573,63970,70367,76764,83161,89558,95955,102352,108749,115146,121543,127940,table-of-6397,6396,/table-of-6396,6395,/table-of-6395,6394,/table-of-6394
6398,12796,19194,25592,31990,38388,44786,51184,57582,63980,70378,76776,83174,89572,95970,102368,108766,115164,121562,127960,table-of-6398,6397,/table-of-6397,6396,/table-of-6396,6395,/table-of-6395
6399,12798,19197,25596,31995,38394,44793,51192,57591,63990,70389,76788,83187,89586,95985,102384,108783,115182,121581,127980,table-of-6399,6398,/table-of-6398,6397,/table-of-6397,6396,/table-of-6396
6400,12800,19200,25600,32000,38400,44800,51200,57600,64000,70400,76800,83200,89600,96000,102400,108800,115200,121600,128000,table-of-6400,6399,/table-of-6399,6398,/table-of-6398,6397,/table-of-6397
6401,12802,19203,25604,32005,38406,44807,51208,57609,64010,70411,76812,83213,89614,96015,102416,108817,115218,121619,128020,table-of-6401,6400,/table-of-6400,6399,/table-of-6399,6398,/table-of-6398
6402,12804,19206,25608,32010,38412,44814,51216,57618,64020,70422,76824,83226,89628,96030,102432,108834,115236,121638,128040,table-of-6402,6401,/table-of-6401,6400,/table-of-6400,6399,/table-of-6399
6403,12806,19209,25612,32015,38418,44821,51224,57627,64030,70433,76836,83239,89642,96045,102448,108851,115254,121657,128060,table-of-6403,6402,/table-of-6402,6401,/table-of-6401,6400,/table-of-6400
6404,12808,19212,25616,32020,38424,44828,51232,57636,64040,70444,76848,83252,89656,96060,102464,108868,115272,121676,128080,table-of-6404,6403,/table-of-6403,6402,/table-of-6402,6401,/table-of-6401
6405,12810,19215,25620,32025,38430,44835,51240,57645,64050,70455,76860,83265,89670,96075,102480,108885,115290,121695,128100,table-of-6405,6404,/table-of-6404,6403,/table-of-6403,6402,/table-of-6402
6406,12812,19218,25624,32030,38436,44842,51248,57654,64060,70466,76872,83278,89684,96090,102496,108902,115308,121714,128120,table-of-6406,6405,/table-of-6405,6404,/table-of-6404,6403,/table-of-6403
6407,12814,19221,25628,32035,38442,44849,51256,57663,64070,70477,76884,83291,89698,96105,102512,108919,115326,121733,128140,table-of-6407,6406,/table-of-6406,6405,/table-of-6405,6404,/table-of-6404
6408,12816,19224,25632,32040,38448,44856,51264,57672,64080,70488,76896,83304,89712,96120,102528,108936,115344,121752,128160,table-of-6408,6407,/table-of-6407,6406,/table-of-6406,6405,/table-of-6405
6409,12818,19227,25636,32045,38454,44863,51272,57681,64090,70499,76908,83317,89726,96135,102544,108953,115362,121771,128180,table-of-6409,6408,/table-of-6408,6407,/table-of-6407,6406,/table-of-6406
6410,12820,19230,25640,32050,38460,44870,51280,57690,64100,70510,76920,83330,89740,96150,102560,108970,115380,121790,128200,table-of-6410,6409,/table-of-6409,6408,/table-of-6408,6407,/table-of-6407
6411,12822,19233,25644,32055,38466,44877,51288,57699,64110,70521,76932,83343,89754,96165,102576,108987,115398,121809,128220,table-of-6411,6410,/table-of-6410,6409,/table-of-6409,6408,/table-of-6408
6412,12824,19236,25648,32060,38472,44884,51296,57708,64120,70532,76944,83356,89768,96180,102592,109004,115416,121828,128240,table-of-6412,6411,/table-of-6411,6410,/table-of-6410,6409,/table-of-6409
6413,12826,19239,25652,32065,38478,44891,51304,57717,64130,70543,76956,83369,89782,96195,102608,109021,115434,121847,128260,table-of-6413,6412,/table-of-6412,6411,/table-of-6411,6410,/table-of-6410
6414,12828,19242,25656,32070,38484,44898,51312,57726,64140,70554,76968,83382,89796,96210,102624,109038,115452,121866,128280,table-of-6414,6413,/table-of-6413,6412,/table-of-6412,6411,/table-of-6411
6415,12830,19245,25660,32075,38490,44905,51320,57735,64150,70565,76980,83395,89810,96225,102640,109055,115470,121885,128300,table-of-6415,6414,/table-of-6414,6413,/table-of-6413,6412,/table-of-6412
6416,12832,19248,25664,32080,38496,44912,51328,57744,64160,70576,76992,83408,89824,96240,102656,109072,115488,121904,128320,table-of-6416,6415,/table-of-6415,6414,/table-of-6414,6413,/table-of-6413
6417,12834,19251,25668,32085,38502,44919,51336,57753,64170,70587,77004,83421,89838,96255,102672,109089,115506,121923,128340,table-of-6417,6416,/table-of-6416,6415,/table-of-6415,6414,/table-of-6414
6418,12836,19254,25672,32090,38508,44926,51344,57762,64180,70598,77016,83434,89852,96270,102688,109106,115524,121942,128360,table-of-6418,6417,/table-of-6417,6416,/table-of-6416,6415,/table-of-6415
6419,12838,19257,25676,32095,38514,44933,51352,57771,64190,70609,77028,83447,89866,96285,102704,109123,115542,121961,128380,table-of-6419,6418,/table-of-6418,6417,/table-of-6417,6416,/table-of-6416
6420,12840,19260,25680,32100,38520,44940,51360,57780,64200,70620,77040,83460,89880,96300,102720,109140,115560,121980,128400,table-of-6420,6419,/table-of-6419,6418,/table-of-6418,6417,/table-of-6417
6421,12842,19263,25684,32105,38526,44947,51368,57789,64210,70631,77052,83473,89894,96315,102736,109157,115578,121999,128420,table-of-6421,6420,/table-of-6420,6419,/table-of-6419,6418,/table-of-6418
6422,12844,19266,25688,32110,38532,44954,51376,57798,64220,70642,77064,83486,89908,96330,102752,109174,115596,122018,128440,table-of-6422,6421,/table-of-6421,6420,/table-of-6420,6419,/table-of-6419
6423,12846,19269,25692,32115,38538,44961,51384,57807,64230,70653,77076,83499,89922,96345,102768,109191,115614,122037,128460,table-of-6423,6422,/table-of-6422,6421,/table-of-6421,6420,/table-of-6420
6424,12848,19272,25696,32120,38544,44968,51392,57816,64240,70664,77088,83512,89936,96360,102784,109208,115632,122056,128480,table-of-6424,6423,/table-of-6423,6422,/table-of-6422,6421,/table-of-6421
6425,12850,19275,25700,32125,38550,44975,51400,57825,64250,70675,77100,83525,89950,96375,102800,109225,115650,122075,128500,table-of-6425,6424,/table-of-6424,6423,/table-of-6423,6422,/table-of-6422
6426,12852,19278,25704,32130,38556,44982,51408,57834,64260,70686,77112,83538,89964,96390,102816,109242,115668,122094,128520,table-of-6426,6425,/table-of-6425,6424,/table-of-6424,6423,/table-of-6423
6427,12854,19281,25708,32135,38562,44989,51416,57843,64270,70697,77124,83551,89978,96405,102832,109259,115686,122113,128540,table-of-6427,6426,/table-of-6426,6425,/table-of-6425,6424,/table-of-6424
6428,12856,19284,25712,32140,38568,44996,51424,57852,64280,70708,77136,83564,89992,96420,102848,109276,115704,122132,128560,table-of-6428,6427,/table-of-6427,6426,/table-of-6426,6425,/table-of-6425
6429,12858,19287,25716,32145,38574,45003,51432,57861,64290,70719,77148,83577,90006,96435,102864,109293,115722,122151,128580,table-of-6429,6428,/table-of-6428,6427,/table-of-6427,6426,/table-of-6426
6430,12860,19290,25720,32150,38580,45010,51440,57870,64300,70730,77160,83590,90020,96450,102880,109310,115740,122170,128600,table-of-6430,6429,/table-of-6429,6428,/table-of-6428,6427,/table-of-6427
6431,12862,19293,25724,32155,38586,45017,51448,57879,64310,70741,77172,83603,90034,96465,102896,109327,115758,122189,128620,table-of-6431,6430,/table-of-6430,6429,/table-of-6429,6428,/table-of-6428
6432,12864,19296,25728,32160,38592,45024,51456,57888,64320,70752,77184,83616,90048,96480,102912,109344,115776,122208,128640,table-of-6432,6431,/table-of-6431,6430,/table-of-6430,6429,/table-of-6429
6433,12866,19299,25732,32165,38598,45031,51464,57897,64330,70763,77196,83629,90062,96495,102928,109361,115794,122227,128660,table-of-6433,6432,/table-of-6432,6431,/table-of-6431,6430,/table-of-6430
6434,12868,19302,25736,32170,38604,45038,51472,57906,64340,70774,77208,83642,90076,96510,102944,109378,115812,122246,128680,table-of-6434,6433,/table-of-6433,6432,/table-of-6432,6431,/table-of-6431
6435,12870,19305,25740,32175,38610,45045,51480,57915,64350,70785,77220,83655,90090,96525,102960,109395,115830,122265,128700,table-of-6435,6434,/table-of-6434,6433,/table-of-6433,6432,/table-of-6432
6436,12872,19308,25744,32180,38616,45052,51488,57924,64360,70796,77232,83668,90104,96540,102976,109412,115848,122284,128720,table-of-6436,6435,/table-of-6435,6434,/table-of-6434,6433,/table-of-6433
6437,12874,19311,25748,32185,38622,45059,51496,57933,64370,70807,77244,83681,90118,96555,102992,109429,115866,122303,128740,table-of-6437,6436,/table-of-6436,6435,/table-of-6435,6434,/table-of-6434
6438,12876,19314,25752,32190,38628,45066,51504,57942,64380,70818,77256,83694,90132,96570,103008,109446,115884,122322,128760,table-of-6438,6437,/table-of-6437,6436,/table-of-6436,6435,/table-of-6435
6439,12878,19317,25756,32195,38634,45073,51512,57951,64390,70829,77268,83707,90146,96585,103024,109463,115902,122341,128780,table-of-6439,6438,/table-of-6438,6437,/table-of-6437,6436,/table-of-6436
6440,12880,19320,25760,32200,38640,45080,51520,57960,64400,70840,77280,83720,90160,96600,103040,109480,115920,122360,128800,table-of-6440,6439,/table-of-6439,6438,/table-of-6438,6437,/table-of-6437
6441,12882,19323,25764,32205,38646,45087,51528,57969,64410,70851,77292,83733,90174,96615,103056,109497,115938,122379,128820,table-of-6441,6440,/table-of-6440,6439,/table-of-6439,6438,/table-of-6438
6442,12884,19326,25768,32210,38652,45094,51536,57978,64420,70862,77304,83746,90188,96630,103072,109514,115956,122398,128840,table-of-6442,6441,/table-of-6441,6440,/table-of-6440,6439,/table-of-6439
6443,12886,19329,25772,32215,38658,45101,51544,57987,64430,70873,77316,83759,90202,96645,103088,109531,115974,122417,128860,table-of-6443,6442,/table-of-6442,6441,/table-of-6441,6440,/table-of-6440
6444,12888,19332,25776,32220,38664,45108,51552,57996,64440,70884,77328,83772,90216,96660,103104,109548,115992,122436,128880,table-of-6444,6443,/table-of-6443,6442,/table-of-6442,6441,/table-of-6441
6445,12890,19335,25780,32225,38670,45115,51560,58005,64450,70895,77340,83785,90230,96675,103120,109565,116010,122455,128900,table-of-6445,6444,/table-of-6444,6443,/table-of-6443,6442,/table-of-6442
6446,12892,19338,25784,32230,38676,45122,51568,58014,64460,70906,77352,83798,90244,96690,103136,109582,116028,122474,128920,table-of-6446,6445,/table-of-6445,6444,/table-of-6444,6443,/table-of-6443
6447,12894,19341,25788,32235,38682,45129,51576,58023,64470,70917,77364,83811,90258,96705,103152,109599,116046,122493,128940,table-of-6447,6446,/table-of-6446,6445,/table-of-6445,6444,/table-of-6444
6448,12896,19344,25792,32240,38688,45136,51584,58032,64480,70928,77376,83824,90272,96720,103168,109616,116064,122512,128960,table-of-6448,6447,/table-of-6447,6446,/table-of-6446,6445,/table-of-6445
6449,12898,19347,25796,32245,38694,45143,51592,58041,64490,70939,77388,83837,90286,96735,103184,109633,116082,122531,128980,table-of-6449,6448,/table-of-6448,6447,/table-of-6447,6446,/table-of-6446
6450,12900,19350,25800,32250,38700,45150,51600,58050,64500,70950,77400,83850,90300,96750,103200,109650,116100,122550,129000,table-of-6450,6449,/table-of-6449,6448,/table-of-6448,6447,/table-of-6447
6451,12902,19353,25804,32255,38706,45157,51608,58059,64510,70961,77412,83863,90314,96765,103216,109667,116118,122569,129020,table-of-6451,6450,/table-of-6450,6449,/table-of-6449,6448,/table-of-6448
6452,12904,19356,25808,32260,38712,45164,51616,58068,64520,70972,77424,83876,90328,96780,103232,109684,116136,122588,129040,table-of-6452,6451,/table-of-6451,6450,/table-of-6450,6449,/table-of-6449
6453,12906,19359,25812,32265,38718,45171,51624,58077,64530,70983,77436,83889,90342,96795,103248,109701,116154,122607,129060,table-of-6453,6452,/table-of-6452,6451,/table-of-6451,6450,/table-of-6450
6454,12908,19362,25816,32270,38724,45178,51632,58086,64540,70994,77448,83902,90356,96810,103264,109718,116172,122626,129080,table-of-6454,6453,/table-of-6453,6452,/table-of-6452,6451,/table-of-6451
6455,12910,19365,25820,32275,38730,45185,51640,58095,64550,71005,77460,83915,90370,96825,103280,109735,116190,122645,129100,table-of-6455,6454,/table-of-6454,6453,/table-of-6453,6452,/table-of-6452
6456,12912,19368,25824,32280,38736,45192,51648,58104,64560,71016,77472,83928,90384,96840,103296,109752,116208,122664,129120,table-of-6456,6455,/table-of-6455,6454,/table-of-6454,6453,/table-of-6453
6457,12914,19371,25828,32285,38742,45199,51656,58113,64570,71027,77484,83941,90398,96855,103312,109769,116226,122683,129140,table-of-6457,6456,/table-of-6456,6455,/table-of-6455,6454,/table-of-6454
6458,12916,19374,25832,32290,38748,45206,51664,58122,64580,71038,77496,83954,90412,96870,103328,109786,116244,122702,129160,table-of-6458,6457,/table-of-6457,6456,/table-of-6456,6455,/table-of-6455
6459,12918,19377,25836,32295,38754,45213,51672,58131,64590,71049,77508,83967,90426,96885,103344,109803,116262,122721,129180,table-of-6459,6458,/table-of-6458,6457,/table-of-6457,6456,/table-of-6456
6460,12920,19380,25840,32300,38760,45220,51680,58140,64600,71060,77520,83980,90440,96900,103360,109820,116280,122740,129200,table-of-6460,6459,/table-of-6459,6458,/table-of-6458,6457,/table-of-6457
6461,12922,19383,25844,32305,38766,45227,51688,58149,64610,71071,77532,83993,90454,96915,103376,109837,116298,122759,129220,table-of-6461,6460,/table-of-6460,6459,/table-of-6459,6458,/table-of-6458
6462,12924,19386,25848,32310,38772,45234,51696,58158,64620,71082,77544,84006,90468,96930,103392,109854,116316,122778,129240,table-of-6462,6461,/table-of-6461,6460,/table-of-6460,6459,/table-of-6459
6463,12926,19389,25852,32315,38778,45241,51704,58167,64630,71093,77556,84019,90482,96945,103408,109871,116334,122797,129260,table-of-6463,6462,/table-of-6462,6461,/table-of-6461,6460,/table-of-6460
6464,12928,19392,25856,32320,38784,45248,51712,58176,64640,71104,77568,84032,90496,96960,103424,109888,116352,122816,129280,table-of-6464,6463,/table-of-6463,6462,/table-of-6462,6461,/table-of-6461
6465,12930,19395,25860,32325,38790,45255,51720,58185,64650,71115,77580,84045,90510,96975,103440,109905,116370,122835,129300,table-of-6465,6464,/table-of-6464,6463,/table-of-6463,6462,/table-of-6462
6466,12932,19398,25864,32330,38796,45262,51728,58194,64660,71126,77592,84058,90524,96990,103456,109922,116388,122854,129320,table-of-6466,6465,/table-of-6465,6464,/table-of-6464,6463,/table-of-6463
6467,12934,19401,25868,32335,38802,45269,51736,58203,64670,71137,77604,84071,90538,97005,103472,109939,116406,122873,129340,table-of-6467,6466,/table-of-6466,6465,/table-of-6465,6464,/table-of-6464
6468,12936,19404,25872,32340,38808,45276,51744,58212,64680,71148,77616,84084,90552,97020,103488,109956,116424,122892,129360,table-of-6468,6467,/table-of-6467,6466,/table-of-6466,6465,/table-of-6465
6469,12938,19407,25876,32345,38814,45283,51752,58221,64690,71159,77628,84097,90566,97035,103504,109973,116442,122911,129380,table-of-6469,6468,/table-of-6468,6467,/table-of-6467,6466,/table-of-6466
6470,12940,19410,25880,32350,38820,45290,51760,58230,64700,71170,77640,84110,90580,97050,103520,109990,116460,122930,129400,table-of-6470,6469,/table-of-6469,6468,/table-of-6468,6467,/table-of-6467
6471,12942,19413,25884,32355,38826,45297,51768,58239,64710,71181,77652,84123,90594,97065,103536,110007,116478,122949,129420,table-of-6471,6470,/table-of-6470,6469,/table-of-6469,6468,/table-of-6468
6472,12944,19416,25888,32360,38832,45304,51776,58248,64720,71192,77664,84136,90608,97080,103552,110024,116496,122968,129440,table-of-6472,6471,/table-of-6471,6470,/table-of-6470,6469,/table-of-6469
6473,12946,19419,25892,32365,38838,45311,51784,58257,64730,71203,77676,84149,90622,97095,103568,110041,116514,122987,129460,table-of-6473,6472,/table-of-6472,6471,/table-of-6471,6470,/table-of-6470
6474,12948,19422,25896,32370,38844,45318,51792,58266,64740,71214,77688,84162,90636,97110,103584,110058,116532,123006,129480,table-of-6474,6473,/table-of-6473,6472,/table-of-6472,6471,/table-of-6471
6475,12950,19425,25900,32375,38850,45325,51800,58275,64750,71225,77700,84175,90650,97125,103600,110075,116550,123025,129500,table-of-6475,6474,/table-of-6474,6473,/table-of-6473,6472,/table-of-6472
6476,12952,19428,25904,32380,38856,45332,51808,58284,64760,71236,77712,84188,90664,97140,103616,110092,116568,123044,129520,table-of-6476,6475,/table-of-6475,6474,/table-of-6474,6473,/table-of-6473
6477,12954,19431,25908,32385,38862,45339,51816,58293,64770,71247,77724,84201,90678,97155,103632,110109,116586,123063,129540,table-of-6477,6476,/table-of-6476,6475,/table-of-6475,6474,/table-of-6474
6478,12956,19434,25912,32390,38868,45346,51824,58302,64780,71258,77736,84214,90692,97170,103648,110126,116604,123082,129560,table-of-6478,6477,/table-of-6477,6476,/table-of-6476,6475,/table-of-6475
6479,12958,19437,25916,32395,38874,45353,51832,58311,64790,71269,77748,84227,90706,97185,103664,110143,116622,123101,129580,table-of-6479,6478,/table-of-6478,6477,/table-of-6477,6476,/table-of-6476
6480,12960,19440,25920,32400,38880,45360,51840,58320,64800,71280,77760,84240,90720,97200,103680,110160,116640,123120,129600,table-of-6480,6479,/table-of-6479,6478,/table-of-6478,6477,/table-of-6477
6481,12962,19443,25924,32405,38886,45367,51848,58329,64810,71291,77772,84253,90734,97215,103696,110177,116658,123139,129620,table-of-6481,6480,/table-of-6480,6479,/table-of-6479,6478,/table-of-6478
6482,12964,19446,25928,32410,38892,45374,51856,58338,64820,71302,77784,84266,90748,97230,103712,110194,116676,123158,129640,table-of-6482,6481,/table-of-6481,6480,/table-of-6480,6479,/table-of-6479
6483,12966,19449,25932,32415,38898,45381,51864,58347,64830,71313,77796,84279,90762,97245,103728,110211,116694,123177,129660,table-of-6483,6482,/table-of-6482,6481,/table-of-6481,6480,/table-of-6480
6484,12968,19452,25936,32420,38904,45388,51872,58356,64840,71324,77808,84292,90776,97260,103744,110228,116712,123196,129680,table-of-6484,6483,/table-of-6483,6482,/table-of-6482,6481,/table-of-6481
6485,12970,19455,25940,32425,38910,45395,51880,58365,64850,71335,77820,84305,90790,97275,103760,110245,116730,123215,129700,table-of-6485,6484,/table-of-6484,6483,/table-of-6483,6482,/table-of-6482
6486,12972,19458,25944,32430,38916,45402,51888,58374,64860,71346,77832,84318,90804,97290,103776,110262,116748,123234,129720,table-of-6486,6485,/table-of-6485,6484,/table-of-6484,6483,/table-of-6483
6487,12974,19461,25948,32435,38922,45409,51896,58383,64870,71357,77844,84331,90818,97305,103792,110279,116766,123253,129740,table-of-6487,6486,/table-of-6486,6485,/table-of-6485,6484,/table-of-6484
6488,12976,19464,25952,32440,38928,45416,51904,58392,64880,71368,77856,84344,90832,97320,103808,110296,116784,123272,129760,table-of-6488,6487,/table-of-6487,6486,/table-of-6486,6485,/table-of-6485
6489,12978,19467,25956,32445,38934,45423,51912,58401,64890,71379,77868,84357,90846,97335,103824,110313,116802,123291,129780,table-of-6489,6488,/table-of-6488,6487,/table-of-6487,6486,/table-of-6486
6490,12980,19470,25960,32450,38940,45430,51920,58410,64900,71390,77880,84370,90860,97350,103840,110330,116820,123310,129800,table-of-6490,6489,/table-of-6489,6488,/table-of-6488,6487,/table-of-6487
6491,12982,19473,25964,32455,38946,45437,51928,58419,64910,71401,77892,84383,90874,97365,103856,110347,116838,123329,129820,table-of-6491,6490,/table-of-6490,6489,/table-of-6489,6488,/table-of-6488
6492,12984,19476,25968,32460,38952,45444,51936,58428,64920,71412,77904,84396,90888,97380,103872,110364,116856,123348,129840,table-of-6492,6491,/table-of-6491,6490,/table-of-6490,6489,/table-of-6489
6493,12986,19479,25972,32465,38958,45451,51944,58437,64930,71423,77916,84409,90902,97395,103888,110381,116874,123367,129860,table-of-6493,6492,/table-of-6492,6491,/table-of-6491,6490,/table-of-6490
6494,12988,19482,25976,32470,38964,45458,51952,58446,64940,71434,77928,84422,90916,97410,103904,110398,116892,123386,129880,table-of-6494,6493,/table-of-6493,6492,/table-of-6492,6491,/table-of-6491
6495,12990,19485,25980,32475,38970,45465,51960,58455,64950,71445,77940,84435,90930,97425,103920,110415,116910,123405,129900,table-of-6495,6494,/table-of-6494,6493,/table-of-6493,6492,/table-of-6492
6496,12992,19488,25984,32480,38976,45472,51968,58464,64960,71456,77952,84448,90944,97440,103936,110432,116928,123424,129920,table-of-6496,6495,/table-of-6495,6494,/table-of-6494,6493,/table-of-6493
6497,12994,19491,25988,32485,38982,45479,51976,58473,64970,71467,77964,84461,90958,97455,103952,110449,116946,123443,129940,table-of-6497,6496,/table-of-6496,6495,/table-of-6495,6494,/table-of-6494
6498,12996,19494,25992,32490,38988,45486,51984,58482,64980,71478,77976,84474,90972,97470,103968,110466,116964,123462,129960,table-of-6498,6497,/table-of-6497,6496,/table-of-6496,6495,/table-of-6495
6499,12998,19497,25996,32495,38994,45493,51992,58491,64990,71489,77988,84487,90986,97485,103984,110483,116982,123481,129980,table-of-6499,6498,/table-of-6498,6497,/table-of-6497,6496,/table-of-6496
6500,13000,19500,26000,32500,39000,45500,52000,58500,65000,71500,78000,84500,91000,97500,104000,110500,117000,123500,130000,table-of-6500,6499,/table-of-6499,6498,/table-of-6498,6497,/table-of-6497
6501,13002,19503,26004,32505,39006,45507,52008,58509,65010,71511,78012,84513,91014,97515,104016,110517,117018,123519,130020,table-of-6501,6500,/table-of-6500,6499,/table-of-6499,6498,/table-of-6498
6502,13004,19506,26008,32510,39012,45514,52016,58518,65020,71522,78024,84526,91028,97530,104032,110534,117036,123538,130040,table-of-6502,6501,/table-of-6501,6500,/table-of-6500,6499,/table-of-6499
6503,13006,19509,26012,32515,39018,45521,52024,58527,65030,71533,78036,84539,91042,97545,104048,110551,117054,123557,130060,table-of-6503,6502,/table-of-6502,6501,/table-of-6501,6500,/table-of-6500
6504,13008,19512,26016,32520,39024,45528,52032,58536,65040,71544,78048,84552,91056,97560,104064,110568,117072,123576,130080,table-of-6504,6503,/table-of-6503,6502,/table-of-6502,6501,/table-of-6501
6505,13010,19515,26020,32525,39030,45535,52040,58545,65050,71555,78060,84565,91070,97575,104080,110585,117090,123595,130100,table-of-6505,6504,/table-of-6504,6503,/table-of-6503,6502,/table-of-6502
6506,13012,19518,26024,32530,39036,45542,52048,58554,65060,71566,78072,84578,91084,97590,104096,110602,117108,123614,130120,table-of-6506,6505,/table-of-6505,6504,/table-of-6504,6503,/table-of-6503
6507,13014,19521,26028,32535,39042,45549,52056,58563,65070,71577,78084,84591,91098,97605,104112,110619,117126,123633,130140,table-of-6507,6506,/table-of-6506,6505,/table-of-6505,6504,/table-of-6504
6508,13016,19524,26032,32540,39048,45556,52064,58572,65080,71588,78096,84604,91112,97620,104128,110636,117144,123652,130160,table-of-6508,6507,/table-of-6507,6506,/table-of-6506,6505,/table-of-6505
6509,13018,19527,26036,32545,39054,45563,52072,58581,65090,71599,78108,84617,91126,97635,104144,110653,117162,123671,130180,table-of-6509,6508,/table-of-6508,6507,/table-of-6507,6506,/table-of-6506
6510,13020,19530,26040,32550,39060,45570,52080,58590,65100,71610,78120,84630,91140,97650,104160,110670,117180,123690,130200,table-of-6510,6509,/table-of-6509,6508,/table-of-6508,6507,/table-of-6507
6511,13022,19533,26044,32555,39066,45577,52088,58599,65110,71621,78132,84643,91154,97665,104176,110687,117198,123709,130220,table-of-6511,6510,/table-of-6510,6509,/table-of-6509,6508,/table-of-6508
6512,13024,19536,26048,32560,39072,45584,52096,58608,65120,71632,78144,84656,91168,97680,104192,110704,117216,123728,130240,table-of-6512,6511,/table-of-6511,6510,/table-of-6510,6509,/table-of-6509
6513,13026,19539,26052,32565,39078,45591,52104,58617,65130,71643,78156,84669,91182,97695,104208,110721,117234,123747,130260,table-of-6513,6512,/table-of-6512,6511,/table-of-6511,6510,/table-of-6510
6514,13028,19542,26056,32570,39084,45598,52112,58626,65140,71654,78168,84682,91196,97710,104224,110738,117252,123766,130280,table-of-6514,6513,/table-of-6513,6512,/table-of-6512,6511,/table-of-6511
6515,13030,19545,26060,32575,39090,45605,52120,58635,65150,71665,78180,84695,91210,97725,104240,110755,117270,123785,130300,table-of-6515,6514,/table-of-6514,6513,/table-of-6513,6512,/table-of-6512
6516,13032,19548,26064,32580,39096,45612,52128,58644,65160,71676,78192,84708,91224,97740,104256,110772,117288,123804,130320,table-of-6516,6515,/table-of-6515,6514,/table-of-6514,6513,/table-of-6513
6517,13034,19551,26068,32585,39102,45619,52136,58653,65170,71687,78204,84721,91238,97755,104272,110789,117306,123823,130340,table-of-6517,6516,/table-of-6516,6515,/table-of-6515,6514,/table-of-6514
6518,13036,19554,26072,32590,39108,45626,52144,58662,65180,71698,78216,84734,91252,97770,104288,110806,117324,123842,130360,table-of-6518,6517,/table-of-6517,6516,/table-of-6516,6515,/table-of-6515
6519,13038,19557,26076,32595,39114,45633,52152,58671,65190,71709,78228,84747,91266,97785,104304,110823,117342,123861,130380,table-of-6519,6518,/table-of-6518,6517,/table-of-6517,6516,/table-of-6516
6520,13040,19560,26080,32600,39120,45640,52160,58680,65200,71720,78240,84760,91280,97800,104320,110840,117360,123880,130400,table-of-6520,6519,/table-of-6519,6518,/table-of-6518,6517,/table-of-6517
6521,13042,19563,26084,32605,39126,45647,52168,58689,65210,71731,78252,84773,91294,97815,104336,110857,117378,123899,130420,table-of-6521,6520,/table-of-6520,6519,/table-of-6519,6518,/table-of-6518
6522,13044,19566,26088,32610,39132,45654,52176,58698,65220,71742,78264,84786,91308,97830,104352,110874,117396,123918,130440,table-of-6522,6521,/table-of-6521,6520,/table-of-6520,6519,/table-of-6519
6523,13046,19569,26092,32615,39138,45661,52184,58707,65230,71753,78276,84799,91322,97845,104368,110891,117414,123937,130460,table-of-6523,6522,/table-of-6522,6521,/table-of-6521,6520,/table-of-6520
6524,13048,19572,26096,32620,39144,45668,52192,58716,65240,71764,78288,84812,91336,97860,104384,110908,117432,123956,130480,table-of-6524,6523,/table-of-6523,6522,/table-of-6522,6521,/table-of-6521
6525,13050,19575,26100,32625,39150,45675,52200,58725,65250,71775,78300,84825,91350,97875,104400,110925,117450,123975,130500,table-of-6525,6524,/table-of-6524,6523,/table-of-6523,6522,/table-of-6522
6526,13052,19578,26104,32630,39156,45682,52208,58734,65260,71786,78312,84838,91364,97890,104416,110942,117468,123994,130520,table-of-6526,6525,/table-of-6525,6524,/table-of-6524,6523,/table-of-6523
6527,13054,19581,26108,32635,39162,45689,52216,58743,65270,71797,78324,84851,91378,97905,104432,110959,117486,124013,130540,table-of-6527,6526,/table-of-6526,6525,/table-of-6525,6524,/table-of-6524
6528,13056,19584,26112,32640,39168,45696,52224,58752,65280,71808,78336,84864,91392,97920,104448,110976,117504,124032,130560,table-of-6528,6527,/table-of-6527,6526,/table-of-6526,6525,/table-of-6525
6529,13058,19587,26116,32645,39174,45703,52232,58761,65290,71819,78348,84877,91406,97935,104464,110993,117522,124051,130580,table-of-6529,6528,/table-of-6528,6527,/table-of-6527,6526,/table-of-6526
6530,13060,19590,26120,32650,39180,45710,52240,58770,65300,71830,78360,84890,91420,97950,104480,111010,117540,124070,130600,table-of-6530,6529,/table-of-6529,6528,/table-of-6528,6527,/table-of-6527
6531,13062,19593,26124,32655,39186,45717,52248,58779,65310,71841,78372,84903,91434,97965,104496,111027,117558,124089,130620,table-of-6531,6530,/table-of-6530,6529,/table-of-6529,6528,/table-of-6528
6532,13064,19596,26128,32660,39192,45724,52256,58788,65320,71852,78384,84916,91448,97980,104512,111044,117576,124108,130640,table-of-6532,6531,/table-of-6531,6530,/table-of-6530,6529,/table-of-6529
6533,13066,19599,26132,32665,39198,45731,52264,58797,65330,71863,78396,84929,91462,97995,104528,111061,117594,124127,130660,table-of-6533,6532,/table-of-6532,6531,/table-of-6531,6530,/table-of-6530
6534,13068,19602,26136,32670,39204,45738,52272,58806,65340,71874,78408,84942,91476,98010,104544,111078,117612,124146,130680,table-of-6534,6533,/table-of-6533,6532,/table-of-6532,6531,/table-of-6531
6535,13070,19605,26140,32675,39210,45745,52280,58815,65350,71885,78420,84955,91490,98025,104560,111095,117630,124165,130700,table-of-6535,6534,/table-of-6534,6533,/table-of-6533,6532,/table-of-6532
6536,13072,19608,26144,32680,39216,45752,52288,58824,65360,71896,78432,84968,91504,98040,104576,111112,117648,124184,130720,table-of-6536,6535,/table-of-6535,6534,/table-of-6534,6533,/table-of-6533
6537,13074,19611,26148,32685,39222,45759,52296,58833,65370,71907,78444,84981,91518,98055,104592,111129,117666,124203,130740,table-of-6537,6536,/table-of-6536,6535,/table-of-6535,6534,/table-of-6534
6538,13076,19614,26152,32690,39228,45766,52304,58842,65380,71918,78456,84994,91532,98070,104608,111146,117684,124222,130760,table-of-6538,6537,/table-of-6537,6536,/table-of-6536,6535,/table-of-6535
6539,13078,19617,26156,32695,39234,45773,52312,58851,65390,71929,78468,85007,91546,98085,104624,111163,117702,124241,130780,table-of-6539,6538,/table-of-6538,6537,/table-of-6537,6536,/table-of-6536
6540,13080,19620,26160,32700,39240,45780,52320,58860,65400,71940,78480,85020,91560,98100,104640,111180,117720,124260,130800,table-of-6540,6539,/table-of-6539,6538,/table-of-6538,6537,/table-of-6537
6541,13082,19623,26164,32705,39246,45787,52328,58869,65410,71951,78492,85033,91574,98115,104656,111197,117738,124279,130820,table-of-6541,6540,/table-of-6540,6539,/table-of-6539,6538,/table-of-6538
6542,13084,19626,26168,32710,39252,45794,52336,58878,65420,71962,78504,85046,91588,98130,104672,111214,117756,124298,130840,table-of-6542,6541,/table-of-6541,6540,/table-of-6540,6539,/table-of-6539
6543,13086,19629,26172,32715,39258,45801,52344,58887,65430,71973,78516,85059,91602,98145,104688,111231,117774,124317,130860,table-of-6543,6542,/table-of-6542,6541,/table-of-6541,6540,/table-of-6540
6544,13088,19632,26176,32720,39264,45808,52352,58896,65440,71984,78528,85072,91616,98160,104704,111248,117792,124336,130880,table-of-6544,6543,/table-of-6543,6542,/table-of-6542,6541,/table-of-6541
6545,13090,19635,26180,32725,39270,45815,52360,58905,65450,71995,78540,85085,91630,98175,104720,111265,117810,124355,130900,table-of-6545,6544,/table-of-6544,6543,/table-of-6543,6542,/table-of-6542
6546,13092,19638,26184,32730,39276,45822,52368,58914,65460,72006,78552,85098,91644,98190,104736,111282,117828,124374,130920,table-of-6546,6545,/table-of-6545,6544,/table-of-6544,6543,/table-of-6543
6547,13094,19641,26188,32735,39282,45829,52376,58923,65470,72017,78564,85111,91658,98205,104752,111299,117846,124393,130940,table-of-6547,6546,/table-of-6546,6545,/table-of-6545,6544,/table-of-6544
6548,13096,19644,26192,32740,39288,45836,52384,58932,65480,72028,78576,85124,91672,98220,104768,111316,117864,124412,130960,table-of-6548,6547,/table-of-6547,6546,/table-of-6546,6545,/table-of-6545
6549,13098,19647,26196,32745,39294,45843,52392,58941,65490,72039,78588,85137,91686,98235,104784,111333,117882,124431,130980,table-of-6549,6548,/table-of-6548,6547,/table-of-6547,6546,/table-of-6546
6550,13100,19650,26200,32750,39300,45850,52400,58950,65500,72050,78600,85150,91700,98250,104800,111350,117900,124450,131000,table-of-6550,6549,/table-of-6549,6548,/table-of-6548,6547,/table-of-6547
6551,13102,19653,26204,32755,39306,45857,52408,58959,65510,72061,78612,85163,91714,98265,104816,111367,117918,124469,131020,table-of-6551,6550,/table-of-6550,6549,/table-of-6549,6548,/table-of-6548
6552,13104,19656,26208,32760,39312,45864,52416,58968,65520,72072,78624,85176,91728,98280,104832,111384,117936,124488,131040,table-of-6552,6551,/table-of-6551,6550,/table-of-6550,6549,/table-of-6549
6553,13106,19659,26212,32765,39318,45871,52424,58977,65530,72083,78636,85189,91742,98295,104848,111401,117954,124507,131060,table-of-6553,6552,/table-of-6552,6551,/table-of-6551,6550,/table-of-6550
6554,13108,19662,26216,32770,39324,45878,52432,58986,65540,72094,78648,85202,91756,98310,104864,111418,117972,124526,131080,table-of-6554,6553,/table-of-6553,6552,/table-of-6552,6551,/table-of-6551
6555,13110,19665,26220,32775,39330,45885,52440,58995,65550,72105,78660,85215,91770,98325,104880,111435,117990,124545,131100,table-of-6555,6554,/table-of-6554,6553,/table-of-6553,6552,/table-of-6552
6556,13112,19668,26224,32780,39336,45892,52448,59004,65560,72116,78672,85228,91784,98340,104896,111452,118008,124564,131120,table-of-6556,6555,/table-of-6555,6554,/table-of-6554,6553,/table-of-6553
6557,13114,19671,26228,32785,39342,45899,52456,59013,65570,72127,78684,85241,91798,98355,104912,111469,118026,124583,131140,table-of-6557,6556,/table-of-6556,6555,/table-of-6555,6554,/table-of-6554
6558,13116,19674,26232,32790,39348,45906,52464,59022,65580,72138,78696,85254,91812,98370,104928,111486,118044,124602,131160,table-of-6558,6557,/table-of-6557,6556,/table-of-6556,6555,/table-of-6555
6559,13118,19677,26236,32795,39354,45913,52472,59031,65590,72149,78708,85267,91826,98385,104944,111503,118062,124621,131180,table-of-6559,6558,/table-of-6558,6557,/table-of-6557,6556,/table-of-6556
6560,13120,19680,26240,32800,39360,45920,52480,59040,65600,72160,78720,85280,91840,98400,104960,111520,118080,124640,131200,table-of-6560,6559,/table-of-6559,6558,/table-of-6558,6557,/table-of-6557
6561,13122,19683,26244,32805,39366,45927,52488,59049,65610,72171,78732,85293,91854,98415,104976,111537,118098,124659,131220,table-of-6561,6560,/table-of-6560,6559,/table-of-6559,6558,/table-of-6558
6562,13124,19686,26248,32810,39372,45934,52496,59058,65620,72182,78744,85306,91868,98430,104992,111554,118116,124678,131240,table-of-6562,6561,/table-of-6561,6560,/table-of-6560,6559,/table-of-6559
6563,13126,19689,26252,32815,39378,45941,52504,59067,65630,72193,78756,85319,91882,98445,105008,111571,118134,124697,131260,table-of-6563,6562,/table-of-6562,6561,/table-of-6561,6560,/table-of-6560
6564,13128,19692,26256,32820,39384,45948,52512,59076,65640,72204,78768,85332,91896,98460,105024,111588,118152,124716,131280,table-of-6564,6563,/table-of-6563,6562,/table-of-6562,6561,/table-of-6561
6565,13130,19695,26260,32825,39390,45955,52520,59085,65650,72215,78780,85345,91910,98475,105040,111605,118170,124735,131300,table-of-6565,6564,/table-of-6564,6563,/table-of-6563,6562,/table-of-6562
6566,13132,19698,26264,32830,39396,45962,52528,59094,65660,72226,78792,85358,91924,98490,105056,111622,118188,124754,131320,table-of-6566,6565,/table-of-6565,6564,/table-of-6564,6563,/table-of-6563
6567,13134,19701,26268,32835,39402,45969,52536,59103,65670,72237,78804,85371,91938,98505,105072,111639,118206,124773,131340,table-of-6567,6566,/table-of-6566,6565,/table-of-6565,6564,/table-of-6564
6568,13136,19704,26272,32840,39408,45976,52544,59112,65680,72248,78816,85384,91952,98520,105088,111656,118224,124792,131360,table-of-6568,6567,/table-of-6567,6566,/table-of-6566,6565,/table-of-6565
6569,13138,19707,26276,32845,39414,45983,52552,59121,65690,72259,78828,85397,91966,98535,105104,111673,118242,124811,131380,table-of-6569,6568,/table-of-6568,6567,/table-of-6567,6566,/table-of-6566
6570,13140,19710,26280,32850,39420,45990,52560,59130,65700,72270,78840,85410,91980,98550,105120,111690,118260,124830,131400,table-of-6570,6569,/table-of-6569,6568,/table-of-6568,6567,/table-of-6567
6571,13142,19713,26284,32855,39426,45997,52568,59139,65710,72281,78852,85423,91994,98565,105136,111707,118278,124849,131420,table-of-6571,6570,/table-of-6570,6569,/table-of-6569,6568,/table-of-6568
6572,13144,19716,26288,32860,39432,46004,52576,59148,65720,72292,78864,85436,92008,98580,105152,111724,118296,124868,131440,table-of-6572,6571,/table-of-6571,6570,/table-of-6570,6569,/table-of-6569
6573,13146,19719,26292,32865,39438,46011,52584,59157,65730,72303,78876,85449,92022,98595,105168,111741,118314,124887,131460,table-of-6573,6572,/table-of-6572,6571,/table-of-6571,6570,/table-of-6570
6574,13148,19722,26296,32870,39444,46018,52592,59166,65740,72314,78888,85462,92036,98610,105184,111758,118332,124906,131480,table-of-6574,6573,/table-of-6573,6572,/table-of-6572,6571,/table-of-6571
6575,13150,19725,26300,32875,39450,46025,52600,59175,65750,72325,78900,85475,92050,98625,105200,111775,118350,124925,131500,table-of-6575,6574,/table-of-6574,6573,/table-of-6573,6572,/table-of-6572
6576,13152,19728,26304,32880,39456,46032,52608,59184,65760,72336,78912,85488,92064,98640,105216,111792,118368,124944,131520,table-of-6576,6575,/table-of-6575,6574,/table-of-6574,6573,/table-of-6573
6577,13154,19731,26308,32885,39462,46039,52616,59193,65770,72347,78924,85501,92078,98655,105232,111809,118386,124963,131540,table-of-6577,6576,/table-of-6576,6575,/table-of-6575,6574,/table-of-6574
6578,13156,19734,26312,32890,39468,46046,52624,59202,65780,72358,78936,85514,92092,98670,105248,111826,118404,124982,131560,table-of-6578,6577,/table-of-6577,6576,/table-of-6576,6575,/table-of-6575
6579,13158,19737,26316,32895,39474,46053,52632,59211,65790,72369,78948,85527,92106,98685,105264,111843,118422,125001,131580,table-of-6579,6578,/table-of-6578,6577,/table-of-6577,6576,/table-of-6576
6580,13160,19740,26320,32900,39480,46060,52640,59220,65800,72380,78960,85540,92120,98700,105280,111860,118440,125020,131600,table-of-6580,6579,/table-of-6579,6578,/table-of-6578,6577,/table-of-6577
6581,13162,19743,26324,32905,39486,46067,52648,59229,65810,72391,78972,85553,92134,98715,105296,111877,118458,125039,131620,table-of-6581,6580,/table-of-6580,6579,/table-of-6579,6578,/table-of-6578
6582,13164,19746,26328,32910,39492,46074,52656,59238,65820,72402,78984,85566,92148,98730,105312,111894,118476,125058,131640,table-of-6582,6581,/table-of-6581,6580,/table-of-6580,6579,/table-of-6579
6583,13166,19749,26332,32915,39498,46081,52664,59247,65830,72413,78996,85579,92162,98745,105328,111911,118494,125077,131660,table-of-6583,6582,/table-of-6582,6581,/table-of-6581,6580,/table-of-6580
6584,13168,19752,26336,32920,39504,46088,52672,59256,65840,72424,79008,85592,92176,98760,105344,111928,118512,125096,131680,table-of-6584,6583,/table-of-6583,6582,/table-of-6582,6581,/table-of-6581
6585,13170,19755,26340,32925,39510,46095,52680,59265,65850,72435,79020,85605,92190,98775,105360,111945,118530,125115,131700,table-of-6585,6584,/table-of-6584,6583,/table-of-6583,6582,/table-of-6582
6586,13172,19758,26344,32930,39516,46102,52688,59274,65860,72446,79032,85618,92204,98790,105376,111962,118548,125134,131720,table-of-6586,6585,/table-of-6585,6584,/table-of-6584,6583,/table-of-6583
6587,13174,19761,26348,32935,39522,46109,52696,59283,65870,72457,79044,85631,92218,98805,105392,111979,118566,125153,131740,table-of-6587,6586,/table-of-6586,6585,/table-of-6585,6584,/table-of-6584
6588,13176,19764,26352,32940,39528,46116,52704,59292,65880,72468,79056,85644,92232,98820,105408,111996,118584,125172,131760,table-of-6588,6587,/table-of-6587,6586,/table-of-6586,6585,/table-of-6585
6589,13178,19767,26356,32945,39534,46123,52712,59301,65890,72479,79068,85657,92246,98835,105424,112013,118602,125191,131780,table-of-6589,6588,/table-of-6588,6587,/table-of-6587,6586,/table-of-6586
6590,13180,19770,26360,32950,39540,46130,52720,59310,65900,72490,79080,85670,92260,98850,105440,112030,118620,125210,131800,table-of-6590,6589,/table-of-6589,6588,/table-of-6588,6587,/table-of-6587
6591,13182,19773,26364,32955,39546,46137,52728,59319,65910,72501,79092,85683,92274,98865,105456,112047,118638,125229,131820,table-of-6591,6590,/table-of-6590,6589,/table-of-6589,6588,/table-of-6588
6592,13184,19776,26368,32960,39552,46144,52736,59328,65920,72512,79104,85696,92288,98880,105472,112064,118656,125248,131840,table-of-6592,6591,/table-of-6591,6590,/table-of-6590,6589,/table-of-6589
6593,13186,19779,26372,32965,39558,46151,52744,59337,65930,72523,79116,85709,92302,98895,105488,112081,118674,125267,131860,table-of-6593,6592,/table-of-6592,6591,/table-of-6591,6590,/table-of-6590
6594,13188,19782,26376,32970,39564,46158,52752,59346,65940,72534,79128,85722,92316,98910,105504,112098,118692,125286,131880,table-of-6594,6593,/table-of-6593,6592,/table-of-6592,6591,/table-of-6591
6595,13190,19785,26380,32975,39570,46165,52760,59355,65950,72545,79140,85735,92330,98925,105520,112115,118710,125305,131900,table-of-6595,6594,/table-of-6594,6593,/table-of-6593,6592,/table-of-6592
6596,13192,19788,26384,32980,39576,46172,52768,59364,65960,72556,79152,85748,92344,98940,105536,112132,118728,125324,131920,table-of-6596,6595,/table-of-6595,6594,/table-of-6594,6593,/table-of-6593
6597,13194,19791,26388,32985,39582,46179,52776,59373,65970,72567,79164,85761,92358,98955,105552,112149,118746,125343,131940,table-of-6597,6596,/table-of-6596,6595,/table-of-6595,6594,/table-of-6594
6598,13196,19794,26392,32990,39588,46186,52784,59382,65980,72578,79176,85774,92372,98970,105568,112166,118764,125362,131960,table-of-6598,6597,/table-of-6597,6596,/table-of-6596,6595,/table-of-6595
6599,13198,19797,26396,32995,39594,46193,52792,59391,65990,72589,79188,85787,92386,98985,105584,112183,118782,125381,131980,table-of-6599,6598,/table-of-6598,6597,/table-of-6597,6596,/table-of-6596
6600,13200,19800,26400,33000,39600,46200,52800,59400,66000,72600,79200,85800,92400,99000,105600,112200,118800,125400,132000,table-of-6600,6599,/table-of-6599,6598,/table-of-6598,6597,/table-of-6597
6601,13202,19803,26404,33005,39606,46207,52808,59409,66010,72611,79212,85813,92414,99015,105616,112217,118818,125419,132020,table-of-6601,6600,/table-of-6600,6599,/table-of-6599,6598,/table-of-6598
6602,13204,19806,26408,33010,39612,46214,52816,59418,66020,72622,79224,85826,92428,99030,105632,112234,118836,125438,132040,table-of-6602,6601,/table-of-6601,6600,/table-of-6600,6599,/table-of-6599
6603,13206,19809,26412,33015,39618,46221,52824,59427,66030,72633,79236,85839,92442,99045,105648,112251,118854,125457,132060,table-of-6603,6602,/table-of-6602,6601,/table-of-6601,6600,/table-of-6600
6604,13208,19812,26416,33020,39624,46228,52832,59436,66040,72644,79248,85852,92456,99060,105664,112268,118872,125476,132080,table-of-6604,6603,/table-of-6603,6602,/table-of-6602,6601,/table-of-6601
6605,13210,19815,26420,33025,39630,46235,52840,59445,66050,72655,79260,85865,92470,99075,105680,112285,118890,125495,132100,table-of-6605,6604,/table-of-6604,6603,/table-of-6603,6602,/table-of-6602
6606,13212,19818,26424,33030,39636,46242,52848,59454,66060,72666,79272,85878,92484,99090,105696,112302,118908,125514,132120,table-of-6606,6605,/table-of-6605,6604,/table-of-6604,6603,/table-of-6603
6607,13214,19821,26428,33035,39642,46249,52856,59463,66070,72677,79284,85891,92498,99105,105712,112319,118926,125533,132140,table-of-6607,6606,/table-of-6606,6605,/table-of-6605,6604,/table-of-6604
6608,13216,19824,26432,33040,39648,46256,52864,59472,66080,72688,79296,85904,92512,99120,105728,112336,118944,125552,132160,table-of-6608,6607,/table-of-6607,6606,/table-of-6606,6605,/table-of-6605
6609,13218,19827,26436,33045,39654,46263,52872,59481,66090,72699,79308,85917,92526,99135,105744,112353,118962,125571,132180,table-of-6609,6608,/table-of-6608,6607,/table-of-6607,6606,/table-of-6606
6610,13220,19830,26440,33050,39660,46270,52880,59490,66100,72710,79320,85930,92540,99150,105760,112370,118980,125590,132200,table-of-6610,6609,/table-of-6609,6608,/table-of-6608,6607,/table-of-6607
6611,13222,19833,26444,33055,39666,46277,52888,59499,66110,72721,79332,85943,92554,99165,105776,112387,118998,125609,132220,table-of-6611,6610,/table-of-6610,6609,/table-of-6609,6608,/table-of-6608
6612,13224,19836,26448,33060,39672,46284,52896,59508,66120,72732,79344,85956,92568,99180,105792,112404,119016,125628,132240,table-of-6612,6611,/table-of-6611,6610,/table-of-6610,6609,/table-of-6609
6613,13226,19839,26452,33065,39678,46291,52904,59517,66130,72743,79356,85969,92582,99195,105808,112421,119034,125647,132260,table-of-6613,6612,/table-of-6612,6611,/table-of-6611,6610,/table-of-6610
6614,13228,19842,26456,33070,39684,46298,52912,59526,66140,72754,79368,85982,92596,99210,105824,112438,119052,125666,132280,table-of-6614,6613,/table-of-6613,6612,/table-of-6612,6611,/table-of-6611
6615,13230,19845,26460,33075,39690,46305,52920,59535,66150,72765,79380,85995,92610,99225,105840,112455,119070,125685,132300,table-of-6615,6614,/table-of-6614,6613,/table-of-6613,6612,/table-of-6612
6616,13232,19848,26464,33080,39696,46312,52928,59544,66160,72776,79392,86008,92624,99240,105856,112472,119088,125704,132320,table-of-6616,6615,/table-of-6615,6614,/table-of-6614,6613,/table-of-6613
6617,13234,19851,26468,33085,39702,46319,52936,59553,66170,72787,79404,86021,92638,99255,105872,112489,119106,125723,132340,table-of-6617,6616,/table-of-6616,6615,/table-of-6615,6614,/table-of-6614
6618,13236,19854,26472,33090,39708,46326,52944,59562,66180,72798,79416,86034,92652,99270,105888,112506,119124,125742,132360,table-of-6618,6617,/table-of-6617,6616,/table-of-6616,6615,/table-of-6615
6619,13238,19857,26476,33095,39714,46333,52952,59571,66190,72809,79428,86047,92666,99285,105904,112523,119142,125761,132380,table-of-6619,6618,/table-of-6618,6617,/table-of-6617,6616,/table-of-6616
6620,13240,19860,26480,33100,39720,46340,52960,59580,66200,72820,79440,86060,92680,99300,105920,112540,119160,125780,132400,table-of-6620,6619,/table-of-6619,6618,/table-of-6618,6617,/table-of-6617
6621,13242,19863,26484,33105,39726,46347,52968,59589,66210,72831,79452,86073,92694,99315,105936,112557,119178,125799,132420,table-of-6621,6620,/table-of-6620,6619,/table-of-6619,6618,/table-of-6618
6622,13244,19866,26488,33110,39732,46354,52976,59598,66220,72842,79464,86086,92708,99330,105952,112574,119196,125818,132440,table-of-6622,6621,/table-of-6621,6620,/table-of-6620,6619,/table-of-6619
6623,13246,19869,26492,33115,39738,46361,52984,59607,66230,72853,79476,86099,92722,99345,105968,112591,119214,125837,132460,table-of-6623,6622,/table-of-6622,6621,/table-of-6621,6620,/table-of-6620
6624,13248,19872,26496,33120,39744,46368,52992,59616,66240,72864,79488,86112,92736,99360,105984,112608,119232,125856,132480,table-of-6624,6623,/table-of-6623,6622,/table-of-6622,6621,/table-of-6621
6625,13250,19875,26500,33125,39750,46375,53000,59625,66250,72875,79500,86125,92750,99375,106000,112625,119250,125875,132500,table-of-6625,6624,/table-of-6624,6623,/table-of-6623,6622,/table-of-6622
6626,13252,19878,26504,33130,39756,46382,53008,59634,66260,72886,79512,86138,92764,99390,106016,112642,119268,125894,132520,table-of-6626,6625,/table-of-6625,6624,/table-of-6624,6623,/table-of-6623
6627,13254,19881,26508,33135,39762,46389,53016,59643,66270,72897,79524,86151,92778,99405,106032,112659,119286,125913,132540,table-of-6627,6626,/table-of-6626,6625,/table-of-6625,6624,/table-of-6624
6628,13256,19884,26512,33140,39768,46396,53024,59652,66280,72908,79536,86164,92792,99420,106048,112676,119304,125932,132560,table-of-6628,6627,/table-of-6627,6626,/table-of-6626,6625,/table-of-6625
6629,13258,19887,26516,33145,39774,46403,53032,59661,66290,72919,79548,86177,92806,99435,106064,112693,119322,125951,132580,table-of-6629,6628,/table-of-6628,6627,/table-of-6627,6626,/table-of-6626
6630,13260,19890,26520,33150,39780,46410,53040,59670,66300,72930,79560,86190,92820,99450,106080,112710,119340,125970,132600,table-of-6630,6629,/table-of-6629,6628,/table-of-6628,6627,/table-of-6627
6631,13262,19893,26524,33155,39786,46417,53048,59679,66310,72941,79572,86203,92834,99465,106096,112727,119358,125989,132620,table-of-6631,6630,/table-of-6630,6629,/table-of-6629,6628,/table-of-6628
6632,13264,19896,26528,33160,39792,46424,53056,59688,66320,72952,79584,86216,92848,99480,106112,112744,119376,126008,132640,table-of-6632,6631,/table-of-6631,6630,/table-of-6630,6629,/table-of-6629
6633,13266,19899,26532,33165,39798,46431,53064,59697,66330,72963,79596,86229,92862,99495,106128,112761,119394,126027,132660,table-of-6633,6632,/table-of-6632,6631,/table-of-6631,6630,/table-of-6630
6634,13268,19902,26536,33170,39804,46438,53072,59706,66340,72974,79608,86242,92876,99510,106144,112778,119412,126046,132680,table-of-6634,6633,/table-of-6633,6632,/table-of-6632,6631,/table-of-6631
6635,13270,19905,26540,33175,39810,46445,53080,59715,66350,72985,79620,86255,92890,99525,106160,112795,119430,126065,132700,table-of-6635,6634,/table-of-6634,6633,/table-of-6633,6632,/table-of-6632
6636,13272,19908,26544,33180,39816,46452,53088,59724,66360,72996,79632,86268,92904,99540,106176,112812,119448,126084,132720,table-of-6636,6635,/table-of-6635,6634,/table-of-6634,6633,/table-of-6633
6637,13274,19911,26548,33185,39822,46459,53096,59733,66370,73007,79644,86281,92918,99555,106192,112829,119466,126103,132740,table-of-6637,6636,/table-of-6636,6635,/table-of-6635,6634,/table-of-6634
6638,13276,19914,26552,33190,39828,46466,53104,59742,66380,73018,79656,86294,92932,99570,106208,112846,119484,126122,132760,table-of-6638,6637,/table-of-6637,6636,/table-of-6636,6635,/table-of-6635
6639,13278,19917,26556,33195,39834,46473,53112,59751,66390,73029,79668,86307,92946,99585,106224,112863,119502,126141,132780,table-of-6639,6638,/table-of-6638,6637,/table-of-6637,6636,/table-of-6636
6640,13280,19920,26560,33200,39840,46480,53120,59760,66400,73040,79680,86320,92960,99600,106240,112880,119520,126160,132800,table-of-6640,6639,/table-of-6639,6638,/table-of-6638,6637,/table-of-6637
6641,13282,19923,26564,33205,39846,46487,53128,59769,66410,73051,79692,86333,92974,99615,106256,112897,119538,126179,132820,table-of-6641,6640,/table-of-6640,6639,/table-of-6639,6638,/table-of-6638
6642,13284,19926,26568,33210,39852,46494,53136,59778,66420,73062,79704,86346,92988,99630,106272,112914,119556,126198,132840,table-of-6642,6641,/table-of-6641,6640,/table-of-6640,6639,/table-of-6639
6643,13286,19929,26572,33215,39858,46501,53144,59787,66430,73073,79716,86359,93002,99645,106288,112931,119574,126217,132860,table-of-6643,6642,/table-of-6642,6641,/table-of-6641,6640,/table-of-6640
6644,13288,19932,26576,33220,39864,46508,53152,59796,66440,73084,79728,86372,93016,99660,106304,112948,119592,126236,132880,table-of-6644,6643,/table-of-6643,6642,/table-of-6642,6641,/table-of-6641
6645,13290,19935,26580,33225,39870,46515,53160,59805,66450,73095,79740,86385,93030,99675,106320,112965,119610,126255,132900,table-of-6645,6644,/table-of-6644,6643,/table-of-6643,6642,/table-of-6642
6646,13292,19938,26584,33230,39876,46522,53168,59814,66460,73106,79752,86398,93044,99690,106336,112982,119628,126274,132920,table-of-6646,6645,/table-of-6645,6644,/table-of-6644,6643,/table-of-6643
6647,13294,19941,26588,33235,39882,46529,53176,59823,66470,73117,79764,86411,93058,99705,106352,112999,119646,126293,132940,table-of-6647,6646,/table-of-6646,6645,/table-of-6645,6644,/table-of-6644
6648,13296,19944,26592,33240,39888,46536,53184,59832,66480,73128,79776,86424,93072,99720,106368,113016,119664,126312,132960,table-of-6648,6647,/table-of-6647,6646,/table-of-6646,6645,/table-of-6645
6649,13298,19947,26596,33245,39894,46543,53192,59841,66490,73139,79788,86437,93086,99735,106384,113033,119682,126331,132980,table-of-6649,6648,/table-of-6648,6647,/table-of-6647,6646,/table-of-6646
6650,13300,19950,26600,33250,39900,46550,53200,59850,66500,73150,79800,86450,93100,99750,106400,113050,119700,126350,133000,table-of-6650,6649,/table-of-6649,6648,/table-of-6648,6647,/table-of-6647
6651,13302,19953,26604,33255,39906,46557,53208,59859,66510,73161,79812,86463,93114,99765,106416,113067,119718,126369,133020,table-of-6651,6650,/table-of-6650,6649,/table-of-6649,6648,/table-of-6648
6652,13304,19956,26608,33260,39912,46564,53216,59868,66520,73172,79824,86476,93128,99780,106432,113084,119736,126388,133040,table-of-6652,6651,/table-of-6651,6650,/table-of-6650,6649,/table-of-6649
6653,13306,19959,26612,33265,39918,46571,53224,59877,66530,73183,79836,86489,93142,99795,106448,113101,119754,126407,133060,table-of-6653,6652,/table-of-6652,6651,/table-of-6651,6650,/table-of-6650
6654,13308,19962,26616,33270,39924,46578,53232,59886,66540,73194,79848,86502,93156,99810,106464,113118,119772,126426,133080,table-of-6654,6653,/table-of-6653,6652,/table-of-6652,6651,/table-of-6651
6655,13310,19965,26620,33275,39930,46585,53240,59895,66550,73205,79860,86515,93170,99825,106480,113135,119790,126445,133100,table-of-6655,6654,/table-of-6654,6653,/table-of-6653,6652,/table-of-6652
6656,13312,19968,26624,33280,39936,46592,53248,59904,66560,73216,79872,86528,93184,99840,106496,113152,119808,126464,133120,table-of-6656,6655,/table-of-6655,6654,/table-of-6654,6653,/table-of-6653
6657,13314,19971,26628,33285,39942,46599,53256,59913,66570,73227,79884,86541,93198,99855,106512,113169,119826,126483,133140,table-of-6657,6656,/table-of-6656,6655,/table-of-6655,6654,/table-of-6654
6658,13316,19974,26632,33290,39948,46606,53264,59922,66580,73238,79896,86554,93212,99870,106528,113186,119844,126502,133160,table-of-6658,6657,/table-of-6657,6656,/table-of-6656,6655,/table-of-6655
6659,13318,19977,26636,33295,39954,46613,53272,59931,66590,73249,79908,86567,93226,99885,106544,113203,119862,126521,133180,table-of-6659,6658,/table-of-6658,6657,/table-of-6657,6656,/table-of-6656
6660,13320,19980,26640,33300,39960,46620,53280,59940,66600,73260,79920,86580,93240,99900,106560,113220,119880,126540,133200,table-of-6660,6659,/table-of-6659,6658,/table-of-6658,6657,/table-of-6657
6661,13322,19983,26644,33305,39966,46627,53288,59949,66610,73271,79932,86593,93254,99915,106576,113237,119898,126559,133220,table-of-6661,6660,/table-of-6660,6659,/table-of-6659,6658,/table-of-6658
6662,13324,19986,26648,33310,39972,46634,53296,59958,66620,73282,79944,86606,93268,99930,106592,113254,119916,126578,133240,table-of-6662,6661,/table-of-6661,6660,/table-of-6660,6659,/table-of-6659
6663,13326,19989,26652,33315,39978,46641,53304,59967,66630,73293,79956,86619,93282,99945,106608,113271,119934,126597,133260,table-of-6663,6662,/table-of-6662,6661,/table-of-6661,6660,/table-of-6660
6664,13328,19992,26656,33320,39984,46648,53312,59976,66640,73304,79968,86632,93296,99960,106624,113288,119952,126616,133280,table-of-6664,6663,/table-of-6663,6662,/table-of-6662,6661,/table-of-6661
6665,13330,19995,26660,33325,39990,46655,53320,59985,66650,73315,79980,86645,93310,99975,106640,113305,119970,126635,133300,table-of-6665,6664,/table-of-6664,6663,/table-of-6663,6662,/table-of-6662
6666,13332,19998,26664,33330,39996,46662,53328,59994,66660,73326,79992,86658,93324,99990,106656,113322,119988,126654,133320,table-of-6666,6665,/table-of-6665,6664,/table-of-6664,6663,/table-of-6663
6667,13334,20001,26668,33335,40002,46669,53336,60003,66670,73337,80004,86671,93338,100005,106672,113339,120006,126673,133340,table-of-6667,6666,/table-of-6666,6665,/table-of-6665,6664,/table-of-6664
6668,13336,20004,26672,33340,40008,46676,53344,60012,66680,73348,80016,86684,93352,100020,106688,113356,120024,126692,133360,table-of-6668,6667,/table-of-6667,6666,/table-of-6666,6665,/table-of-6665
6669,13338,20007,26676,33345,40014,46683,53352,60021,66690,73359,80028,86697,93366,100035,106704,113373,120042,126711,133380,table-of-6669,6668,/table-of-6668,6667,/table-of-6667,6666,/table-of-6666
6670,13340,20010,26680,33350,40020,46690,53360,60030,66700,73370,80040,86710,93380,100050,106720,113390,120060,126730,133400,table-of-6670,6669,/table-of-6669,6668,/table-of-6668,6667,/table-of-6667
6671,13342,20013,26684,33355,40026,46697,53368,60039,66710,73381,80052,86723,93394,100065,106736,113407,120078,126749,133420,table-of-6671,6670,/table-of-6670,6669,/table-of-6669,6668,/table-of-6668
6672,13344,20016,26688,33360,40032,46704,53376,60048,66720,73392,80064,86736,93408,100080,106752,113424,120096,126768,133440,table-of-6672,6671,/table-of-6671,6670,/table-of-6670,6669,/table-of-6669
6673,13346,20019,26692,33365,40038,46711,53384,60057,66730,73403,80076,86749,93422,100095,106768,113441,120114,126787,133460,table-of-6673,6672,/table-of-6672,6671,/table-of-6671,6670,/table-of-6670
6674,13348,20022,26696,33370,40044,46718,53392,60066,66740,73414,80088,86762,93436,100110,106784,113458,120132,126806,133480,table-of-6674,6673,/table-of-6673,6672,/table-of-6672,6671,/table-of-6671
6675,13350,20025,26700,33375,40050,46725,53400,60075,66750,73425,80100,86775,93450,100125,106800,113475,120150,126825,133500,table-of-6675,6674,/table-of-6674,6673,/table-of-6673,6672,/table-of-6672
6676,13352,20028,26704,33380,40056,46732,53408,60084,66760,73436,80112,86788,93464,100140,106816,113492,120168,126844,133520,table-of-6676,6675,/table-of-6675,6674,/table-of-6674,6673,/table-of-6673
6677,13354,20031,26708,33385,40062,46739,53416,60093,66770,73447,80124,86801,93478,100155,106832,113509,120186,126863,133540,table-of-6677,6676,/table-of-6676,6675,/table-of-6675,6674,/table-of-6674
6678,13356,20034,26712,33390,40068,46746,53424,60102,66780,73458,80136,86814,93492,100170,106848,113526,120204,126882,133560,table-of-6678,6677,/table-of-6677,6676,/table-of-6676,6675,/table-of-6675
6679,13358,20037,26716,33395,40074,46753,53432,60111,66790,73469,80148,86827,93506,100185,106864,113543,120222,126901,133580,table-of-6679,6678,/table-of-6678,6677,/table-of-6677,6676,/table-of-6676
6680,13360,20040,26720,33400,40080,46760,53440,60120,66800,73480,80160,86840,93520,100200,106880,113560,120240,126920,133600,table-of-6680,6679,/table-of-6679,6678,/table-of-6678,6677,/table-of-6677
6681,13362,20043,26724,33405,40086,46767,53448,60129,66810,73491,80172,86853,93534,100215,106896,113577,120258,126939,133620,table-of-6681,6680,/table-of-6680,6679,/table-of-6679,6678,/table-of-6678
6682,13364,20046,26728,33410,40092,46774,53456,60138,66820,73502,80184,86866,93548,100230,106912,113594,120276,126958,133640,table-of-6682,6681,/table-of-6681,6680,/table-of-6680,6679,/table-of-6679
6683,13366,20049,26732,33415,40098,46781,53464,60147,66830,73513,80196,86879,93562,100245,106928,113611,120294,126977,133660,table-of-6683,6682,/table-of-6682,6681,/table-of-6681,6680,/table-of-6680
6684,13368,20052,26736,33420,40104,46788,53472,60156,66840,73524,80208,86892,93576,100260,106944,113628,120312,126996,133680,table-of-6684,6683,/table-of-6683,6682,/table-of-6682,6681,/table-of-6681
6685,13370,20055,26740,33425,40110,46795,53480,60165,66850,73535,80220,86905,93590,100275,106960,113645,120330,127015,133700,table-of-6685,6684,/table-of-6684,6683,/table-of-6683,6682,/table-of-6682
6686,13372,20058,26744,33430,40116,46802,53488,60174,66860,73546,80232,86918,93604,100290,106976,113662,120348,127034,133720,table-of-6686,6685,/table-of-6685,6684,/table-of-6684,6683,/table-of-6683
6687,13374,20061,26748,33435,40122,46809,53496,60183,66870,73557,80244,86931,93618,100305,106992,113679,120366,127053,133740,table-of-6687,6686,/table-of-6686,6685,/table-of-6685,6684,/table-of-6684
6688,13376,20064,26752,33440,40128,46816,53504,60192,66880,73568,80256,86944,93632,100320,107008,113696,120384,127072,133760,table-of-6688,6687,/table-of-6687,6686,/table-of-6686,6685,/table-of-6685
6689,13378,20067,26756,33445,40134,46823,53512,60201,66890,73579,80268,86957,93646,100335,107024,113713,120402,127091,133780,table-of-6689,6688,/table-of-6688,6687,/table-of-6687,6686,/table-of-6686
6690,13380,20070,26760,33450,40140,46830,53520,60210,66900,73590,80280,86970,93660,100350,107040,113730,120420,127110,133800,table-of-6690,6689,/table-of-6689,6688,/table-of-6688,6687,/table-of-6687
6691,13382,20073,26764,33455,40146,46837,53528,60219,66910,73601,80292,86983,93674,100365,107056,113747,120438,127129,133820,table-of-6691,6690,/table-of-6690,6689,/table-of-6689,6688,/table-of-6688
6692,13384,20076,26768,33460,40152,46844,53536,60228,66920,73612,80304,86996,93688,100380,107072,113764,120456,127148,133840,table-of-6692,6691,/table-of-6691,6690,/table-of-6690,6689,/table-of-6689
6693,13386,20079,26772,33465,40158,46851,53544,60237,66930,73623,80316,87009,93702,100395,107088,113781,120474,127167,133860,table-of-6693,6692,/table-of-6692,6691,/table-of-6691,6690,/table-of-6690
6694,13388,20082,26776,33470,40164,46858,53552,60246,66940,73634,80328,87022,93716,100410,107104,113798,120492,127186,133880,table-of-6694,6693,/table-of-6693,6692,/table-of-6692,6691,/table-of-6691
6695,13390,20085,26780,33475,40170,46865,53560,60255,66950,73645,80340,87035,93730,100425,107120,113815,120510,127205,133900,table-of-6695,6694,/table-of-6694,6693,/table-of-6693,6692,/table-of-6692
6696,13392,20088,26784,33480,40176,46872,53568,60264,66960,73656,80352,87048,93744,100440,107136,113832,120528,127224,133920,table-of-6696,6695,/table-of-6695,6694,/table-of-6694,6693,/table-of-6693
6697,13394,20091,26788,33485,40182,46879,53576,60273,66970,73667,80364,87061,93758,100455,107152,113849,120546,127243,133940,table-of-6697,6696,/table-of-6696,6695,/table-of-6695,6694,/table-of-6694
6698,13396,20094,26792,33490,40188,46886,53584,60282,66980,73678,80376,87074,93772,100470,107168,113866,120564,127262,133960,table-of-6698,6697,/table-of-6697,6696,/table-of-6696,6695,/table-of-6695
6699,13398,20097,26796,33495,40194,46893,53592,60291,66990,73689,80388,87087,93786,100485,107184,113883,120582,127281,133980,table-of-6699,6698,/table-of-6698,6697,/table-of-6697,6696,/table-of-6696
6700,13400,20100,26800,33500,40200,46900,53600,60300,67000,73700,80400,87100,93800,100500,107200,113900,120600,127300,134000,table-of-6700,6699,/table-of-6699,6698,/table-of-6698,6697,/table-of-6697
6701,13402,20103,26804,33505,40206,46907,53608,60309,67010,73711,80412,87113,93814,100515,107216,113917,120618,127319,134020,table-of-6701,6700,/table-of-6700,6699,/table-of-6699,6698,/table-of-6698
6702,13404,20106,26808,33510,40212,46914,53616,60318,67020,73722,80424,87126,93828,100530,107232,113934,120636,127338,134040,table-of-6702,6701,/table-of-6701,6700,/table-of-6700,6699,/table-of-6699
6703,13406,20109,26812,33515,40218,46921,53624,60327,67030,73733,80436,87139,93842,100545,107248,113951,120654,127357,134060,table-of-6703,6702,/table-of-6702,6701,/table-of-6701,6700,/table-of-6700
6704,13408,20112,26816,33520,40224,46928,53632,60336,67040,73744,80448,87152,93856,100560,107264,113968,120672,127376,134080,table-of-6704,6703,/table-of-6703,6702,/table-of-6702,6701,/table-of-6701
6705,13410,20115,26820,33525,40230,46935,53640,60345,67050,73755,80460,87165,93870,100575,107280,113985,120690,127395,134100,table-of-6705,6704,/table-of-6704,6703,/table-of-6703,6702,/table-of-6702
6706,13412,20118,26824,33530,40236,46942,53648,60354,67060,73766,80472,87178,93884,100590,107296,114002,120708,127414,134120,table-of-6706,6705,/table-of-6705,6704,/table-of-6704,6703,/table-of-6703
6707,13414,20121,26828,33535,40242,46949,53656,60363,67070,73777,80484,87191,93898,100605,107312,114019,120726,127433,134140,table-of-6707,6706,/table-of-6706,6705,/table-of-6705,6704,/table-of-6704
6708,13416,20124,26832,33540,40248,46956,53664,60372,67080,73788,80496,87204,93912,100620,107328,114036,120744,127452,134160,table-of-6708,6707,/table-of-6707,6706,/table-of-6706,6705,/table-of-6705
6709,13418,20127,26836,33545,40254,46963,53672,60381,67090,73799,80508,87217,93926,100635,107344,114053,120762,127471,134180,table-of-6709,6708,/table-of-6708,6707,/table-of-6707,6706,/table-of-6706
6710,13420,20130,26840,33550,40260,46970,53680,60390,67100,73810,80520,87230,93940,100650,107360,114070,120780,127490,134200,table-of-6710,6709,/table-of-6709,6708,/table-of-6708,6707,/table-of-6707
6711,13422,20133,26844,33555,40266,46977,53688,60399,67110,73821,80532,87243,93954,100665,107376,114087,120798,127509,134220,table-of-6711,6710,/table-of-6710,6709,/table-of-6709,6708,/table-of-6708
6712,13424,20136,26848,33560,40272,46984,53696,60408,67120,73832,80544,87256,93968,100680,107392,114104,120816,127528,134240,table-of-6712,6711,/table-of-6711,6710,/table-of-6710,6709,/table-of-6709
6713,13426,20139,26852,33565,40278,46991,53704,60417,67130,73843,80556,87269,93982,100695,107408,114121,120834,127547,134260,table-of-6713,6712,/table-of-6712,6711,/table-of-6711,6710,/table-of-6710
6714,13428,20142,26856,33570,40284,46998,53712,60426,67140,73854,80568,87282,93996,100710,107424,114138,120852,127566,134280,table-of-6714,6713,/table-of-6713,6712,/table-of-6712,6711,/table-of-6711
6715,13430,20145,26860,33575,40290,47005,53720,60435,67150,73865,80580,87295,94010,100725,107440,114155,120870,127585,134300,table-of-6715,6714,/table-of-6714,6713,/table-of-6713,6712,/table-of-6712
6716,13432,20148,26864,33580,40296,47012,53728,60444,67160,73876,80592,87308,94024,100740,107456,114172,120888,127604,134320,table-of-6716,6715,/table-of-6715,6714,/table-of-6714,6713,/table-of-6713
6717,13434,20151,26868,33585,40302,47019,53736,60453,67170,73887,80604,87321,94038,100755,107472,114189,120906,127623,134340,table-of-6717,6716,/table-of-6716,6715,/table-of-6715,6714,/table-of-6714
6718,13436,20154,26872,33590,40308,47026,53744,60462,67180,73898,80616,87334,94052,100770,107488,114206,120924,127642,134360,table-of-6718,6717,/table-of-6717,6716,/table-of-6716,6715,/table-of-6715
6719,13438,20157,26876,33595,40314,47033,53752,60471,67190,73909,80628,87347,94066,100785,107504,114223,120942,127661,134380,table-of-6719,6718,/table-of-6718,6717,/table-of-6717,6716,/table-of-6716
6720,13440,20160,26880,33600,40320,47040,53760,60480,67200,73920,80640,87360,94080,100800,107520,114240,120960,127680,134400,table-of-6720,6719,/table-of-6719,6718,/table-of-6718,6717,/table-of-6717
6721,13442,20163,26884,33605,40326,47047,53768,60489,67210,73931,80652,87373,94094,100815,107536,114257,120978,127699,134420,table-of-6721,6720,/table-of-6720,6719,/table-of-6719,6718,/table-of-6718
6722,13444,20166,26888,33610,40332,47054,53776,60498,67220,73942,80664,87386,94108,100830,107552,114274,120996,127718,134440,table-of-6722,6721,/table-of-6721,6720,/table-of-6720,6719,/table-of-6719
6723,13446,20169,26892,33615,40338,47061,53784,60507,67230,73953,80676,87399,94122,100845,107568,114291,121014,127737,134460,table-of-6723,6722,/table-of-6722,6721,/table-of-6721,6720,/table-of-6720
6724,13448,20172,26896,33620,40344,47068,53792,60516,67240,73964,80688,87412,94136,100860,107584,114308,121032,127756,134480,table-of-6724,6723,/table-of-6723,6722,/table-of-6722,6721,/table-of-6721
6725,13450,20175,26900,33625,40350,47075,53800,60525,67250,73975,80700,87425,94150,100875,107600,114325,121050,127775,134500,table-of-6725,6724,/table-of-6724,6723,/table-of-6723,6722,/table-of-6722
6726,13452,20178,26904,33630,40356,47082,53808,60534,67260,73986,80712,87438,94164,100890,107616,114342,121068,127794,134520,table-of-6726,6725,/table-of-6725,6724,/table-of-6724,6723,/table-of-6723
6727,13454,20181,26908,33635,40362,47089,53816,60543,67270,73997,80724,87451,94178,100905,107632,114359,121086,127813,134540,table-of-6727,6726,/table-of-6726,6725,/table-of-6725,6724,/table-of-6724
6728,13456,20184,26912,33640,40368,47096,53824,60552,67280,74008,80736,87464,94192,100920,107648,114376,121104,127832,134560,table-of-6728,6727,/table-of-6727,6726,/table-of-6726,6725,/table-of-6725
6729,13458,20187,26916,33645,40374,47103,53832,60561,67290,74019,80748,87477,94206,100935,107664,114393,121122,127851,134580,table-of-6729,6728,/table-of-6728,6727,/table-of-6727,6726,/table-of-6726
6730,13460,20190,26920,33650,40380,47110,53840,60570,67300,74030,80760,87490,94220,100950,107680,114410,121140,127870,134600,table-of-6730,6729,/table-of-6729,6728,/table-of-6728,6727,/table-of-6727
6731,13462,20193,26924,33655,40386,47117,53848,60579,67310,74041,80772,87503,94234,100965,107696,114427,121158,127889,134620,table-of-6731,6730,/table-of-6730,6729,/table-of-6729,6728,/table-of-6728
6732,13464,20196,26928,33660,40392,47124,53856,60588,67320,74052,80784,87516,94248,100980,107712,114444,121176,127908,134640,table-of-6732,6731,/table-of-6731,6730,/table-of-6730,6729,/table-of-6729
6733,13466,20199,26932,33665,40398,47131,53864,60597,67330,74063,80796,87529,94262,100995,107728,114461,121194,127927,134660,table-of-6733,6732,/table-of-6732,6731,/table-of-6731,6730,/table-of-6730
6734,13468,20202,26936,33670,40404,47138,53872,60606,67340,74074,80808,87542,94276,101010,107744,114478,121212,127946,134680,table-of-6734,6733,/table-of-6733,6732,/table-of-6732,6731,/table-of-6731
6735,13470,20205,26940,33675,40410,47145,53880,60615,67350,74085,80820,87555,94290,101025,107760,114495,121230,127965,134700,table-of-6735,6734,/table-of-6734,6733,/table-of-6733,6732,/table-of-6732
6736,13472,20208,26944,33680,40416,47152,53888,60624,67360,74096,80832,87568,94304,101040,107776,114512,121248,127984,134720,table-of-6736,6735,/table-of-6735,6734,/table-of-6734,6733,/table-of-6733
6737,13474,20211,26948,33685,40422,47159,53896,60633,67370,74107,80844,87581,94318,101055,107792,114529,121266,128003,134740,table-of-6737,6736,/table-of-6736,6735,/table-of-6735,6734,/table-of-6734
6738,13476,20214,26952,33690,40428,47166,53904,60642,67380,74118,80856,87594,94332,101070,107808,114546,121284,128022,134760,table-of-6738,6737,/table-of-6737,6736,/table-of-6736,6735,/table-of-6735
6739,13478,20217,26956,33695,40434,47173,53912,60651,67390,74129,80868,87607,94346,101085,107824,114563,121302,128041,134780,table-of-6739,6738,/table-of-6738,6737,/table-of-6737,6736,/table-of-6736
6740,13480,20220,26960,33700,40440,47180,53920,60660,67400,74140,80880,87620,94360,101100,107840,114580,121320,128060,134800,table-of-6740,6739,/table-of-6739,6738,/table-of-6738,6737,/table-of-6737
6741,13482,20223,26964,33705,40446,47187,53928,60669,67410,74151,80892,87633,94374,101115,107856,114597,121338,128079,134820,table-of-6741,6740,/table-of-6740,6739,/table-of-6739,6738,/table-of-6738
6742,13484,20226,26968,33710,40452,47194,53936,60678,67420,74162,80904,87646,94388,101130,107872,114614,121356,128098,134840,table-of-6742,6741,/table-of-6741,6740,/table-of-6740,6739,/table-of-6739
6743,13486,20229,26972,33715,40458,47201,53944,60687,67430,74173,80916,87659,94402,101145,107888,114631,121374,128117,134860,table-of-6743,6742,/table-of-6742,6741,/table-of-6741,6740,/table-of-6740
6744,13488,20232,26976,33720,40464,47208,53952,60696,67440,74184,80928,87672,94416,101160,107904,114648,121392,128136,134880,table-of-6744,6743,/table-of-6743,6742,/table-of-6742,6741,/table-of-6741
6745,13490,20235,26980,33725,40470,47215,53960,60705,67450,74195,80940,87685,94430,101175,107920,114665,121410,128155,134900,table-of-6745,6744,/table-of-6744,6743,/table-of-6743,6742,/table-of-6742
6746,13492,20238,26984,33730,40476,47222,53968,60714,67460,74206,80952,87698,94444,101190,107936,114682,121428,128174,134920,table-of-6746,6745,/table-of-6745,6744,/table-of-6744,6743,/table-of-6743
6747,13494,20241,26988,33735,40482,47229,53976,60723,67470,74217,80964,87711,94458,101205,107952,114699,121446,128193,134940,table-of-6747,6746,/table-of-6746,6745,/table-of-6745,6744,/table-of-6744
6748,13496,20244,26992,33740,40488,47236,53984,60732,67480,74228,80976,87724,94472,101220,107968,114716,121464,128212,134960,table-of-6748,6747,/table-of-6747,6746,/table-of-6746,6745,/table-of-6745
6749,13498,20247,26996,33745,40494,47243,53992,60741,67490,74239,80988,87737,94486,101235,107984,114733,121482,128231,134980,table-of-6749,6748,/table-of-6748,6747,/table-of-6747,6746,/table-of-6746
6750,13500,20250,27000,33750,40500,47250,54000,60750,67500,74250,81000,87750,94500,101250,108000,114750,121500,128250,135000,table-of-6750,6749,/table-of-6749,6748,/table-of-6748,6747,/table-of-6747
6751,13502,20253,27004,33755,40506,47257,54008,60759,67510,74261,81012,87763,94514,101265,108016,114767,121518,128269,135020,table-of-6751,6750,/table-of-6750,6749,/table-of-6749,6748,/table-of-6748
6752,13504,20256,27008,33760,40512,47264,54016,60768,67520,74272,81024,87776,94528,101280,108032,114784,121536,128288,135040,table-of-6752,6751,/table-of-6751,6750,/table-of-6750,6749,/table-of-6749
6753,13506,20259,27012,33765,40518,47271,54024,60777,67530,74283,81036,87789,94542,101295,108048,114801,121554,128307,135060,table-of-6753,6752,/table-of-6752,6751,/table-of-6751,6750,/table-of-6750
6754,13508,20262,27016,33770,40524,47278,54032,60786,67540,74294,81048,87802,94556,101310,108064,114818,121572,128326,135080,table-of-6754,6753,/table-of-6753,6752,/table-of-6752,6751,/table-of-6751
6755,13510,20265,27020,33775,40530,47285,54040,60795,67550,74305,81060,87815,94570,101325,108080,114835,121590,128345,135100,table-of-6755,6754,/table-of-6754,6753,/table-of-6753,6752,/table-of-6752
6756,13512,20268,27024,33780,40536,47292,54048,60804,67560,74316,81072,87828,94584,101340,108096,114852,121608,128364,135120,table-of-6756,6755,/table-of-6755,6754,/table-of-6754,6753,/table-of-6753
6757,13514,20271,27028,33785,40542,47299,54056,60813,67570,74327,81084,87841,94598,101355,108112,114869,121626,128383,135140,table-of-6757,6756,/table-of-6756,6755,/table-of-6755,6754,/table-of-6754
6758,13516,20274,27032,33790,40548,47306,54064,60822,67580,74338,81096,87854,94612,101370,108128,114886,121644,128402,135160,table-of-6758,6757,/table-of-6757,6756,/table-of-6756,6755,/table-of-6755
6759,13518,20277,27036,33795,40554,47313,54072,60831,67590,74349,81108,87867,94626,101385,108144,114903,121662,128421,135180,table-of-6759,6758,/table-of-6758,6757,/table-of-6757,6756,/table-of-6756
6760,13520,20280,27040,33800,40560,47320,54080,60840,67600,74360,81120,87880,94640,101400,108160,114920,121680,128440,135200,table-of-6760,6759,/table-of-6759,6758,/table-of-6758,6757,/table-of-6757
6761,13522,20283,27044,33805,40566,47327,54088,60849,67610,74371,81132,87893,94654,101415,108176,114937,121698,128459,135220,table-of-6761,6760,/table-of-6760,6759,/table-of-6759,6758,/table-of-6758
6762,13524,20286,27048,33810,40572,47334,54096,60858,67620,74382,81144,87906,94668,101430,108192,114954,121716,128478,135240,table-of-6762,6761,/table-of-6761,6760,/table-of-6760,6759,/table-of-6759
6763,13526,20289,27052,33815,40578,47341,54104,60867,67630,74393,81156,87919,94682,101445,108208,114971,121734,128497,135260,table-of-6763,6762,/table-of-6762,6761,/table-of-6761,6760,/table-of-6760
6764,13528,20292,27056,33820,40584,47348,54112,60876,67640,74404,81168,87932,94696,101460,108224,114988,121752,128516,135280,table-of-6764,6763,/table-of-6763,6762,/table-of-6762,6761,/table-of-6761
6765,13530,20295,27060,33825,40590,47355,54120,60885,67650,74415,81180,87945,94710,101475,108240,115005,121770,128535,135300,table-of-6765,6764,/table-of-6764,6763,/table-of-6763,6762,/table-of-6762
6766,13532,20298,27064,33830,40596,47362,54128,60894,67660,74426,81192,87958,94724,101490,108256,115022,121788,128554,135320,table-of-6766,6765,/table-of-6765,6764,/table-of-6764,6763,/table-of-6763
6767,13534,20301,27068,33835,40602,47369,54136,60903,67670,74437,81204,87971,94738,101505,108272,115039,121806,128573,135340,table-of-6767,6766,/table-of-6766,6765,/table-of-6765,6764,/table-of-6764
6768,13536,20304,27072,33840,40608,47376,54144,60912,67680,74448,81216,87984,94752,101520,108288,115056,121824,128592,135360,table-of-6768,6767,/table-of-6767,6766,/table-of-6766,6765,/table-of-6765
6769,13538,20307,27076,33845,40614,47383,54152,60921,67690,74459,81228,87997,94766,101535,108304,115073,121842,128611,135380,table-of-6769,6768,/table-of-6768,6767,/table-of-6767,6766,/table-of-6766
6770,13540,20310,27080,33850,40620,47390,54160,60930,67700,74470,81240,88010,94780,101550,108320,115090,121860,128630,135400,table-of-6770,6769,/table-of-6769,6768,/table-of-6768,6767,/table-of-6767
6771,13542,20313,27084,33855,40626,47397,54168,60939,67710,74481,81252,88023,94794,101565,108336,115107,121878,128649,135420,table-of-6771,6770,/table-of-6770,6769,/table-of-6769,6768,/table-of-6768
6772,13544,20316,27088,33860,40632,47404,54176,60948,67720,74492,81264,88036,94808,101580,108352,115124,121896,128668,135440,table-of-6772,6771,/table-of-6771,6770,/table-of-6770,6769,/table-of-6769
6773,13546,20319,27092,33865,40638,47411,54184,60957,67730,74503,81276,88049,94822,101595,108368,115141,121914,128687,135460,table-of-6773,6772,/table-of-6772,6771,/table-of-6771,6770,/table-of-6770
6774,13548,20322,27096,33870,40644,47418,54192,60966,67740,74514,81288,88062,94836,101610,108384,115158,121932,128706,135480,table-of-6774,6773,/table-of-6773,6772,/table-of-6772,6771,/table-of-6771
6775,13550,20325,27100,33875,40650,47425,54200,60975,67750,74525,81300,88075,94850,101625,108400,115175,121950,128725,135500,table-of-6775,6774,/table-of-6774,6773,/table-of-6773,6772,/table-of-6772
6776,13552,20328,27104,33880,40656,47432,54208,60984,67760,74536,81312,88088,94864,101640,108416,115192,121968,128744,135520,table-of-6776,6775,/table-of-6775,6774,/table-of-6774,6773,/table-of-6773
6777,13554,20331,27108,33885,40662,47439,54216,60993,67770,74547,81324,88101,94878,101655,108432,115209,121986,128763,135540,table-of-6777,6776,/table-of-6776,6775,/table-of-6775,6774,/table-of-6774
6778,13556,20334,27112,33890,40668,47446,54224,61002,67780,74558,81336,88114,94892,101670,108448,115226,122004,128782,135560,table-of-6778,6777,/table-of-6777,6776,/table-of-6776,6775,/table-of-6775
6779,13558,20337,27116,33895,40674,47453,54232,61011,67790,74569,81348,88127,94906,101685,108464,115243,122022,128801,135580,table-of-6779,6778,/table-of-6778,6777,/table-of-6777,6776,/table-of-6776
6780,13560,20340,27120,33900,40680,47460,54240,61020,67800,74580,81360,88140,94920,101700,108480,115260,122040,128820,135600,table-of-6780,6779,/table-of-6779,6778,/table-of-6778,6777,/table-of-6777
6781,13562,20343,27124,33905,40686,47467,54248,61029,67810,74591,81372,88153,94934,101715,108496,115277,122058,128839,135620,table-of-6781,6780,/table-of-6780,6779,/table-of-6779,6778,/table-of-6778
6782,13564,20346,27128,33910,40692,47474,54256,61038,67820,74602,81384,88166,94948,101730,108512,115294,122076,128858,135640,table-of-6782,6781,/table-of-6781,6780,/table-of-6780,6779,/table-of-6779
6783,13566,20349,27132,33915,40698,47481,54264,61047,67830,74613,81396,88179,94962,101745,108528,115311,122094,128877,135660,table-of-6783,6782,/table-of-6782,6781,/table-of-6781,6780,/table-of-6780
6784,13568,20352,27136,33920,40704,47488,54272,61056,67840,74624,81408,88192,94976,101760,108544,115328,122112,128896,135680,table-of-6784,6783,/table-of-6783,6782,/table-of-6782,6781,/table-of-6781
6785,13570,20355,27140,33925,40710,47495,54280,61065,67850,74635,81420,88205,94990,101775,108560,115345,122130,128915,135700,table-of-6785,6784,/table-of-6784,6783,/table-of-6783,6782,/table-of-6782
6786,13572,20358,27144,33930,40716,47502,54288,61074,67860,74646,81432,88218,95004,101790,108576,115362,122148,128934,135720,table-of-6786,6785,/table-of-6785,6784,/table-of-6784,6783,/table-of-6783
6787,13574,20361,27148,33935,40722,47509,54296,61083,67870,74657,81444,88231,95018,101805,108592,115379,122166,128953,135740,table-of-6787,6786,/table-of-6786,6785,/table-of-6785,6784,/table-of-6784
6788,13576,20364,27152,33940,40728,47516,54304,61092,67880,74668,81456,88244,95032,101820,108608,115396,122184,128972,135760,table-of-6788,6787,/table-of-6787,6786,/table-of-6786,6785,/table-of-6785
6789,13578,20367,27156,33945,40734,47523,54312,61101,67890,74679,81468,88257,95046,101835,108624,115413,122202,128991,135780,table-of-6789,6788,/table-of-6788,6787,/table-of-6787,6786,/table-of-6786
6790,13580,20370,27160,33950,40740,47530,54320,61110,67900,74690,81480,88270,95060,101850,108640,115430,122220,129010,135800,table-of-6790,6789,/table-of-6789,6788,/table-of-6788,6787,/table-of-6787
6791,13582,20373,27164,33955,40746,47537,54328,61119,67910,74701,81492,88283,95074,101865,108656,115447,122238,129029,135820,table-of-6791,6790,/table-of-6790,6789,/table-of-6789,6788,/table-of-6788
6792,13584,20376,27168,33960,40752,47544,54336,61128,67920,74712,81504,88296,95088,101880,108672,115464,122256,129048,135840,table-of-6792,6791,/table-of-6791,6790,/table-of-6790,6789,/table-of-6789
6793,13586,20379,27172,33965,40758,47551,54344,61137,67930,74723,81516,88309,95102,101895,108688,115481,122274,129067,135860,table-of-6793,6792,/table-of-6792,6791,/table-of-6791,6790,/table-of-6790
6794,13588,20382,27176,33970,40764,47558,54352,61146,67940,74734,81528,88322,95116,101910,108704,115498,122292,129086,135880,table-of-6794,6793,/table-of-6793,6792,/table-of-6792,6791,/table-of-6791
6795,13590,20385,27180,33975,40770,47565,54360,61155,67950,74745,81540,88335,95130,101925,108720,115515,122310,129105,135900,table-of-6795,6794,/table-of-6794,6793,/table-of-6793,6792,/table-of-6792
6796,13592,20388,27184,33980,40776,47572,54368,61164,67960,74756,81552,88348,95144,101940,108736,115532,122328,129124,135920,table-of-6796,6795,/table-of-6795,6794,/table-of-6794,6793,/table-of-6793
6797,13594,20391,27188,33985,40782,47579,54376,61173,67970,74767,81564,88361,95158,101955,108752,115549,122346,129143,135940,table-of-6797,6796,/table-of-6796,6795,/table-of-6795,6794,/table-of-6794
6798,13596,20394,27192,33990,40788,47586,54384,61182,67980,74778,81576,88374,95172,101970,108768,115566,122364,129162,135960,table-of-6798,6797,/table-of-6797,6796,/table-of-6796,6795,/table-of-6795
6799,13598,20397,27196,33995,40794,47593,54392,61191,67990,74789,81588,88387,95186,101985,108784,115583,122382,129181,135980,table-of-6799,6798,/table-of-6798,6797,/table-of-6797,6796,/table-of-6796
6800,13600,20400,27200,34000,40800,47600,54400,61200,68000,74800,81600,88400,95200,102000,108800,115600,122400,129200,136000,table-of-6800,6799,/table-of-6799,6798,/table-of-6798,6797,/table-of-6797
6801,13602,20403,27204,34005,40806,47607,54408,61209,68010,74811,81612,88413,95214,102015,108816,115617,122418,129219,136020,table-of-6801,6800,/table-of-6800,6799,/table-of-6799,6798,/table-of-6798
6802,13604,20406,27208,34010,40812,47614,54416,61218,68020,74822,81624,88426,95228,102030,108832,115634,122436,129238,136040,table-of-6802,6801,/table-of-6801,6800,/table-of-6800,6799,/table-of-6799
6803,13606,20409,27212,34015,40818,47621,54424,61227,68030,74833,81636,88439,95242,102045,108848,115651,122454,129257,136060,table-of-6803,6802,/table-of-6802,6801,/table-of-6801,6800,/table-of-6800
6804,13608,20412,27216,34020,40824,47628,54432,61236,68040,74844,81648,88452,95256,102060,108864,115668,122472,129276,136080,table-of-6804,6803,/table-of-6803,6802,/table-of-6802,6801,/table-of-6801
6805,13610,20415,27220,34025,40830,47635,54440,61245,68050,74855,81660,88465,95270,102075,108880,115685,122490,129295,136100,table-of-6805,6804,/table-of-6804,6803,/table-of-6803,6802,/table-of-6802
6806,13612,20418,27224,34030,40836,47642,54448,61254,68060,74866,81672,88478,95284,102090,108896,115702,122508,129314,136120,table-of-6806,6805,/table-of-6805,6804,/table-of-6804,6803,/table-of-6803
6807,13614,20421,27228,34035,40842,47649,54456,61263,68070,74877,81684,88491,95298,102105,108912,115719,122526,129333,136140,table-of-6807,6806,/table-of-6806,6805,/table-of-6805,6804,/table-of-6804
6808,13616,20424,27232,34040,40848,47656,54464,61272,68080,74888,81696,88504,95312,102120,108928,115736,122544,129352,136160,table-of-6808,6807,/table-of-6807,6806,/table-of-6806,6805,/table-of-6805
6809,13618,20427,27236,34045,40854,47663,54472,61281,68090,74899,81708,88517,95326,102135,108944,115753,122562,129371,136180,table-of-6809,6808,/table-of-6808,6807,/table-of-6807,6806,/table-of-6806
6810,13620,20430,27240,34050,40860,47670,54480,61290,68100,74910,81720,88530,95340,102150,108960,115770,122580,129390,136200,table-of-6810,6809,/table-of-6809,6808,/table-of-6808,6807,/table-of-6807
6811,13622,20433,27244,34055,40866,47677,54488,61299,68110,74921,81732,88543,95354,102165,108976,115787,122598,129409,136220,table-of-6811,6810,/table-of-6810,6809,/table-of-6809,6808,/table-of-6808
6812,13624,20436,27248,34060,40872,47684,54496,61308,68120,74932,81744,88556,95368,102180,108992,115804,122616,129428,136240,table-of-6812,6811,/table-of-6811,6810,/table-of-6810,6809,/table-of-6809
6813,13626,20439,27252,34065,40878,47691,54504,61317,68130,74943,81756,88569,95382,102195,109008,115821,122634,129447,136260,table-of-6813,6812,/table-of-6812,6811,/table-of-6811,6810,/table-of-6810
6814,13628,20442,27256,34070,40884,47698,54512,61326,68140,74954,81768,88582,95396,102210,109024,115838,122652,129466,136280,table-of-6814,6813,/table-of-6813,6812,/table-of-6812,6811,/table-of-6811
6815,13630,20445,27260,34075,40890,47705,54520,61335,68150,74965,81780,88595,95410,102225,109040,115855,122670,129485,136300,table-of-6815,6814,/table-of-6814,6813,/table-of-6813,6812,/table-of-6812
6816,13632,20448,27264,34080,40896,47712,54528,61344,68160,74976,81792,88608,95424,102240,109056,115872,122688,129504,136320,table-of-6816,6815,/table-of-6815,6814,/table-of-6814,6813,/table-of-6813
6817,13634,20451,27268,34085,40902,47719,54536,61353,68170,74987,81804,88621,95438,102255,109072,115889,122706,129523,136340,table-of-6817,6816,/table-of-6816,6815,/table-of-6815,6814,/table-of-6814
6818,13636,20454,27272,34090,40908,47726,54544,61362,68180,74998,81816,88634,95452,102270,109088,115906,122724,129542,136360,table-of-6818,6817,/table-of-6817,6816,/table-of-6816,6815,/table-of-6815
6819,13638,20457,27276,34095,40914,47733,54552,61371,68190,75009,81828,88647,95466,102285,109104,115923,122742,129561,136380,table-of-6819,6818,/table-of-6818,6817,/table-of-6817,6816,/table-of-6816
6820,13640,20460,27280,34100,40920,47740,54560,61380,68200,75020,81840,88660,95480,102300,109120,115940,122760,129580,136400,table-of-6820,6819,/table-of-6819,6818,/table-of-6818,6817,/table-of-6817
6821,13642,20463,27284,34105,40926,47747,54568,61389,68210,75031,81852,88673,95494,102315,109136,115957,122778,129599,136420,table-of-6821,6820,/table-of-6820,6819,/table-of-6819,6818,/table-of-6818
6822,13644,20466,27288,34110,40932,47754,54576,61398,68220,75042,81864,88686,95508,102330,109152,115974,122796,129618,136440,table-of-6822,6821,/table-of-6821,6820,/table-of-6820,6819,/table-of-6819
6823,13646,20469,27292,34115,40938,47761,54584,61407,68230,75053,81876,88699,95522,102345,109168,115991,122814,129637,136460,table-of-6823,6822,/table-of-6822,6821,/table-of-6821,6820,/table-of-6820
6824,13648,20472,27296,34120,40944,47768,54592,61416,68240,75064,81888,88712,95536,102360,109184,116008,122832,129656,136480,table-of-6824,6823,/table-of-6823,6822,/table-of-6822,6821,/table-of-6821
6825,13650,20475,27300,34125,40950,47775,54600,61425,68250,75075,81900,88725,95550,102375,109200,116025,122850,129675,136500,table-of-6825,6824,/table-of-6824,6823,/table-of-6823,6822,/table-of-6822
6826,13652,20478,27304,34130,40956,47782,54608,61434,68260,75086,81912,88738,95564,102390,109216,116042,122868,129694,136520,table-of-6826,6825,/table-of-6825,6824,/table-of-6824,6823,/table-of-6823
6827,13654,20481,27308,34135,40962,47789,54616,61443,68270,75097,81924,88751,95578,102405,109232,116059,122886,129713,136540,table-of-6827,6826,/table-of-6826,6825,/table-of-6825,6824,/table-of-6824
6828,13656,20484,27312,34140,40968,47796,54624,61452,68280,75108,81936,88764,95592,102420,109248,116076,122904,129732,136560,table-of-6828,6827,/table-of-6827,6826,/table-of-6826,6825,/table-of-6825
6829,13658,20487,27316,34145,40974,47803,54632,61461,68290,75119,81948,88777,95606,102435,109264,116093,122922,129751,136580,table-of-6829,6828,/table-of-6828,6827,/table-of-6827,6826,/table-of-6826
6830,13660,20490,27320,34150,40980,47810,54640,61470,68300,75130,81960,88790,95620,102450,109280,116110,122940,129770,136600,table-of-6830,6829,/table-of-6829,6828,/table-of-6828,6827,/table-of-6827
6831,13662,20493,27324,34155,40986,47817,54648,61479,68310,75141,81972,88803,95634,102465,109296,116127,122958,129789,136620,table-of-6831,6830,/table-of-6830,6829,/table-of-6829,6828,/table-of-6828
6832,13664,20496,27328,34160,40992,47824,54656,61488,68320,75152,81984,88816,95648,102480,109312,116144,122976,129808,136640,table-of-6832,6831,/table-of-6831,6830,/table-of-6830,6829,/table-of-6829
6833,13666,20499,27332,34165,40998,47831,54664,61497,68330,75163,81996,88829,95662,102495,109328,116161,122994,129827,136660,table-of-6833,6832,/table-of-6832,6831,/table-of-6831,6830,/table-of-6830
6834,13668,20502,27336,34170,41004,47838,54672,61506,68340,75174,82008,88842,95676,102510,109344,116178,123012,129846,136680,table-of-6834,6833,/table-of-6833,6832,/table-of-6832,6831,/table-of-6831
6835,13670,20505,27340,34175,41010,47845,54680,61515,68350,75185,82020,88855,95690,102525,109360,116195,123030,129865,136700,table-of-6835,6834,/table-of-6834,6833,/table-of-6833,6832,/table-of-6832
6836,13672,20508,27344,34180,41016,47852,54688,61524,68360,75196,82032,88868,95704,102540,109376,116212,123048,129884,136720,table-of-6836,6835,/table-of-6835,6834,/table-of-6834,6833,/table-of-6833
6837,13674,20511,27348,34185,41022,47859,54696,61533,68370,75207,82044,88881,95718,102555,109392,116229,123066,129903,136740,table-of-6837,6836,/table-of-6836,6835,/table-of-6835,6834,/table-of-6834
6838,13676,20514,27352,34190,41028,47866,54704,61542,68380,75218,82056,88894,95732,102570,109408,116246,123084,129922,136760,table-of-6838,6837,/table-of-6837,6836,/table-of-6836,6835,/table-of-6835
6839,13678,20517,27356,34195,41034,47873,54712,61551,68390,75229,82068,88907,95746,102585,109424,116263,123102,129941,136780,table-of-6839,6838,/table-of-6838,6837,/table-of-6837,6836,/table-of-6836
6840,13680,20520,27360,34200,41040,47880,54720,61560,68400,75240,82080,88920,95760,102600,109440,116280,123120,129960,136800,table-of-6840,6839,/table-of-6839,6838,/table-of-6838,6837,/table-of-6837
6841,13682,20523,27364,34205,41046,47887,54728,61569,68410,75251,82092,88933,95774,102615,109456,116297,123138,129979,136820,table-of-6841,6840,/table-of-6840,6839,/table-of-6839,6838,/table-of-6838
6842,13684,20526,27368,34210,41052,47894,54736,61578,68420,75262,82104,88946,95788,102630,109472,116314,123156,129998,136840,table-of-6842,6841,/table-of-6841,6840,/table-of-6840,6839,/table-of-6839
6843,13686,20529,27372,34215,41058,47901,54744,61587,68430,75273,82116,88959,95802,102645,109488,116331,123174,130017,136860,table-of-6843,6842,/table-of-6842,6841,/table-of-6841,6840,/table-of-6840
6844,13688,20532,27376,34220,41064,47908,54752,61596,68440,75284,82128,88972,95816,102660,109504,116348,123192,130036,136880,table-of-6844,6843,/table-of-6843,6842,/table-of-6842,6841,/table-of-6841
6845,13690,20535,27380,34225,41070,47915,54760,61605,68450,75295,82140,88985,95830,102675,109520,116365,123210,130055,136900,table-of-6845,6844,/table-of-6844,6843,/table-of-6843,6842,/table-of-6842
6846,13692,20538,27384,34230,41076,47922,54768,61614,68460,75306,82152,88998,95844,102690,109536,116382,123228,130074,136920,table-of-6846,6845,/table-of-6845,6844,/table-of-6844,6843,/table-of-6843
6847,13694,20541,27388,34235,41082,47929,54776,61623,68470,75317,82164,89011,95858,102705,109552,116399,123246,130093,136940,table-of-6847,6846,/table-of-6846,6845,/table-of-6845,6844,/table-of-6844
6848,13696,20544,27392,34240,41088,47936,54784,61632,68480,75328,82176,89024,95872,102720,109568,116416,123264,130112,136960,table-of-6848,6847,/table-of-6847,6846,/table-of-6846,6845,/table-of-6845
6849,13698,20547,27396,34245,41094,47943,54792,61641,68490,75339,82188,89037,95886,102735,109584,116433,123282,130131,136980,table-of-6849,6848,/table-of-6848,6847,/table-of-6847,6846,/table-of-6846
6850,13700,20550,27400,34250,41100,47950,54800,61650,68500,75350,82200,89050,95900,102750,109600,116450,123300,130150,137000,table-of-6850,6849,/table-of-6849,6848,/table-of-6848,6847,/table-of-6847
6851,13702,20553,27404,34255,41106,47957,54808,61659,68510,75361,82212,89063,95914,102765,109616,116467,123318,130169,137020,table-of-6851,6850,/table-of-6850,6849,/table-of-6849,6848,/table-of-6848
6852,13704,20556,27408,34260,41112,47964,54816,61668,68520,75372,82224,89076,95928,102780,109632,116484,123336,130188,137040,table-of-6852,6851,/table-of-6851,6850,/table-of-6850,6849,/table-of-6849
6853,13706,20559,27412,34265,41118,47971,54824,61677,68530,75383,82236,89089,95942,102795,109648,116501,123354,130207,137060,table-of-6853,6852,/table-of-6852,6851,/table-of-6851,6850,/table-of-6850
6854,13708,20562,27416,34270,41124,47978,54832,61686,68540,75394,82248,89102,95956,102810,109664,116518,123372,130226,137080,table-of-6854,6853,/table-of-6853,6852,/table-of-6852,6851,/table-of-6851
6855,13710,20565,27420,34275,41130,47985,54840,61695,68550,75405,82260,89115,95970,102825,109680,116535,123390,130245,137100,table-of-6855,6854,/table-of-6854,6853,/table-of-6853,6852,/table-of-6852
6856,13712,20568,27424,34280,41136,47992,54848,61704,68560,75416,82272,89128,95984,102840,109696,116552,123408,130264,137120,table-of-6856,6855,/table-of-6855,6854,/table-of-6854,6853,/table-of-6853
6857,13714,20571,27428,34285,41142,47999,54856,61713,68570,75427,82284,89141,95998,102855,109712,116569,123426,130283,137140,table-of-6857,6856,/table-of-6856,6855,/table-of-6855,6854,/table-of-6854
6858,13716,20574,27432,34290,41148,48006,54864,61722,68580,75438,82296,89154,96012,102870,109728,116586,123444,130302,137160,table-of-6858,6857,/table-of-6857,6856,/table-of-6856,6855,/table-of-6855
6859,13718,20577,27436,34295,41154,48013,54872,61731,68590,75449,82308,89167,96026,102885,109744,116603,123462,130321,137180,table-of-6859,6858,/table-of-6858,6857,/table-of-6857,6856,/table-of-6856
6860,13720,20580,27440,34300,41160,48020,54880,61740,68600,75460,82320,89180,96040,102900,109760,116620,123480,130340,137200,table-of-6860,6859,/table-of-6859,6858,/table-of-6858,6857,/table-of-6857
6861,13722,20583,27444,34305,41166,48027,54888,61749,68610,75471,82332,89193,96054,102915,109776,116637,123498,130359,137220,table-of-6861,6860,/table-of-6860,6859,/table-of-6859,6858,/table-of-6858
6862,13724,20586,27448,34310,41172,48034,54896,61758,68620,75482,82344,89206,96068,102930,109792,116654,123516,130378,137240,table-of-6862,6861,/table-of-6861,6860,/table-of-6860,6859,/table-of-6859
6863,13726,20589,27452,34315,41178,48041,54904,61767,68630,75493,82356,89219,96082,102945,109808,116671,123534,130397,137260,table-of-6863,6862,/table-of-6862,6861,/table-of-6861,6860,/table-of-6860
6864,13728,20592,27456,34320,41184,48048,54912,61776,68640,75504,82368,89232,96096,102960,109824,116688,123552,130416,137280,table-of-6864,6863,/table-of-6863,6862,/table-of-6862,6861,/table-of-6861
6865,13730,20595,27460,34325,41190,48055,54920,61785,68650,75515,82380,89245,96110,102975,109840,116705,123570,130435,137300,table-of-6865,6864,/table-of-6864,6863,/table-of-6863,6862,/table-of-6862
6866,13732,20598,27464,34330,41196,48062,54928,61794,68660,75526,82392,89258,96124,102990,109856,116722,123588,130454,137320,table-of-6866,6865,/table-of-6865,6864,/table-of-6864,6863,/table-of-6863
6867,13734,20601,27468,34335,41202,48069,54936,61803,68670,75537,82404,89271,96138,103005,109872,116739,123606,130473,137340,table-of-6867,6866,/table-of-6866,6865,/table-of-6865,6864,/table-of-6864
6868,13736,20604,27472,34340,41208,48076,54944,61812,68680,75548,82416,89284,96152,103020,109888,116756,123624,130492,137360,table-of-6868,6867,/table-of-6867,6866,/table-of-6866,6865,/table-of-6865
6869,13738,20607,27476,34345,41214,48083,54952,61821,68690,75559,82428,89297,96166,103035,109904,116773,123642,130511,137380,table-of-6869,6868,/table-of-6868,6867,/table-of-6867,6866,/table-of-6866
6870,13740,20610,27480,34350,41220,48090,54960,61830,68700,75570,82440,89310,96180,103050,109920,116790,123660,130530,137400,table-of-6870,6869,/table-of-6869,6868,/table-of-6868,6867,/table-of-6867
6871,13742,20613,27484,34355,41226,48097,54968,61839,68710,75581,82452,89323,96194,103065,109936,116807,123678,130549,137420,table-of-6871,6870,/table-of-6870,6869,/table-of-6869,6868,/table-of-6868
6872,13744,20616,27488,34360,41232,48104,54976,61848,68720,75592,82464,89336,96208,103080,109952,116824,123696,130568,137440,table-of-6872,6871,/table-of-6871,6870,/table-of-6870,6869,/table-of-6869
6873,13746,20619,27492,34365,41238,48111,54984,61857,68730,75603,82476,89349,96222,103095,109968,116841,123714,130587,137460,table-of-6873,6872,/table-of-6872,6871,/table-of-6871,6870,/table-of-6870
6874,13748,20622,27496,34370,41244,48118,54992,61866,68740,75614,82488,89362,96236,103110,109984,116858,123732,130606,137480,table-of-6874,6873,/table-of-6873,6872,/table-of-6872,6871,/table-of-6871
6875,13750,20625,27500,34375,41250,48125,55000,61875,68750,75625,82500,89375,96250,103125,110000,116875,123750,130625,137500,table-of-6875,6874,/table-of-6874,6873,/table-of-6873,6872,/table-of-6872
6876,13752,20628,27504,34380,41256,48132,55008,61884,68760,75636,82512,89388,96264,103140,110016,116892,123768,130644,137520,table-of-6876,6875,/table-of-6875,6874,/table-of-6874,6873,/table-of-6873
6877,13754,20631,27508,34385,41262,48139,55016,61893,68770,75647,82524,89401,96278,103155,110032,116909,123786,130663,137540,table-of-6877,6876,/table-of-6876,6875,/table-of-6875,6874,/table-of-6874
6878,13756,20634,27512,34390,41268,48146,55024,61902,68780,75658,82536,89414,96292,103170,110048,116926,123804,130682,137560,table-of-6878,6877,/table-of-6877,6876,/table-of-6876,6875,/table-of-6875
6879,13758,20637,27516,34395,41274,48153,55032,61911,68790,75669,82548,89427,96306,103185,110064,116943,123822,130701,137580,table-of-6879,6878,/table-of-6878,6877,/table-of-6877,6876,/table-of-6876
6880,13760,20640,27520,34400,41280,48160,55040,61920,68800,75680,82560,89440,96320,103200,110080,116960,123840,130720,137600,table-of-6880,6879,/table-of-6879,6878,/table-of-6878,6877,/table-of-6877
6881,13762,20643,27524,34405,41286,48167,55048,61929,68810,75691,82572,89453,96334,103215,110096,116977,123858,130739,137620,table-of-6881,6880,/table-of-6880,6879,/table-of-6879,6878,/table-of-6878
6882,13764,20646,27528,34410,41292,48174,55056,61938,68820,75702,82584,89466,96348,103230,110112,116994,123876,130758,137640,table-of-6882,6881,/table-of-6881,6880,/table-of-6880,6879,/table-of-6879
6883,13766,20649,27532,34415,41298,48181,55064,61947,68830,75713,82596,89479,96362,103245,110128,117011,123894,130777,137660,table-of-6883,6882,/table-of-6882,6881,/table-of-6881,6880,/table-of-6880
6884,13768,20652,27536,34420,41304,48188,55072,61956,68840,75724,82608,89492,96376,103260,110144,117028,123912,130796,137680,table-of-6884,6883,/table-of-6883,6882,/table-of-6882,6881,/table-of-6881
6885,13770,20655,27540,34425,41310,48195,55080,61965,68850,75735,82620,89505,96390,103275,110160,117045,123930,130815,137700,table-of-6885,6884,/table-of-6884,6883,/table-of-6883,6882,/table-of-6882
6886,13772,20658,27544,34430,41316,48202,55088,61974,68860,75746,82632,89518,96404,103290,110176,117062,123948,130834,137720,table-of-6886,6885,/table-of-6885,6884,/table-of-6884,6883,/table-of-6883
6887,13774,20661,27548,34435,41322,48209,55096,61983,68870,75757,82644,89531,96418,103305,110192,117079,123966,130853,137740,table-of-6887,6886,/table-of-6886,6885,/table-of-6885,6884,/table-of-6884
6888,13776,20664,27552,34440,41328,48216,55104,61992,68880,75768,82656,89544,96432,103320,110208,117096,123984,130872,137760,table-of-6888,6887,/table-of-6887,6886,/table-of-6886,6885,/table-of-6885
6889,13778,20667,27556,34445,41334,48223,55112,62001,68890,75779,82668,89557,96446,103335,110224,117113,124002,130891,137780,table-of-6889,6888,/table-of-6888,6887,/table-of-6887,6886,/table-of-6886
6890,13780,20670,27560,34450,41340,48230,55120,62010,68900,75790,82680,89570,96460,103350,110240,117130,124020,130910,137800,table-of-6890,6889,/table-of-6889,6888,/table-of-6888,6887,/table-of-6887
6891,13782,20673,27564,34455,41346,48237,55128,62019,68910,75801,82692,89583,96474,103365,110256,117147,124038,130929,137820,table-of-6891,6890,/table-of-6890,6889,/table-of-6889,6888,/table-of-6888
6892,13784,20676,27568,34460,41352,48244,55136,62028,68920,75812,82704,89596,96488,103380,110272,117164,124056,130948,137840,table-of-6892,6891,/table-of-6891,6890,/table-of-6890,6889,/table-of-6889
6893,13786,20679,27572,34465,41358,48251,55144,62037,68930,75823,82716,89609,96502,103395,110288,117181,124074,130967,137860,table-of-6893,6892,/table-of-6892,6891,/table-of-6891,6890,/table-of-6890
6894,13788,20682,27576,34470,41364,48258,55152,62046,68940,75834,82728,89622,96516,103410,110304,117198,124092,130986,137880,table-of-6894,6893,/table-of-6893,6892,/table-of-6892,6891,/table-of-6891
6895,13790,20685,27580,34475,41370,48265,55160,62055,68950,75845,82740,89635,96530,103425,110320,117215,124110,131005,137900,table-of-6895,6894,/table-of-6894,6893,/table-of-6893,6892,/table-of-6892
6896,13792,20688,27584,34480,41376,48272,55168,62064,68960,75856,82752,89648,96544,103440,110336,117232,124128,131024,137920,table-of-6896,6895,/table-of-6895,6894,/table-of-6894,6893,/table-of-6893
6897,13794,20691,27588,34485,41382,48279,55176,62073,68970,75867,82764,89661,96558,103455,110352,117249,124146,131043,137940,table-of-6897,6896,/table-of-6896,6895,/table-of-6895,6894,/table-of-6894
6898,13796,20694,27592,34490,41388,48286,55184,62082,68980,75878,82776,89674,96572,103470,110368,117266,124164,131062,137960,table-of-6898,6897,/table-of-6897,6896,/table-of-6896,6895,/table-of-6895
6899,13798,20697,27596,34495,41394,48293,55192,62091,68990,75889,82788,89687,96586,103485,110384,117283,124182,131081,137980,table-of-6899,6898,/table-of-6898,6897,/table-of-6897,6896,/table-of-6896
6900,13800,20700,27600,34500,41400,48300,55200,62100,69000,75900,82800,89700,96600,103500,110400,117300,124200,131100,138000,table-of-6900,6899,/table-of-6899,6898,/table-of-6898,6897,/table-of-6897
6901,13802,20703,27604,34505,41406,48307,55208,62109,69010,75911,82812,89713,96614,103515,110416,117317,124218,131119,138020,table-of-6901,6900,/table-of-6900,6899,/table-of-6899,6898,/table-of-6898
6902,13804,20706,27608,34510,41412,48314,55216,62118,69020,75922,82824,89726,96628,103530,110432,117334,124236,131138,138040,table-of-6902,6901,/table-of-6901,6900,/table-of-6900,6899,/table-of-6899
6903,13806,20709,27612,34515,41418,48321,55224,62127,69030,75933,82836,89739,96642,103545,110448,117351,124254,131157,138060,table-of-6903,6902,/table-of-6902,6901,/table-of-6901,6900,/table-of-6900
6904,13808,20712,27616,34520,41424,48328,55232,62136,69040,75944,82848,89752,96656,103560,110464,117368,124272,131176,138080,table-of-6904,6903,/table-of-6903,6902,/table-of-6902,6901,/table-of-6901
6905,13810,20715,27620,34525,41430,48335,55240,62145,69050,75955,82860,89765,96670,103575,110480,117385,124290,131195,138100,table-of-6905,6904,/table-of-6904,6903,/table-of-6903,6902,/table-of-6902
6906,13812,20718,27624,34530,41436,48342,55248,62154,69060,75966,82872,89778,96684,103590,110496,117402,124308,131214,138120,table-of-6906,6905,/table-of-6905,6904,/table-of-6904,6903,/table-of-6903
6907,13814,20721,27628,34535,41442,48349,55256,62163,69070,75977,82884,89791,96698,103605,110512,117419,124326,131233,138140,table-of-6907,6906,/table-of-6906,6905,/table-of-6905,6904,/table-of-6904
6908,13816,20724,27632,34540,41448,48356,55264,62172,69080,75988,82896,89804,96712,103620,110528,117436,124344,131252,138160,table-of-6908,6907,/table-of-6907,6906,/table-of-6906,6905,/table-of-6905
6909,13818,20727,27636,34545,41454,48363,55272,62181,69090,75999,82908,89817,96726,103635,110544,117453,124362,131271,138180,table-of-6909,6908,/table-of-6908,6907,/table-of-6907,6906,/table-of-6906
6910,13820,20730,27640,34550,41460,48370,55280,62190,69100,76010,82920,89830,96740,103650,110560,117470,124380,131290,138200,table-of-6910,6909,/table-of-6909,6908,/table-of-6908,6907,/table-of-6907
6911,13822,20733,27644,34555,41466,48377,55288,62199,69110,76021,82932,89843,96754,103665,110576,117487,124398,131309,138220,table-of-6911,6910,/table-of-6910,6909,/table-of-6909,6908,/table-of-6908
6912,13824,20736,27648,34560,41472,48384,55296,62208,69120,76032,82944,89856,96768,103680,110592,117504,124416,131328,138240,table-of-6912,6911,/table-of-6911,6910,/table-of-6910,6909,/table-of-6909
6913,13826,20739,27652,34565,41478,48391,55304,62217,69130,76043,82956,89869,96782,103695,110608,117521,124434,131347,138260,table-of-6913,6912,/table-of-6912,6911,/table-of-6911,6910,/table-of-6910
6914,13828,20742,27656,34570,41484,48398,55312,62226,69140,76054,82968,89882,96796,103710,110624,117538,124452,131366,138280,table-of-6914,6913,/table-of-6913,6912,/table-of-6912,6911,/table-of-6911
6915,13830,20745,27660,34575,41490,48405,55320,62235,69150,76065,82980,89895,96810,103725,110640,117555,124470,131385,138300,table-of-6915,6914,/table-of-6914,6913,/table-of-6913,6912,/table-of-6912
6916,13832,20748,27664,34580,41496,48412,55328,62244,69160,76076,82992,89908,96824,103740,110656,117572,124488,131404,138320,table-of-6916,6915,/table-of-6915,6914,/table-of-6914,6913,/table-of-6913
6917,13834,20751,27668,34585,41502,48419,55336,62253,69170,76087,83004,89921,96838,103755,110672,117589,124506,131423,138340,table-of-6917,6916,/table-of-6916,6915,/table-of-6915,6914,/table-of-6914
6918,13836,20754,27672,34590,41508,48426,55344,62262,69180,76098,83016,89934,96852,103770,110688,117606,124524,131442,138360,table-of-6918,6917,/table-of-6917,6916,/table-of-6916,6915,/table-of-6915
6919,13838,20757,27676,34595,41514,48433,55352,62271,69190,76109,83028,89947,96866,103785,110704,117623,124542,131461,138380,table-of-6919,6918,/table-of-6918,6917,/table-of-6917,6916,/table-of-6916
6920,13840,20760,27680,34600,41520,48440,55360,62280,69200,76120,83040,89960,96880,103800,110720,117640,124560,131480,138400,table-of-6920,6919,/table-of-6919,6918,/table-of-6918,6917,/table-of-6917
6921,13842,20763,27684,34605,41526,48447,55368,62289,69210,76131,83052,89973,96894,103815,110736,117657,124578,131499,138420,table-of-6921,6920,/table-of-6920,6919,/table-of-6919,6918,/table-of-6918
6922,13844,20766,27688,34610,41532,48454,55376,62298,69220,76142,83064,89986,96908,103830,110752,117674,124596,131518,138440,table-of-6922,6921,/table-of-6921,6920,/table-of-6920,6919,/table-of-6919
6923,13846,20769,27692,34615,41538,48461,55384,62307,69230,76153,83076,89999,96922,103845,110768,117691,124614,131537,138460,table-of-6923,6922,/table-of-6922,6921,/table-of-6921,6920,/table-of-6920
6924,13848,20772,27696,34620,41544,48468,55392,62316,69240,76164,83088,90012,96936,103860,110784,117708,124632,131556,138480,table-of-6924,6923,/table-of-6923,6922,/table-of-6922,6921,/table-of-6921
6925,13850,20775,27700,34625,41550,48475,55400,62325,69250,76175,83100,90025,96950,103875,110800,117725,124650,131575,138500,table-of-6925,6924,/table-of-6924,6923,/table-of-6923,6922,/table-of-6922
6926,13852,20778,27704,34630,41556,48482,55408,62334,69260,76186,83112,90038,96964,103890,110816,117742,124668,131594,138520,table-of-6926,6925,/table-of-6925,6924,/table-of-6924,6923,/table-of-6923
6927,13854,20781,27708,34635,41562,48489,55416,62343,69270,76197,83124,90051,96978,103905,110832,117759,124686,131613,138540,table-of-6927,6926,/table-of-6926,6925,/table-of-6925,6924,/table-of-6924
6928,13856,20784,27712,34640,41568,48496,55424,62352,69280,76208,83136,90064,96992,103920,110848,117776,124704,131632,138560,table-of-6928,6927,/table-of-6927,6926,/table-of-6926,6925,/table-of-6925
6929,13858,20787,27716,34645,41574,48503,55432,62361,69290,76219,83148,90077,97006,103935,110864,117793,124722,131651,138580,table-of-6929,6928,/table-of-6928,6927,/table-of-6927,6926,/table-of-6926
6930,13860,20790,27720,34650,41580,48510,55440,62370,69300,76230,83160,90090,97020,103950,110880,117810,124740,131670,138600,table-of-6930,6929,/table-of-6929,6928,/table-of-6928,6927,/table-of-6927
6931,13862,20793,27724,34655,41586,48517,55448,62379,69310,76241,83172,90103,97034,103965,110896,117827,124758,131689,138620,table-of-6931,6930,/table-of-6930,6929,/table-of-6929,6928,/table-of-6928
6932,13864,20796,27728,34660,41592,48524,55456,62388,69320,76252,83184,90116,97048,103980,110912,117844,124776,131708,138640,table-of-6932,6931,/table-of-6931,6930,/table-of-6930,6929,/table-of-6929
6933,13866,20799,27732,34665,41598,48531,55464,62397,69330,76263,83196,90129,97062,103995,110928,117861,124794,131727,138660,table-of-6933,6932,/table-of-6932,6931,/table-of-6931,6930,/table-of-6930
6934,13868,20802,27736,34670,41604,48538,55472,62406,69340,76274,83208,90142,97076,104010,110944,117878,124812,131746,138680,table-of-6934,6933,/table-of-6933,6932,/table-of-6932,6931,/table-of-6931
6935,13870,20805,27740,34675,41610,48545,55480,62415,69350,76285,83220,90155,97090,104025,110960,117895,124830,131765,138700,table-of-6935,6934,/table-of-6934,6933,/table-of-6933,6932,/table-of-6932
6936,13872,20808,27744,34680,41616,48552,55488,62424,69360,76296,83232,90168,97104,104040,110976,117912,124848,131784,138720,table-of-6936,6935,/table-of-6935,6934,/table-of-6934,6933,/table-of-6933
6937,13874,20811,27748,34685,41622,48559,55496,62433,69370,76307,83244,90181,97118,104055,110992,117929,124866,131803,138740,table-of-6937,6936,/table-of-6936,6935,/table-of-6935,6934,/table-of-6934
6938,13876,20814,27752,34690,41628,48566,55504,62442,69380,76318,83256,90194,97132,104070,111008,117946,124884,131822,138760,table-of-6938,6937,/table-of-6937,6936,/table-of-6936,6935,/table-of-6935
6939,13878,20817,27756,34695,41634,48573,55512,62451,69390,76329,83268,90207,97146,104085,111024,117963,124902,131841,138780,table-of-6939,6938,/table-of-6938,6937,/table-of-6937,6936,/table-of-6936
6940,13880,20820,27760,34700,41640,48580,55520,62460,69400,76340,83280,90220,97160,104100,111040,117980,124920,131860,138800,table-of-6940,6939,/table-of-6939,6938,/table-of-6938,6937,/table-of-6937
6941,13882,20823,27764,34705,41646,48587,55528,62469,69410,76351,83292,90233,97174,104115,111056,117997,124938,131879,138820,table-of-6941,6940,/table-of-6940,6939,/table-of-6939,6938,/table-of-6938
6942,13884,20826,27768,34710,41652,48594,55536,62478,69420,76362,83304,90246,97188,104130,111072,118014,124956,131898,138840,table-of-6942,6941,/table-of-6941,6940,/table-of-6940,6939,/table-of-6939
6943,13886,20829,27772,34715,41658,48601,55544,62487,69430,76373,83316,90259,97202,104145,111088,118031,124974,131917,138860,table-of-6943,6942,/table-of-6942,6941,/table-of-6941,6940,/table-of-6940
6944,13888,20832,27776,34720,41664,48608,55552,62496,69440,76384,83328,90272,97216,104160,111104,118048,124992,131936,138880,table-of-6944,6943,/table-of-6943,6942,/table-of-6942,6941,/table-of-6941
6945,13890,20835,27780,34725,41670,48615,55560,62505,69450,76395,83340,90285,97230,104175,111120,118065,125010,131955,138900,table-of-6945,6944,/table-of-6944,6943,/table-of-6943,6942,/table-of-6942
6946,13892,20838,27784,34730,41676,48622,55568,62514,69460,76406,83352,90298,97244,104190,111136,118082,125028,131974,138920,table-of-6946,6945,/table-of-6945,6944,/table-of-6944,6943,/table-of-6943
6947,13894,20841,27788,34735,41682,48629,55576,62523,69470,76417,83364,90311,97258,104205,111152,118099,125046,131993,138940,table-of-6947,6946,/table-of-6946,6945,/table-of-6945,6944,/table-of-6944
6948,13896,20844,27792,34740,41688,48636,55584,62532,69480,76428,83376,90324,97272,104220,111168,118116,125064,132012,138960,table-of-6948,6947,/table-of-6947,6946,/table-of-6946,6945,/table-of-6945
6949,13898,20847,27796,34745,41694,48643,55592,62541,69490,76439,83388,90337,97286,104235,111184,118133,125082,132031,138980,table-of-6949,6948,/table-of-6948,6947,/table-of-6947,6946,/table-of-6946
6950,13900,20850,27800,34750,41700,48650,55600,62550,69500,76450,83400,90350,97300,104250,111200,118150,125100,132050,139000,table-of-6950,6949,/table-of-6949,6948,/table-of-6948,6947,/table-of-6947
6951,13902,20853,27804,34755,41706,48657,55608,62559,69510,76461,83412,90363,97314,104265,111216,118167,125118,132069,139020,table-of-6951,6950,/table-of-6950,6949,/table-of-6949,6948,/table-of-6948
6952,13904,20856,27808,34760,41712,48664,55616,62568,69520,76472,83424,90376,97328,104280,111232,118184,125136,132088,139040,table-of-6952,6951,/table-of-6951,6950,/table-of-6950,6949,/table-of-6949
6953,13906,20859,27812,34765,41718,48671,55624,62577,69530,76483,83436,90389,97342,104295,111248,118201,125154,132107,139060,table-of-6953,6952,/table-of-6952,6951,/table-of-6951,6950,/table-of-6950
6954,13908,20862,27816,34770,41724,48678,55632,62586,69540,76494,83448,90402,97356,104310,111264,118218,125172,132126,139080,table-of-6954,6953,/table-of-6953,6952,/table-of-6952,6951,/table-of-6951
6955,13910,20865,27820,34775,41730,48685,55640,62595,69550,76505,83460,90415,97370,104325,111280,118235,125190,132145,139100,table-of-6955,6954,/table-of-6954,6953,/table-of-6953,6952,/table-of-6952
6956,13912,20868,27824,34780,41736,48692,55648,62604,69560,76516,83472,90428,97384,104340,111296,118252,125208,132164,139120,table-of-6956,6955,/table-of-6955,6954,/table-of-6954,6953,/table-of-6953
6957,13914,20871,27828,34785,41742,48699,55656,62613,69570,76527,83484,90441,97398,104355,111312,118269,125226,132183,139140,table-of-6957,6956,/table-of-6956,6955,/table-of-6955,6954,/table-of-6954
6958,13916,20874,27832,34790,41748,48706,55664,62622,69580,76538,83496,90454,97412,104370,111328,118286,125244,132202,139160,table-of-6958,6957,/table-of-6957,6956,/table-of-6956,6955,/table-of-6955
6959,13918,20877,27836,34795,41754,48713,55672,62631,69590,76549,83508,90467,97426,104385,111344,118303,125262,132221,139180,table-of-6959,6958,/table-of-6958,6957,/table-of-6957,6956,/table-of-6956
6960,13920,20880,27840,34800,41760,48720,55680,62640,69600,76560,83520,90480,97440,104400,111360,118320,125280,132240,139200,table-of-6960,6959,/table-of-6959,6958,/table-of-6958,6957,/table-of-6957
6961,13922,20883,27844,34805,41766,48727,55688,62649,69610,76571,83532,90493,97454,104415,111376,118337,125298,132259,139220,table-of-6961,6960,/table-of-6960,6959,/table-of-6959,6958,/table-of-6958
6962,13924,20886,27848,34810,41772,48734,55696,62658,69620,76582,83544,90506,97468,104430,111392,118354,125316,132278,139240,table-of-6962,6961,/table-of-6961,6960,/table-of-6960,6959,/table-of-6959
6963,13926,20889,27852,34815,41778,48741,55704,62667,69630,76593,83556,90519,97482,104445,111408,118371,125334,132297,139260,table-of-6963,6962,/table-of-6962,6961,/table-of-6961,6960,/table-of-6960
6964,13928,20892,27856,34820,41784,48748,55712,62676,69640,76604,83568,90532,97496,104460,111424,118388,125352,132316,139280,table-of-6964,6963,/table-of-6963,6962,/table-of-6962,6961,/table-of-6961
6965,13930,20895,27860,34825,41790,48755,55720,62685,69650,76615,83580,90545,97510,104475,111440,118405,125370,132335,139300,table-of-6965,6964,/table-of-6964,6963,/table-of-6963,6962,/table-of-6962
6966,13932,20898,27864,34830,41796,48762,55728,62694,69660,76626,83592,90558,97524,104490,111456,118422,125388,132354,139320,table-of-6966,6965,/table-of-6965,6964,/table-of-6964,6963,/table-of-6963
6967,13934,20901,27868,34835,41802,48769,55736,62703,69670,76637,83604,90571,97538,104505,111472,118439,125406,132373,139340,table-of-6967,6966,/table-of-6966,6965,/table-of-6965,6964,/table-of-6964
6968,13936,20904,27872,34840,41808,48776,55744,62712,69680,76648,83616,90584,97552,104520,111488,118456,125424,132392,139360,table-of-6968,6967,/table-of-6967,6966,/table-of-6966,6965,/table-of-6965
6969,13938,20907,27876,34845,41814,48783,55752,62721,69690,76659,83628,90597,97566,104535,111504,118473,125442,132411,139380,table-of-6969,6968,/table-of-6968,6967,/table-of-6967,6966,/table-of-6966
6970,13940,20910,27880,34850,41820,48790,55760,62730,69700,76670,83640,90610,97580,104550,111520,118490,125460,132430,139400,table-of-6970,6969,/table-of-6969,6968,/table-of-6968,6967,/table-of-6967
6971,13942,20913,27884,34855,41826,48797,55768,62739,69710,76681,83652,90623,97594,104565,111536,118507,125478,132449,139420,table-of-6971,6970,/table-of-6970,6969,/table-of-6969,6968,/table-of-6968
6972,13944,20916,27888,34860,41832,48804,55776,62748,69720,76692,83664,90636,97608,104580,111552,118524,125496,132468,139440,table-of-6972,6971,/table-of-6971,6970,/table-of-6970,6969,/table-of-6969
6973,13946,20919,27892,34865,41838,48811,55784,62757,69730,76703,83676,90649,97622,104595,111568,118541,125514,132487,139460,table-of-6973,6972,/table-of-6972,6971,/table-of-6971,6970,/table-of-6970
6974,13948,20922,27896,34870,41844,48818,55792,62766,69740,76714,83688,90662,97636,104610,111584,118558,125532,132506,139480,table-of-6974,6973,/table-of-6973,6972,/table-of-6972,6971,/table-of-6971
6975,13950,20925,27900,34875,41850,48825,55800,62775,69750,76725,83700,90675,97650,104625,111600,118575,125550,132525,139500,table-of-6975,6974,/table-of-6974,6973,/table-of-6973,6972,/table-of-6972
6976,13952,20928,27904,34880,41856,48832,55808,62784,69760,76736,83712,90688,97664,104640,111616,118592,125568,132544,139520,table-of-6976,6975,/table-of-6975,6974,/table-of-6974,6973,/table-of-6973
6977,13954,20931,27908,34885,41862,48839,55816,62793,69770,76747,83724,90701,97678,104655,111632,118609,125586,132563,139540,table-of-6977,6976,/table-of-6976,6975,/table-of-6975,6974,/table-of-6974
6978,13956,20934,27912,34890,41868,48846,55824,62802,69780,76758,83736,90714,97692,104670,111648,118626,125604,132582,139560,table-of-6978,6977,/table-of-6977,6976,/table-of-6976,6975,/table-of-6975
6979,13958,20937,27916,34895,41874,48853,55832,62811,69790,76769,83748,90727,97706,104685,111664,118643,125622,132601,139580,table-of-6979,6978,/table-of-6978,6977,/table-of-6977,6976,/table-of-6976
6980,13960,20940,27920,34900,41880,48860,55840,62820,69800,76780,83760,90740,97720,104700,111680,118660,125640,132620,139600,table-of-6980,6979,/table-of-6979,6978,/table-of-6978,6977,/table-of-6977
6981,13962,20943,27924,34905,41886,48867,55848,62829,69810,76791,83772,90753,97734,104715,111696,118677,125658,132639,139620,table-of-6981,6980,/table-of-6980,6979,/table-of-6979,6978,/table-of-6978
6982,13964,20946,27928,34910,41892,48874,55856,62838,69820,76802,83784,90766,97748,104730,111712,118694,125676,132658,139640,table-of-6982,6981,/table-of-6981,6980,/table-of-6980,6979,/table-of-6979
6983,13966,20949,27932,34915,41898,48881,55864,62847,69830,76813,83796,90779,97762,104745,111728,118711,125694,132677,139660,table-of-6983,6982,/table-of-6982,6981,/table-of-6981,6980,/table-of-6980
6984,13968,20952,27936,34920,41904,48888,55872,62856,69840,76824,83808,90792,97776,104760,111744,118728,125712,132696,139680,table-of-6984,6983,/table-of-6983,6982,/table-of-6982,6981,/table-of-6981
6985,13970,20955,27940,34925,41910,48895,55880,62865,69850,76835,83820,90805,97790,104775,111760,118745,125730,132715,139700,table-of-6985,6984,/table-of-6984,6983,/table-of-6983,6982,/table-of-6982
6986,13972,20958,27944,34930,41916,48902,55888,62874,69860,76846,83832,90818,97804,104790,111776,118762,125748,132734,139720,table-of-6986,6985,/table-of-6985,6984,/table-of-6984,6983,/table-of-6983
6987,13974,20961,27948,34935,41922,48909,55896,62883,69870,76857,83844,90831,97818,104805,111792,118779,125766,132753,139740,table-of-6987,6986,/table-of-6986,6985,/table-of-6985,6984,/table-of-6984
6988,13976,20964,27952,34940,41928,48916,55904,62892,69880,76868,83856,90844,97832,104820,111808,118796,125784,132772,139760,table-of-6988,6987,/table-of-6987,6986,/table-of-6986,6985,/table-of-6985
6989,13978,20967,27956,34945,41934,48923,55912,62901,69890,76879,83868,90857,97846,104835,111824,118813,125802,132791,139780,table-of-6989,6988,/table-of-6988,6987,/table-of-6987,6986,/table-of-6986
6990,13980,20970,27960,34950,41940,48930,55920,62910,69900,76890,83880,90870,97860,104850,111840,118830,125820,132810,139800,table-of-6990,6989,/table-of-6989,6988,/table-of-6988,6987,/table-of-6987
6991,13982,20973,27964,34955,41946,48937,55928,62919,69910,76901,83892,90883,97874,104865,111856,118847,125838,132829,139820,table-of-6991,6990,/table-of-6990,6989,/table-of-6989,6988,/table-of-6988
6992,13984,20976,27968,34960,41952,48944,55936,62928,69920,76912,83904,90896,97888,104880,111872,118864,125856,132848,139840,table-of-6992,6991,/table-of-6991,6990,/table-of-6990,6989,/table-of-6989
6993,13986,20979,27972,34965,41958,48951,55944,62937,69930,76923,83916,90909,97902,104895,111888,118881,125874,132867,139860,table-of-6993,6992,/table-of-6992,6991,/table-of-6991,6990,/table-of-6990
6994,13988,20982,27976,34970,41964,48958,55952,62946,69940,76934,83928,90922,97916,104910,111904,118898,125892,132886,139880,table-of-6994,6993,/table-of-6993,6992,/table-of-6992,6991,/table-of-6991
6995,13990,20985,27980,34975,41970,48965,55960,62955,69950,76945,83940,90935,97930,104925,111920,118915,125910,132905,139900,table-of-6995,6994,/table-of-6994,6993,/table-of-6993,6992,/table-of-6992
6996,13992,20988,27984,34980,41976,48972,55968,62964,69960,76956,83952,90948,97944,104940,111936,118932,125928,132924,139920,table-of-6996,6995,/table-of-6995,6994,/table-of-6994,6993,/table-of-6993
6997,13994,20991,27988,34985,41982,48979,55976,62973,69970,76967,83964,90961,97958,104955,111952,118949,125946,132943,139940,table-of-6997,6996,/table-of-6996,6995,/table-of-6995,6994,/table-of-6994
6998,13996,20994,27992,34990,41988,48986,55984,62982,69980,76978,83976,90974,97972,104970,111968,118966,125964,132962,139960,table-of-6998,6997,/table-of-6997,6996,/table-of-6996,6995,/table-of-6995
6999,13998,20997,27996,34995,41994,48993,55992,62991,69990,76989,83988,90987,97986,104985,111984,118983,125982,132981,139980,table-of-6999,6998,/table-of-6998,6997,/table-of-6997,6996,/table-of-6996
7000,14000,21000,28000,35000,42000,49000,56000,63000,70000,77000,84000,91000,98000,105000,112000,119000,126000,133000,140000,table-of-7000,6999,/table-of-6999,6998,/table-of-6998,6997,/table-of-6997
7001,14002,21003,28004,35005,42006,49007,56008,63009,70010,77011,84012,91013,98014,105015,112016,119017,126018,133019,140020,table-of-7001,7000,/table-of-7000,6999,/table-of-6999,6998,/table-of-6998
7002,14004,21006,28008,35010,42012,49014,56016,63018,70020,77022,84024,91026,98028,105030,112032,119034,126036,133038,140040,table-of-7002,7001,/table-of-7001,7000,/table-of-7000,6999,/table-of-6999
7003,14006,21009,28012,35015,42018,49021,56024,63027,70030,77033,84036,91039,98042,105045,112048,119051,126054,133057,140060,table-of-7003,7002,/table-of-7002,7001,/table-of-7001,7000,/table-of-7000
7004,14008,21012,28016,35020,42024,49028,56032,63036,70040,77044,84048,91052,98056,105060,112064,119068,126072,133076,140080,table-of-7004,7003,/table-of-7003,7002,/table-of-7002,7001,/table-of-7001
7005,14010,21015,28020,35025,42030,49035,56040,63045,70050,77055,84060,91065,98070,105075,112080,119085,126090,133095,140100,table-of-7005,7004,/table-of-7004,7003,/table-of-7003,7002,/table-of-7002
7006,14012,21018,28024,35030,42036,49042,56048,63054,70060,77066,84072,91078,98084,105090,112096,119102,126108,133114,140120,table-of-7006,7005,/table-of-7005,7004,/table-of-7004,7003,/table-of-7003
7007,14014,21021,28028,35035,42042,49049,56056,63063,70070,77077,84084,91091,98098,105105,112112,119119,126126,133133,140140,table-of-7007,7006,/table-of-7006,7005,/table-of-7005,7004,/table-of-7004
7008,14016,21024,28032,35040,42048,49056,56064,63072,70080,77088,84096,91104,98112,105120,112128,119136,126144,133152,140160,table-of-7008,7007,/table-of-7007,7006,/table-of-7006,7005,/table-of-7005
7009,14018,21027,28036,35045,42054,49063,56072,63081,70090,77099,84108,91117,98126,105135,112144,119153,126162,133171,140180,table-of-7009,7008,/table-of-7008,7007,/table-of-7007,7006,/table-of-7006
7010,14020,21030,28040,35050,42060,49070,56080,63090,70100,77110,84120,91130,98140,105150,112160,119170,126180,133190,140200,table-of-7010,7009,/table-of-7009,7008,/table-of-7008,7007,/table-of-7007
7011,14022,21033,28044,35055,42066,49077,56088,63099,70110,77121,84132,91143,98154,105165,112176,119187,126198,133209,140220,table-of-7011,7010,/table-of-7010,7009,/table-of-7009,7008,/table-of-7008
7012,14024,21036,28048,35060,42072,49084,56096,63108,70120,77132,84144,91156,98168,105180,112192,119204,126216,133228,140240,table-of-7012,7011,/table-of-7011,7010,/table-of-7010,7009,/table-of-7009
7013,14026,21039,28052,35065,42078,49091,56104,63117,70130,77143,84156,91169,98182,105195,112208,119221,126234,133247,140260,table-of-7013,7012,/table-of-7012,7011,/table-of-7011,7010,/table-of-7010
7014,14028,21042,28056,35070,42084,49098,56112,63126,70140,77154,84168,91182,98196,105210,112224,119238,126252,133266,140280,table-of-7014,7013,/table-of-7013,7012,/table-of-7012,7011,/table-of-7011
7015,14030,21045,28060,35075,42090,49105,56120,63135,70150,77165,84180,91195,98210,105225,112240,119255,126270,133285,140300,table-of-7015,7014,/table-of-7014,7013,/table-of-7013,7012,/table-of-7012
7016,14032,21048,28064,35080,42096,49112,56128,63144,70160,77176,84192,91208,98224,105240,112256,119272,126288,133304,140320,table-of-7016,7015,/table-of-7015,7014,/table-of-7014,7013,/table-of-7013
7017,14034,21051,28068,35085,42102,49119,56136,63153,70170,77187,84204,91221,98238,105255,112272,119289,126306,133323,140340,table-of-7017,7016,/table-of-7016,7015,/table-of-7015,7014,/table-of-7014
7018,14036,21054,28072,35090,42108,49126,56144,63162,70180,77198,84216,91234,98252,105270,112288,119306,126324,133342,140360,table-of-7018,7017,/table-of-7017,7016,/table-of-7016,7015,/table-of-7015
7019,14038,21057,28076,35095,42114,49133,56152,63171,70190,77209,84228,91247,98266,105285,112304,119323,126342,133361,140380,table-of-7019,7018,/table-of-7018,7017,/table-of-7017,7016,/table-of-7016
7020,14040,21060,28080,35100,42120,49140,56160,63180,70200,77220,84240,91260,98280,105300,112320,119340,126360,133380,140400,table-of-7020,7019,/table-of-7019,7018,/table-of-7018,7017,/table-of-7017
7021,14042,21063,28084,35105,42126,49147,56168,63189,70210,77231,84252,91273,98294,105315,112336,119357,126378,133399,140420,table-of-7021,7020,/table-of-7020,7019,/table-of-7019,7018,/table-of-7018
7022,14044,21066,28088,35110,42132,49154,56176,63198,70220,77242,84264,91286,98308,105330,112352,119374,126396,133418,140440,table-of-7022,7021,/table-of-7021,7020,/table-of-7020,7019,/table-of-7019
7023,14046,21069,28092,35115,42138,49161,56184,63207,70230,77253,84276,91299,98322,105345,112368,119391,126414,133437,140460,table-of-7023,7022,/table-of-7022,7021,/table-of-7021,7020,/table-of-7020
7024,14048,21072,28096,35120,42144,49168,56192,63216,70240,77264,84288,91312,98336,105360,112384,119408,126432,133456,140480,table-of-7024,7023,/table-of-7023,7022,/table-of-7022,7021,/table-of-7021
7025,14050,21075,28100,35125,42150,49175,56200,63225,70250,77275,84300,91325,98350,105375,112400,119425,126450,133475,140500,table-of-7025,7024,/table-of-7024,7023,/table-of-7023,7022,/table-of-7022
7026,14052,21078,28104,35130,42156,49182,56208,63234,70260,77286,84312,91338,98364,105390,112416,119442,126468,133494,140520,table-of-7026,7025,/table-of-7025,7024,/table-of-7024,7023,/table-of-7023
7027,14054,21081,28108,35135,42162,49189,56216,63243,70270,77297,84324,91351,98378,105405,112432,119459,126486,133513,140540,table-of-7027,7026,/table-of-7026,7025,/table-of-7025,7024,/table-of-7024
7028,14056,21084,28112,35140,42168,49196,56224,63252,70280,77308,84336,91364,98392,105420,112448,119476,126504,133532,140560,table-of-7028,7027,/table-of-7027,7026,/table-of-7026,7025,/table-of-7025
7029,14058,21087,28116,35145,42174,49203,56232,63261,70290,77319,84348,91377,98406,105435,112464,119493,126522,133551,140580,table-of-7029,7028,/table-of-7028,7027,/table-of-7027,7026,/table-of-7026
7030,14060,21090,28120,35150,42180,49210,56240,63270,70300,77330,84360,91390,98420,105450,112480,119510,126540,133570,140600,table-of-7030,7029,/table-of-7029,7028,/table-of-7028,7027,/table-of-7027
7031,14062,21093,28124,35155,42186,49217,56248,63279,70310,77341,84372,91403,98434,105465,112496,119527,126558,133589,140620,table-of-7031,7030,/table-of-7030,7029,/table-of-7029,7028,/table-of-7028
7032,14064,21096,28128,35160,42192,49224,56256,63288,70320,77352,84384,91416,98448,105480,112512,119544,126576,133608,140640,table-of-7032,7031,/table-of-7031,7030,/table-of-7030,7029,/table-of-7029
7033,14066,21099,28132,35165,42198,49231,56264,63297,70330,77363,84396,91429,98462,105495,112528,119561,126594,133627,140660,table-of-7033,7032,/table-of-7032,7031,/table-of-7031,7030,/table-of-7030
7034,14068,21102,28136,35170,42204,49238,56272,63306,70340,77374,84408,91442,98476,105510,112544,119578,126612,133646,140680,table-of-7034,7033,/table-of-7033,7032,/table-of-7032,7031,/table-of-7031
7035,14070,21105,28140,35175,42210,49245,56280,63315,70350,77385,84420,91455,98490,105525,112560,119595,126630,133665,140700,table-of-7035,7034,/table-of-7034,7033,/table-of-7033,7032,/table-of-7032
7036,14072,21108,28144,35180,42216,49252,56288,63324,70360,77396,84432,91468,98504,105540,112576,119612,126648,133684,140720,table-of-7036,7035,/table-of-7035,7034,/table-of-7034,7033,/table-of-7033
7037,14074,21111,28148,35185,42222,49259,56296,63333,70370,77407,84444,91481,98518,105555,112592,119629,126666,133703,140740,table-of-7037,7036,/table-of-7036,7035,/table-of-7035,7034,/table-of-7034
7038,14076,21114,28152,35190,42228,49266,56304,63342,70380,77418,84456,91494,98532,105570,112608,119646,126684,133722,140760,table-of-7038,7037,/table-of-7037,7036,/table-of-7036,7035,/table-of-7035
7039,14078,21117,28156,35195,42234,49273,56312,63351,70390,77429,84468,91507,98546,105585,112624,119663,126702,133741,140780,table-of-7039,7038,/table-of-7038,7037,/table-of-7037,7036,/table-of-7036
7040,14080,21120,28160,35200,42240,49280,56320,63360,70400,77440,84480,91520,98560,105600,112640,119680,126720,133760,140800,table-of-7040,7039,/table-of-7039,7038,/table-of-7038,7037,/table-of-7037
7041,14082,21123,28164,35205,42246,49287,56328,63369,70410,77451,84492,91533,98574,105615,112656,119697,126738,133779,140820,table-of-7041,7040,/table-of-7040,7039,/table-of-7039,7038,/table-of-7038
7042,14084,21126,28168,35210,42252,49294,56336,63378,70420,77462,84504,91546,98588,105630,112672,119714,126756,133798,140840,table-of-7042,7041,/table-of-7041,7040,/table-of-7040,7039,/table-of-7039
7043,14086,21129,28172,35215,42258,49301,56344,63387,70430,77473,84516,91559,98602,105645,112688,119731,126774,133817,140860,table-of-7043,7042,/table-of-7042,7041,/table-of-7041,7040,/table-of-7040
7044,14088,21132,28176,35220,42264,49308,56352,63396,70440,77484,84528,91572,98616,105660,112704,119748,126792,133836,140880,table-of-7044,7043,/table-of-7043,7042,/table-of-7042,7041,/table-of-7041
7045,14090,21135,28180,35225,42270,49315,56360,63405,70450,77495,84540,91585,98630,105675,112720,119765,126810,133855,140900,table-of-7045,7044,/table-of-7044,7043,/table-of-7043,7042,/table-of-7042
7046,14092,21138,28184,35230,42276,49322,56368,63414,70460,77506,84552,91598,98644,105690,112736,119782,126828,133874,140920,table-of-7046,7045,/table-of-7045,7044,/table-of-7044,7043,/table-of-7043
7047,14094,21141,28188,35235,42282,49329,56376,63423,70470,77517,84564,91611,98658,105705,112752,119799,126846,133893,140940,table-of-7047,7046,/table-of-7046,7045,/table-of-7045,7044,/table-of-7044
7048,14096,21144,28192,35240,42288,49336,56384,63432,70480,77528,84576,91624,98672,105720,112768,119816,126864,133912,140960,table-of-7048,7047,/table-of-7047,7046,/table-of-7046,7045,/table-of-7045
7049,14098,21147,28196,35245,42294,49343,56392,63441,70490,77539,84588,91637,98686,105735,112784,119833,126882,133931,140980,table-of-7049,7048,/table-of-7048,7047,/table-of-7047,7046,/table-of-7046
7050,14100,21150,28200,35250,42300,49350,56400,63450,70500,77550,84600,91650,98700,105750,112800,119850,126900,133950,141000,table-of-7050,7049,/table-of-7049,7048,/table-of-7048,7047,/table-of-7047
7051,14102,21153,28204,35255,42306,49357,56408,63459,70510,77561,84612,91663,98714,105765,112816,119867,126918,133969,141020,table-of-7051,7050,/table-of-7050,7049,/table-of-7049,7048,/table-of-7048
7052,14104,21156,28208,35260,42312,49364,56416,63468,70520,77572,84624,91676,98728,105780,112832,119884,126936,133988,141040,table-of-7052,7051,/table-of-7051,7050,/table-of-7050,7049,/table-of-7049
7053,14106,21159,28212,35265,42318,49371,56424,63477,70530,77583,84636,91689,98742,105795,112848,119901,126954,134007,141060,table-of-7053,7052,/table-of-7052,7051,/table-of-7051,7050,/table-of-7050
7054,14108,21162,28216,35270,42324,49378,56432,63486,70540,77594,84648,91702,98756,105810,112864,119918,126972,134026,141080,table-of-7054,7053,/table-of-7053,7052,/table-of-7052,7051,/table-of-7051
7055,14110,21165,28220,35275,42330,49385,56440,63495,70550,77605,84660,91715,98770,105825,112880,119935,126990,134045,141100,table-of-7055,7054,/table-of-7054,7053,/table-of-7053,7052,/table-of-7052
7056,14112,21168,28224,35280,42336,49392,56448,63504,70560,77616,84672,91728,98784,105840,112896,119952,127008,134064,141120,table-of-7056,7055,/table-of-7055,7054,/table-of-7054,7053,/table-of-7053
7057,14114,21171,28228,35285,42342,49399,56456,63513,70570,77627,84684,91741,98798,105855,112912,119969,127026,134083,141140,table-of-7057,7056,/table-of-7056,7055,/table-of-7055,7054,/table-of-7054
7058,14116,21174,28232,35290,42348,49406,56464,63522,70580,77638,84696,91754,98812,105870,112928,119986,127044,134102,141160,table-of-7058,7057,/table-of-7057,7056,/table-of-7056,7055,/table-of-7055
7059,14118,21177,28236,35295,42354,49413,56472,63531,70590,77649,84708,91767,98826,105885,112944,120003,127062,134121,141180,table-of-7059,7058,/table-of-7058,7057,/table-of-7057,7056,/table-of-7056
7060,14120,21180,28240,35300,42360,49420,56480,63540,70600,77660,84720,91780,98840,105900,112960,120020,127080,134140,141200,table-of-7060,7059,/table-of-7059,7058,/table-of-7058,7057,/table-of-7057
7061,14122,21183,28244,35305,42366,49427,56488,63549,70610,77671,84732,91793,98854,105915,112976,120037,127098,134159,141220,table-of-7061,7060,/table-of-7060,7059,/table-of-7059,7058,/table-of-7058
7062,14124,21186,28248,35310,42372,49434,56496,63558,70620,77682,84744,91806,98868,105930,112992,120054,127116,134178,141240,table-of-7062,7061,/table-of-7061,7060,/table-of-7060,7059,/table-of-7059
7063,14126,21189,28252,35315,42378,49441,56504,63567,70630,77693,84756,91819,98882,105945,113008,120071,127134,134197,141260,table-of-7063,7062,/table-of-7062,7061,/table-of-7061,7060,/table-of-7060
7064,14128,21192,28256,35320,42384,49448,56512,63576,70640,77704,84768,91832,98896,105960,113024,120088,127152,134216,141280,table-of-7064,7063,/table-of-7063,7062,/table-of-7062,7061,/table-of-7061
7065,14130,21195,28260,35325,42390,49455,56520,63585,70650,77715,84780,91845,98910,105975,113040,120105,127170,134235,141300,table-of-7065,7064,/table-of-7064,7063,/table-of-7063,7062,/table-of-7062
7066,14132,21198,28264,35330,42396,49462,56528,63594,70660,77726,84792,91858,98924,105990,113056,120122,127188,134254,141320,table-of-7066,7065,/table-of-7065,7064,/table-of-7064,7063,/table-of-7063
7067,14134,21201,28268,35335,42402,49469,56536,63603,70670,77737,84804,91871,98938,106005,113072,120139,127206,134273,141340,table-of-7067,7066,/table-of-7066,7065,/table-of-7065,7064,/table-of-7064
7068,14136,21204,28272,35340,42408,49476,56544,63612,70680,77748,84816,91884,98952,106020,113088,120156,127224,134292,141360,table-of-7068,7067,/table-of-7067,7066,/table-of-7066,7065,/table-of-7065
7069,14138,21207,28276,35345,42414,49483,56552,63621,70690,77759,84828,91897,98966,106035,113104,120173,127242,134311,141380,table-of-7069,7068,/table-of-7068,7067,/table-of-7067,7066,/table-of-7066
7070,14140,21210,28280,35350,42420,49490,56560,63630,70700,77770,84840,91910,98980,106050,113120,120190,127260,134330,141400,table-of-7070,7069,/table-of-7069,7068,/table-of-7068,7067,/table-of-7067
7071,14142,21213,28284,35355,42426,49497,56568,63639,70710,77781,84852,91923,98994,106065,113136,120207,127278,134349,141420,table-of-7071,7070,/table-of-7070,7069,/table-of-7069,7068,/table-of-7068
7072,14144,21216,28288,35360,42432,49504,56576,63648,70720,77792,84864,91936,99008,106080,113152,120224,127296,134368,141440,table-of-7072,7071,/table-of-7071,7070,/table-of-7070,7069,/table-of-7069
7073,14146,21219,28292,35365,42438,49511,56584,63657,70730,77803,84876,91949,99022,106095,113168,120241,127314,134387,141460,table-of-7073,7072,/table-of-7072,7071,/table-of-7071,7070,/table-of-7070
7074,14148,21222,28296,35370,42444,49518,56592,63666,70740,77814,84888,91962,99036,106110,113184,120258,127332,134406,141480,table-of-7074,7073,/table-of-7073,7072,/table-of-7072,7071,/table-of-7071
7075,14150,21225,28300,35375,42450,49525,56600,63675,70750,77825,84900,91975,99050,106125,113200,120275,127350,134425,141500,table-of-7075,7074,/table-of-7074,7073,/table-of-7073,7072,/table-of-7072
7076,14152,21228,28304,35380,42456,49532,56608,63684,70760,77836,84912,91988,99064,106140,113216,120292,127368,134444,141520,table-of-7076,7075,/table-of-7075,7074,/table-of-7074,7073,/table-of-7073
7077,14154,21231,28308,35385,42462,49539,56616,63693,70770,77847,84924,92001,99078,106155,113232,120309,127386,134463,141540,table-of-7077,7076,/table-of-7076,7075,/table-of-7075,7074,/table-of-7074
7078,14156,21234,28312,35390,42468,49546,56624,63702,70780,77858,84936,92014,99092,106170,113248,120326,127404,134482,141560,table-of-7078,7077,/table-of-7077,7076,/table-of-7076,7075,/table-of-7075
7079,14158,21237,28316,35395,42474,49553,56632,63711,70790,77869,84948,92027,99106,106185,113264,120343,127422,134501,141580,table-of-7079,7078,/table-of-7078,7077,/table-of-7077,7076,/table-of-7076
7080,14160,21240,28320,35400,42480,49560,56640,63720,70800,77880,84960,92040,99120,106200,113280,120360,127440,134520,141600,table-of-7080,7079,/table-of-7079,7078,/table-of-7078,7077,/table-of-7077
7081,14162,21243,28324,35405,42486,49567,56648,63729,70810,77891,84972,92053,99134,106215,113296,120377,127458,134539,141620,table-of-7081,7080,/table-of-7080,7079,/table-of-7079,7078,/table-of-7078
7082,14164,21246,28328,35410,42492,49574,56656,63738,70820,77902,84984,92066,99148,106230,113312,120394,127476,134558,141640,table-of-7082,7081,/table-of-7081,7080,/table-of-7080,7079,/table-of-7079
7083,14166,21249,28332,35415,42498,49581,56664,63747,70830,77913,84996,92079,99162,106245,113328,120411,127494,134577,141660,table-of-7083,7082,/table-of-7082,7081,/table-of-7081,7080,/table-of-7080
7084,14168,21252,28336,35420,42504,49588,56672,63756,70840,77924,85008,92092,99176,106260,113344,120428,127512,134596,141680,table-of-7084,7083,/table-of-7083,7082,/table-of-7082,7081,/table-of-7081
7085,14170,21255,28340,35425,42510,49595,56680,63765,70850,77935,85020,92105,99190,106275,113360,120445,127530,134615,141700,table-of-7085,7084,/table-of-7084,7083,/table-of-7083,7082,/table-of-7082
7086,14172,21258,28344,35430,42516,49602,56688,63774,70860,77946,85032,92118,99204,106290,113376,120462,127548,134634,141720,table-of-7086,7085,/table-of-7085,7084,/table-of-7084,7083,/table-of-7083
7087,14174,21261,28348,35435,42522,49609,56696,63783,70870,77957,85044,92131,99218,106305,113392,120479,127566,134653,141740,table-of-7087,7086,/table-of-7086,7085,/table-of-7085,7084,/table-of-7084
7088,14176,21264,28352,35440,42528,49616,56704,63792,70880,77968,85056,92144,99232,106320,113408,120496,127584,134672,141760,table-of-7088,7087,/table-of-7087,7086,/table-of-7086,7085,/table-of-7085
7089,14178,21267,28356,35445,42534,49623,56712,63801,70890,77979,85068,92157,99246,106335,113424,120513,127602,134691,141780,table-of-7089,7088,/table-of-7088,7087,/table-of-7087,7086,/table-of-7086
7090,14180,21270,28360,35450,42540,49630,56720,63810,70900,77990,85080,92170,99260,106350,113440,120530,127620,134710,141800,table-of-7090,7089,/table-of-7089,7088,/table-of-7088,7087,/table-of-7087
7091,14182,21273,28364,35455,42546,49637,56728,63819,70910,78001,85092,92183,99274,106365,113456,120547,127638,134729,141820,table-of-7091,7090,/table-of-7090,7089,/table-of-7089,7088,/table-of-7088
7092,14184,21276,28368,35460,42552,49644,56736,63828,70920,78012,85104,92196,99288,106380,113472,120564,127656,134748,141840,table-of-7092,7091,/table-of-7091,7090,/table-of-7090,7089,/table-of-7089
7093,14186,21279,28372,35465,42558,49651,56744,63837,70930,78023,85116,92209,99302,106395,113488,120581,127674,134767,141860,table-of-7093,7092,/table-of-7092,7091,/table-of-7091,7090,/table-of-7090
7094,14188,21282,28376,35470,42564,49658,56752,63846,70940,78034,85128,92222,99316,106410,113504,120598,127692,134786,141880,table-of-7094,7093,/table-of-7093,7092,/table-of-7092,7091,/table-of-7091
7095,14190,21285,28380,35475,42570,49665,56760,63855,70950,78045,85140,92235,99330,106425,113520,120615,127710,134805,141900,table-of-7095,7094,/table-of-7094,7093,/table-of-7093,7092,/table-of-7092
7096,14192,21288,28384,35480,42576,49672,56768,63864,70960,78056,85152,92248,99344,106440,113536,120632,127728,134824,141920,table-of-7096,7095,/table-of-7095,7094,/table-of-7094,7093,/table-of-7093
7097,14194,21291,28388,35485,42582,49679,56776,63873,70970,78067,85164,92261,99358,106455,113552,120649,127746,134843,141940,table-of-7097,7096,/table-of-7096,7095,/table-of-7095,7094,/table-of-7094
7098,14196,21294,28392,35490,42588,49686,56784,63882,70980,78078,85176,92274,99372,106470,113568,120666,127764,134862,141960,table-of-7098,7097,/table-of-7097,7096,/table-of-7096,7095,/table-of-7095
7099,14198,21297,28396,35495,42594,49693,56792,63891,70990,78089,85188,92287,99386,106485,113584,120683,127782,134881,141980,table-of-7099,7098,/table-of-7098,7097,/table-of-7097,7096,/table-of-7096
7100,14200,21300,28400,35500,42600,49700,56800,63900,71000,78100,85200,92300,99400,106500,113600,120700,127800,134900,142000,table-of-7100,7099,/table-of-7099,7098,/table-of-7098,7097,/table-of-7097
7101,14202,21303,28404,35505,42606,49707,56808,63909,71010,78111,85212,92313,99414,106515,113616,120717,127818,134919,142020,table-of-7101,7100,/table-of-7100,7099,/table-of-7099,7098,/table-of-7098
7102,14204,21306,28408,35510,42612,49714,56816,63918,71020,78122,85224,92326,99428,106530,113632,120734,127836,134938,142040,table-of-7102,7101,/table-of-7101,7100,/table-of-7100,7099,/table-of-7099
7103,14206,21309,28412,35515,42618,49721,56824,63927,71030,78133,85236,92339,99442,106545,113648,120751,127854,134957,142060,table-of-7103,7102,/table-of-7102,7101,/table-of-7101,7100,/table-of-7100
7104,14208,21312,28416,35520,42624,49728,56832,63936,71040,78144,85248,92352,99456,106560,113664,120768,127872,134976,142080,table-of-7104,7103,/table-of-7103,7102,/table-of-7102,7101,/table-of-7101
7105,14210,21315,28420,35525,42630,49735,56840,63945,71050,78155,85260,92365,99470,106575,113680,120785,127890,134995,142100,table-of-7105,7104,/table-of-7104,7103,/table-of-7103,7102,/table-of-7102
7106,14212,21318,28424,35530,42636,49742,56848,63954,71060,78166,85272,92378,99484,106590,113696,120802,127908,135014,142120,table-of-7106,7105,/table-of-7105,7104,/table-of-7104,7103,/table-of-7103
7107,14214,21321,28428,35535,42642,49749,56856,63963,71070,78177,85284,92391,99498,106605,113712,120819,127926,135033,142140,table-of-7107,7106,/table-of-7106,7105,/table-of-7105,7104,/table-of-7104
7108,14216,21324,28432,35540,42648,49756,56864,63972,71080,78188,85296,92404,99512,106620,113728,120836,127944,135052,142160,table-of-7108,7107,/table-of-7107,7106,/table-of-7106,7105,/table-of-7105
7109,14218,21327,28436,35545,42654,49763,56872,63981,71090,78199,85308,92417,99526,106635,113744,120853,127962,135071,142180,table-of-7109,7108,/table-of-7108,7107,/table-of-7107,7106,/table-of-7106
7110,14220,21330,28440,35550,42660,49770,56880,63990,71100,78210,85320,92430,99540,106650,113760,120870,127980,135090,142200,table-of-7110,7109,/table-of-7109,7108,/table-of-7108,7107,/table-of-7107
7111,14222,21333,28444,35555,42666,49777,56888,63999,71110,78221,85332,92443,99554,106665,113776,120887,127998,135109,142220,table-of-7111,7110,/table-of-7110,7109,/table-of-7109,7108,/table-of-7108
7112,14224,21336,28448,35560,42672,49784,56896,64008,71120,78232,85344,92456,99568,106680,113792,120904,128016,135128,142240,table-of-7112,7111,/table-of-7111,7110,/table-of-7110,7109,/table-of-7109
7113,14226,21339,28452,35565,42678,49791,56904,64017,71130,78243,85356,92469,99582,106695,113808,120921,128034,135147,142260,table-of-7113,7112,/table-of-7112,7111,/table-of-7111,7110,/table-of-7110
7114,14228,21342,28456,35570,42684,49798,56912,64026,71140,78254,85368,92482,99596,106710,113824,120938,128052,135166,142280,table-of-7114,7113,/table-of-7113,7112,/table-of-7112,7111,/table-of-7111
7115,14230,21345,28460,35575,42690,49805,56920,64035,71150,78265,85380,92495,99610,106725,113840,120955,128070,135185,142300,table-of-7115,7114,/table-of-7114,7113,/table-of-7113,7112,/table-of-7112
7116,14232,21348,28464,35580,42696,49812,56928,64044,71160,78276,85392,92508,99624,106740,113856,120972,128088,135204,142320,table-of-7116,7115,/table-of-7115,7114,/table-of-7114,7113,/table-of-7113
7117,14234,21351,28468,35585,42702,49819,56936,64053,71170,78287,85404,92521,99638,106755,113872,120989,128106,135223,142340,table-of-7117,7116,/table-of-7116,7115,/table-of-7115,7114,/table-of-7114
7118,14236,21354,28472,35590,42708,49826,56944,64062,71180,78298,85416,92534,99652,106770,113888,121006,128124,135242,142360,table-of-7118,7117,/table-of-7117,7116,/table-of-7116,7115,/table-of-7115
7119,14238,21357,28476,35595,42714,49833,56952,64071,71190,78309,85428,92547,99666,106785,113904,121023,128142,135261,142380,table-of-7119,7118,/table-of-7118,7117,/table-of-7117,7116,/table-of-7116
7120,14240,21360,28480,35600,42720,49840,56960,64080,71200,78320,85440,92560,99680,106800,113920,121040,128160,135280,142400,table-of-7120,7119,/table-of-7119,7118,/table-of-7118,7117,/table-of-7117
7121,14242,21363,28484,35605,42726,49847,56968,64089,71210,78331,85452,92573,99694,106815,113936,121057,128178,135299,142420,table-of-7121,7120,/table-of-7120,7119,/table-of-7119,7118,/table-of-7118
7122,14244,21366,28488,35610,42732,49854,56976,64098,71220,78342,85464,92586,99708,106830,113952,121074,128196,135318,142440,table-of-7122,7121,/table-of-7121,7120,/table-of-7120,7119,/table-of-7119
7123,14246,21369,28492,35615,42738,49861,56984,64107,71230,78353,85476,92599,99722,106845,113968,121091,128214,135337,142460,table-of-7123,7122,/table-of-7122,7121,/table-of-7121,7120,/table-of-7120
7124,14248,21372,28496,35620,42744,49868,56992,64116,71240,78364,85488,92612,99736,106860,113984,121108,128232,135356,142480,table-of-7124,7123,/table-of-7123,7122,/table-of-7122,7121,/table-of-7121
7125,14250,21375,28500,35625,42750,49875,57000,64125,71250,78375,85500,92625,99750,106875,114000,121125,128250,135375,142500,table-of-7125,7124,/table-of-7124,7123,/table-of-7123,7122,/table-of-7122
7126,14252,21378,28504,35630,42756,49882,57008,64134,71260,78386,85512,92638,99764,106890,114016,121142,128268,135394,142520,table-of-7126,7125,/table-of-7125,7124,/table-of-7124,7123,/table-of-7123
7127,14254,21381,28508,35635,42762,49889,57016,64143,71270,78397,85524,92651,99778,106905,114032,121159,128286,135413,142540,table-of-7127,7126,/table-of-7126,7125,/table-of-7125,7124,/table-of-7124
7128,14256,21384,28512,35640,42768,49896,57024,64152,71280,78408,85536,92664,99792,106920,114048,121176,128304,135432,142560,table-of-7128,7127,/table-of-7127,7126,/table-of-7126,7125,/table-of-7125
7129,14258,21387,28516,35645,42774,49903,57032,64161,71290,78419,85548,92677,99806,106935,114064,121193,128322,135451,142580,table-of-7129,7128,/table-of-7128,7127,/table-of-7127,7126,/table-of-7126
7130,14260,21390,28520,35650,42780,49910,57040,64170,71300,78430,85560,92690,99820,106950,114080,121210,128340,135470,142600,table-of-7130,7129,/table-of-7129,7128,/table-of-7128,7127,/table-of-7127
7131,14262,21393,28524,35655,42786,49917,57048,64179,71310,78441,85572,92703,99834,106965,114096,121227,128358,135489,142620,table-of-7131,7130,/table-of-7130,7129,/table-of-7129,7128,/table-of-7128
7132,14264,21396,28528,35660,42792,49924,57056,64188,71320,78452,85584,92716,99848,106980,114112,121244,128376,135508,142640,table-of-7132,7131,/table-of-7131,7130,/table-of-7130,7129,/table-of-7129
7133,14266,21399,28532,35665,42798,49931,57064,64197,71330,78463,85596,92729,99862,106995,114128,121261,128394,135527,142660,table-of-7133,7132,/table-of-7132,7131,/table-of-7131,7130,/table-of-7130
7134,14268,21402,28536,35670,42804,49938,57072,64206,71340,78474,85608,92742,99876,107010,114144,121278,128412,135546,142680,table-of-7134,7133,/table-of-7133,7132,/table-of-7132,7131,/table-of-7131
7135,14270,21405,28540,35675,42810,49945,57080,64215,71350,78485,85620,92755,99890,107025,114160,121295,128430,135565,142700,table-of-7135,7134,/table-of-7134,7133,/table-of-7133,7132,/table-of-7132
7136,14272,21408,28544,35680,42816,49952,57088,64224,71360,78496,85632,92768,99904,107040,114176,121312,128448,135584,142720,table-of-7136,7135,/table-of-7135,7134,/table-of-7134,7133,/table-of-7133
7137,14274,21411,28548,35685,42822,49959,57096,64233,71370,78507,85644,92781,99918,107055,114192,121329,128466,135603,142740,table-of-7137,7136,/table-of-7136,7135,/table-of-7135,7134,/table-of-7134
7138,14276,21414,28552,35690,42828,49966,57104,64242,71380,78518,85656,92794,99932,107070,114208,121346,128484,135622,142760,table-of-7138,7137,/table-of-7137,7136,/table-of-7136,7135,/table-of-7135
7139,14278,21417,28556,35695,42834,49973,57112,64251,71390,78529,85668,92807,99946,107085,114224,121363,128502,135641,142780,table-of-7139,7138,/table-of-7138,7137,/table-of-7137,7136,/table-of-7136
7140,14280,21420,28560,35700,42840,49980,57120,64260,71400,78540,85680,92820,99960,107100,114240,121380,128520,135660,142800,table-of-7140,7139,/table-of-7139,7138,/table-of-7138,7137,/table-of-7137
7141,14282,21423,28564,35705,42846,49987,57128,64269,71410,78551,85692,92833,99974,107115,114256,121397,128538,135679,142820,table-of-7141,7140,/table-of-7140,7139,/table-of-7139,7138,/table-of-7138
7142,14284,21426,28568,35710,42852,49994,57136,64278,71420,78562,85704,92846,99988,107130,114272,121414,128556,135698,142840,table-of-7142,7141,/table-of-7141,7140,/table-of-7140,7139,/table-of-7139
7143,14286,21429,28572,35715,42858,50001,57144,64287,71430,78573,85716,92859,100002,107145,114288,121431,128574,135717,142860,table-of-7143,7142,/table-of-7142,7141,/table-of-7141,7140,/table-of-7140
7144,14288,21432,28576,35720,42864,50008,57152,64296,71440,78584,85728,92872,100016,107160,114304,121448,128592,135736,142880,table-of-7144,7143,/table-of-7143,7142,/table-of-7142,7141,/table-of-7141
7145,14290,21435,28580,35725,42870,50015,57160,64305,71450,78595,85740,92885,100030,107175,114320,121465,128610,135755,142900,table-of-7145,7144,/table-of-7144,7143,/table-of-7143,7142,/table-of-7142
7146,14292,21438,28584,35730,42876,50022,57168,64314,71460,78606,85752,92898,100044,107190,114336,121482,128628,135774,142920,table-of-7146,7145,/table-of-7145,7144,/table-of-7144,7143,/table-of-7143
7147,14294,21441,28588,35735,42882,50029,57176,64323,71470,78617,85764,92911,100058,107205,114352,121499,128646,135793,142940,table-of-7147,7146,/table-of-7146,7145,/table-of-7145,7144,/table-of-7144
7148,14296,21444,28592,35740,42888,50036,57184,64332,71480,78628,85776,92924,100072,107220,114368,121516,128664,135812,142960,table-of-7148,7147,/table-of-7147,7146,/table-of-7146,7145,/table-of-7145
7149,14298,21447,28596,35745,42894,50043,57192,64341,71490,78639,85788,92937,100086,107235,114384,121533,128682,135831,142980,table-of-7149,7148,/table-of-7148,7147,/table-of-7147,7146,/table-of-7146
7150,14300,21450,28600,35750,42900,50050,57200,64350,71500,78650,85800,92950,100100,107250,114400,121550,128700,135850,143000,table-of-7150,7149,/table-of-7149,7148,/table-of-7148,7147,/table-of-7147
7151,14302,21453,28604,35755,42906,50057,57208,64359,71510,78661,85812,92963,100114,107265,114416,121567,128718,135869,143020,table-of-7151,7150,/table-of-7150,7149,/table-of-7149,7148,/table-of-7148
7152,14304,21456,28608,35760,42912,50064,57216,64368,71520,78672,85824,92976,100128,107280,114432,121584,128736,135888,143040,table-of-7152,7151,/table-of-7151,7150,/table-of-7150,7149,/table-of-7149
7153,14306,21459,28612,35765,42918,50071,57224,64377,71530,78683,85836,92989,100142,107295,114448,121601,128754,135907,143060,table-of-7153,7152,/table-of-7152,7151,/table-of-7151,7150,/table-of-7150
7154,14308,21462,28616,35770,42924,50078,57232,64386,71540,78694,85848,93002,100156,107310,114464,121618,128772,135926,143080,table-of-7154,7153,/table-of-7153,7152,/table-of-7152,7151,/table-of-7151
7155,14310,21465,28620,35775,42930,50085,57240,64395,71550,78705,85860,93015,100170,107325,114480,121635,128790,135945,143100,table-of-7155,7154,/table-of-7154,7153,/table-of-7153,7152,/table-of-7152
7156,14312,21468,28624,35780,42936,50092,57248,64404,71560,78716,85872,93028,100184,107340,114496,121652,128808,135964,143120,table-of-7156,7155,/table-of-7155,7154,/table-of-7154,7153,/table-of-7153
7157,14314,21471,28628,35785,42942,50099,57256,64413,71570,78727,85884,93041,100198,107355,114512,121669,128826,135983,143140,table-of-7157,7156,/table-of-7156,7155,/table-of-7155,7154,/table-of-7154
7158,14316,21474,28632,35790,42948,50106,57264,64422,71580,78738,85896,93054,100212,107370,114528,121686,128844,136002,143160,table-of-7158,7157,/table-of-7157,7156,/table-of-7156,7155,/table-of-7155
7159,14318,21477,28636,35795,42954,50113,57272,64431,71590,78749,85908,93067,100226,107385,114544,121703,128862,136021,143180,table-of-7159,7158,/table-of-7158,7157,/table-of-7157,7156,/table-of-7156
7160,14320,21480,28640,35800,42960,50120,57280,64440,71600,78760,85920,93080,100240,107400,114560,121720,128880,136040,143200,table-of-7160,7159,/table-of-7159,7158,/table-of-7158,7157,/table-of-7157
7161,14322,21483,28644,35805,42966,50127,57288,64449,71610,78771,85932,93093,100254,107415,114576,121737,128898,136059,143220,table-of-7161,7160,/table-of-7160,7159,/table-of-7159,7158,/table-of-7158
7162,14324,21486,28648,35810,42972,50134,57296,64458,71620,78782,85944,93106,100268,107430,114592,121754,128916,136078,143240,table-of-7162,7161,/table-of-7161,7160,/table-of-7160,7159,/table-of-7159
7163,14326,21489,28652,35815,42978,50141,57304,64467,71630,78793,85956,93119,100282,107445,114608,121771,128934,136097,143260,table-of-7163,7162,/table-of-7162,7161,/table-of-7161,7160,/table-of-7160
7164,14328,21492,28656,35820,42984,50148,57312,64476,71640,78804,85968,93132,100296,107460,114624,121788,128952,136116,143280,table-of-7164,7163,/table-of-7163,7162,/table-of-7162,7161,/table-of-7161
7165,14330,21495,28660,35825,42990,50155,57320,64485,71650,78815,85980,93145,100310,107475,114640,121805,128970,136135,143300,table-of-7165,7164,/table-of-7164,7163,/table-of-7163,7162,/table-of-7162
7166,14332,21498,28664,35830,42996,50162,57328,64494,71660,78826,85992,93158,100324,107490,114656,121822,128988,136154,143320,table-of-7166,7165,/table-of-7165,7164,/table-of-7164,7163,/table-of-7163
7167,14334,21501,28668,35835,43002,50169,57336,64503,71670,78837,86004,93171,100338,107505,114672,121839,129006,136173,143340,table-of-7167,7166,/table-of-7166,7165,/table-of-7165,7164,/table-of-7164
7168,14336,21504,28672,35840,43008,50176,57344,64512,71680,78848,86016,93184,100352,107520,114688,121856,129024,136192,143360,table-of-7168,7167,/table-of-7167,7166,/table-of-7166,7165,/table-of-7165
7169,14338,21507,28676,35845,43014,50183,57352,64521,71690,78859,86028,93197,100366,107535,114704,121873,129042,136211,143380,table-of-7169,7168,/table-of-7168,7167,/table-of-7167,7166,/table-of-7166
7170,14340,21510,28680,35850,43020,50190,57360,64530,71700,78870,86040,93210,100380,107550,114720,121890,129060,136230,143400,table-of-7170,7169,/table-of-7169,7168,/table-of-7168,7167,/table-of-7167
7171,14342,21513,28684,35855,43026,50197,57368,64539,71710,78881,86052,93223,100394,107565,114736,121907,129078,136249,143420,table-of-7171,7170,/table-of-7170,7169,/table-of-7169,7168,/table-of-7168
7172,14344,21516,28688,35860,43032,50204,57376,64548,71720,78892,86064,93236,100408,107580,114752,121924,129096,136268,143440,table-of-7172,7171,/table-of-7171,7170,/table-of-7170,7169,/table-of-7169
7173,14346,21519,28692,35865,43038,50211,57384,64557,71730,78903,86076,93249,100422,107595,114768,121941,129114,136287,143460,table-of-7173,7172,/table-of-7172,7171,/table-of-7171,7170,/table-of-7170
7174,14348,21522,28696,35870,43044,50218,57392,64566,71740,78914,86088,93262,100436,107610,114784,121958,129132,136306,143480,table-of-7174,7173,/table-of-7173,7172,/table-of-7172,7171,/table-of-7171
7175,14350,21525,28700,35875,43050,50225,57400,64575,71750,78925,86100,93275,100450,107625,114800,121975,129150,136325,143500,table-of-7175,7174,/table-of-7174,7173,/table-of-7173,7172,/table-of-7172
7176,14352,21528,28704,35880,43056,50232,57408,64584,71760,78936,86112,93288,100464,107640,114816,121992,129168,136344,143520,table-of-7176,7175,/table-of-7175,7174,/table-of-7174,7173,/table-of-7173
7177,14354,21531,28708,35885,43062,50239,57416,64593,71770,78947,86124,93301,100478,107655,114832,122009,129186,136363,143540,table-of-7177,7176,/table-of-7176,7175,/table-of-7175,7174,/table-of-7174
7178,14356,21534,28712,35890,43068,50246,57424,64602,71780,78958,86136,93314,100492,107670,114848,122026,129204,136382,143560,table-of-7178,7177,/table-of-7177,7176,/table-of-7176,7175,/table-of-7175
7179,14358,21537,28716,35895,43074,50253,57432,64611,71790,78969,86148,93327,100506,107685,114864,122043,129222,136401,143580,table-of-7179,7178,/table-of-7178,7177,/table-of-7177,7176,/table-of-7176
7180,14360,21540,28720,35900,43080,50260,57440,64620,71800,78980,86160,93340,100520,107700,114880,122060,129240,136420,143600,table-of-7180,7179,/table-of-7179,7178,/table-of-7178,7177,/table-of-7177
7181,14362,21543,28724,35905,43086,50267,57448,64629,71810,78991,86172,93353,100534,107715,114896,122077,129258,136439,143620,table-of-7181,7180,/table-of-7180,7179,/table-of-7179,7178,/table-of-7178
7182,14364,21546,28728,35910,43092,50274,57456,64638,71820,79002,86184,93366,100548,107730,114912,122094,129276,136458,143640,table-of-7182,7181,/table-of-7181,7180,/table-of-7180,7179,/table-of-7179
7183,14366,21549,28732,35915,43098,50281,57464,64647,71830,79013,86196,93379,100562,107745,114928,122111,129294,136477,143660,table-of-7183,7182,/table-of-7182,7181,/table-of-7181,7180,/table-of-7180
7184,14368,21552,28736,35920,43104,50288,57472,64656,71840,79024,86208,93392,100576,107760,114944,122128,129312,136496,143680,table-of-7184,7183,/table-of-7183,7182,/table-of-7182,7181,/table-of-7181
7185,14370,21555,28740,35925,43110,50295,57480,64665,71850,79035,86220,93405,100590,107775,114960,122145,129330,136515,143700,table-of-7185,7184,/table-of-7184,7183,/table-of-7183,7182,/table-of-7182
7186,14372,21558,28744,35930,43116,50302,57488,64674,71860,79046,86232,93418,100604,107790,114976,122162,129348,136534,143720,table-of-7186,7185,/table-of-7185,7184,/table-of-7184,7183,/table-of-7183
7187,14374,21561,28748,35935,43122,50309,57496,64683,71870,79057,86244,93431,100618,107805,114992,122179,129366,136553,143740,table-of-7187,7186,/table-of-7186,7185,/table-of-7185,7184,/table-of-7184
7188,14376,21564,28752,35940,43128,50316,57504,64692,71880,79068,86256,93444,100632,107820,115008,122196,129384,136572,143760,table-of-7188,7187,/table-of-7187,7186,/table-of-7186,7185,/table-of-7185
7189,14378,21567,28756,35945,43134,50323,57512,64701,71890,79079,86268,93457,100646,107835,115024,122213,129402,136591,143780,table-of-7189,7188,/table-of-7188,7187,/table-of-7187,7186,/table-of-7186
7190,14380,21570,28760,35950,43140,50330,57520,64710,71900,79090,86280,93470,100660,107850,115040,122230,129420,136610,143800,table-of-7190,7189,/table-of-7189,7188,/table-of-7188,7187,/table-of-7187
7191,14382,21573,28764,35955,43146,50337,57528,64719,71910,79101,86292,93483,100674,107865,115056,122247,129438,136629,143820,table-of-7191,7190,/table-of-7190,7189,/table-of-7189,7188,/table-of-7188
7192,14384,21576,28768,35960,43152,50344,57536,64728,71920,79112,86304,93496,100688,107880,115072,122264,129456,136648,143840,table-of-7192,7191,/table-of-7191,7190,/table-of-7190,7189,/table-of-7189
7193,14386,21579,28772,35965,43158,50351,57544,64737,71930,79123,86316,93509,100702,107895,115088,122281,129474,136667,143860,table-of-7193,7192,/table-of-7192,7191,/table-of-7191,7190,/table-of-7190
7194,14388,21582,28776,35970,43164,50358,57552,64746,71940,79134,86328,93522,100716,107910,115104,122298,129492,136686,143880,table-of-7194,7193,/table-of-7193,7192,/table-of-7192,7191,/table-of-7191
7195,14390,21585,28780,35975,43170,50365,57560,64755,71950,79145,86340,93535,100730,107925,115120,122315,129510,136705,143900,table-of-7195,7194,/table-of-7194,7193,/table-of-7193,7192,/table-of-7192
7196,14392,21588,28784,35980,43176,50372,57568,64764,71960,79156,86352,93548,100744,107940,115136,122332,129528,136724,143920,table-of-7196,7195,/table-of-7195,7194,/table-of-7194,7193,/table-of-7193
7197,14394,21591,28788,35985,43182,50379,57576,64773,71970,79167,86364,93561,100758,107955,115152,122349,129546,136743,143940,table-of-7197,7196,/table-of-7196,7195,/table-of-7195,7194,/table-of-7194
7198,14396,21594,28792,35990,43188,50386,57584,64782,71980,79178,86376,93574,100772,107970,115168,122366,129564,136762,143960,table-of-7198,7197,/table-of-7197,7196,/table-of-7196,7195,/table-of-7195
7199,14398,21597,28796,35995,43194,50393,57592,64791,71990,79189,86388,93587,100786,107985,115184,122383,129582,136781,143980,table-of-7199,7198,/table-of-7198,7197,/table-of-7197,7196,/table-of-7196
7200,14400,21600,28800,36000,43200,50400,57600,64800,72000,79200,86400,93600,100800,108000,115200,122400,129600,136800,144000,table-of-7200,7199,/table-of-7199,7198,/table-of-7198,7197,/table-of-7197
7201,14402,21603,28804,36005,43206,50407,57608,64809,72010,79211,86412,93613,100814,108015,115216,122417,129618,136819,144020,table-of-7201,7200,/table-of-7200,7199,/table-of-7199,7198,/table-of-7198
7202,14404,21606,28808,36010,43212,50414,57616,64818,72020,79222,86424,93626,100828,108030,115232,122434,129636,136838,144040,table-of-7202,7201,/table-of-7201,7200,/table-of-7200,7199,/table-of-7199
7203,14406,21609,28812,36015,43218,50421,57624,64827,72030,79233,86436,93639,100842,108045,115248,122451,129654,136857,144060,table-of-7203,7202,/table-of-7202,7201,/table-of-7201,7200,/table-of-7200
7204,14408,21612,28816,36020,43224,50428,57632,64836,72040,79244,86448,93652,100856,108060,115264,122468,129672,136876,144080,table-of-7204,7203,/table-of-7203,7202,/table-of-7202,7201,/table-of-7201
7205,14410,21615,28820,36025,43230,50435,57640,64845,72050,79255,86460,93665,100870,108075,115280,122485,129690,136895,144100,table-of-7205,7204,/table-of-7204,7203,/table-of-7203,7202,/table-of-7202
7206,14412,21618,28824,36030,43236,50442,57648,64854,72060,79266,86472,93678,100884,108090,115296,122502,129708,136914,144120,table-of-7206,7205,/table-of-7205,7204,/table-of-7204,7203,/table-of-7203
7207,14414,21621,28828,36035,43242,50449,57656,64863,72070,79277,86484,93691,100898,108105,115312,122519,129726,136933,144140,table-of-7207,7206,/table-of-7206,7205,/table-of-7205,7204,/table-of-7204
7208,14416,21624,28832,36040,43248,50456,57664,64872,72080,79288,86496,93704,100912,108120,115328,122536,129744,136952,144160,table-of-7208,7207,/table-of-7207,7206,/table-of-7206,7205,/table-of-7205
7209,14418,21627,28836,36045,43254,50463,57672,64881,72090,79299,86508,93717,100926,108135,115344,122553,129762,136971,144180,table-of-7209,7208,/table-of-7208,7207,/table-of-7207,7206,/table-of-7206
7210,14420,21630,28840,36050,43260,50470,57680,64890,72100,79310,86520,93730,100940,108150,115360,122570,129780,136990,144200,table-of-7210,7209,/table-of-7209,7208,/table-of-7208,7207,/table-of-7207
7211,14422,21633,28844,36055,43266,50477,57688,64899,72110,79321,86532,93743,100954,108165,115376,122587,129798,137009,144220,table-of-7211,7210,/table-of-7210,7209,/table-of-7209,7208,/table-of-7208
7212,14424,21636,28848,36060,43272,50484,57696,64908,72120,79332,86544,93756,100968,108180,115392,122604,129816,137028,144240,table-of-7212,7211,/table-of-7211,7210,/table-of-7210,7209,/table-of-7209
7213,14426,21639,28852,36065,43278,50491,57704,64917,72130,79343,86556,93769,100982,108195,115408,122621,129834,137047,144260,table-of-7213,7212,/table-of-7212,7211,/table-of-7211,7210,/table-of-7210
7214,14428,21642,28856,36070,43284,50498,57712,64926,72140,79354,86568,93782,100996,108210,115424,122638,129852,137066,144280,table-of-7214,7213,/table-of-7213,7212,/table-of-7212,7211,/table-of-7211
7215,14430,21645,28860,36075,43290,50505,57720,64935,72150,79365,86580,93795,101010,108225,115440,122655,129870,137085,144300,table-of-7215,7214,/table-of-7214,7213,/table-of-7213,7212,/table-of-7212
7216,14432,21648,28864,36080,43296,50512,57728,64944,72160,79376,86592,93808,101024,108240,115456,122672,129888,137104,144320,table-of-7216,7215,/table-of-7215,7214,/table-of-7214,7213,/table-of-7213
7217,14434,21651,28868,36085,43302,50519,57736,64953,72170,79387,86604,93821,101038,108255,115472,122689,129906,137123,144340,table-of-7217,7216,/table-of-7216,7215,/table-of-7215,7214,/table-of-7214
7218,14436,21654,28872,36090,43308,50526,57744,64962,72180,79398,86616,93834,101052,108270,115488,122706,129924,137142,144360,table-of-7218,7217,/table-of-7217,7216,/table-of-7216,7215,/table-of-7215
7219,14438,21657,28876,36095,43314,50533,57752,64971,72190,79409,86628,93847,101066,108285,115504,122723,129942,137161,144380,table-of-7219,7218,/table-of-7218,7217,/table-of-7217,7216,/table-of-7216
7220,14440,21660,28880,36100,43320,50540,57760,64980,72200,79420,86640,93860,101080,108300,115520,122740,129960,137180,144400,table-of-7220,7219,/table-of-7219,7218,/table-of-7218,7217,/table-of-7217
7221,14442,21663,28884,36105,43326,50547,57768,64989,72210,79431,86652,93873,101094,108315,115536,122757,129978,137199,144420,table-of-7221,7220,/table-of-7220,7219,/table-of-7219,7218,/table-of-7218
7222,14444,21666,28888,36110,43332,50554,57776,64998,72220,79442,86664,93886,101108,108330,115552,122774,129996,137218,144440,table-of-7222,7221,/table-of-7221,7220,/table-of-7220,7219,/table-of-7219
7223,14446,21669,28892,36115,43338,50561,57784,65007,72230,79453,86676,93899,101122,108345,115568,122791,130014,137237,144460,table-of-7223,7222,/table-of-7222,7221,/table-of-7221,7220,/table-of-7220
7224,14448,21672,28896,36120,43344,50568,57792,65016,72240,79464,86688,93912,101136,108360,115584,122808,130032,137256,144480,table-of-7224,7223,/table-of-7223,7222,/table-of-7222,7221,/table-of-7221
7225,14450,21675,28900,36125,43350,50575,57800,65025,72250,79475,86700,93925,101150,108375,115600,122825,130050,137275,144500,table-of-7225,7224,/table-of-7224,7223,/table-of-7223,7222,/table-of-7222
7226,14452,21678,28904,36130,43356,50582,57808,65034,72260,79486,86712,93938,101164,108390,115616,122842,130068,137294,144520,table-of-7226,7225,/table-of-7225,7224,/table-of-7224,7223,/table-of-7223
7227,14454,21681,28908,36135,43362,50589,57816,65043,72270,79497,86724,93951,101178,108405,115632,122859,130086,137313,144540,table-of-7227,7226,/table-of-7226,7225,/table-of-7225,7224,/table-of-7224
7228,14456,21684,28912,36140,43368,50596,57824,65052,72280,79508,86736,93964,101192,108420,115648,122876,130104,137332,144560,table-of-7228,7227,/table-of-7227,7226,/table-of-7226,7225,/table-of-7225
7229,14458,21687,28916,36145,43374,50603,57832,65061,72290,79519,86748,93977,101206,108435,115664,122893,130122,137351,144580,table-of-7229,7228,/table-of-7228,7227,/table-of-7227,7226,/table-of-7226
7230,14460,21690,28920,36150,43380,50610,57840,65070,72300,79530,86760,93990,101220,108450,115680,122910,130140,137370,144600,table-of-7230,7229,/table-of-7229,7228,/table-of-7228,7227,/table-of-7227
7231,14462,21693,28924,36155,43386,50617,57848,65079,72310,79541,86772,94003,101234,108465,115696,122927,130158,137389,144620,table-of-7231,7230,/table-of-7230,7229,/table-of-7229,7228,/table-of-7228
7232,14464,21696,28928,36160,43392,50624,57856,65088,72320,79552,86784,94016,101248,108480,115712,122944,130176,137408,144640,table-of-7232,7231,/table-of-7231,7230,/table-of-7230,7229,/table-of-7229
7233,14466,21699,28932,36165,43398,50631,57864,65097,72330,79563,86796,94029,101262,108495,115728,122961,130194,137427,144660,table-of-7233,7232,/table-of-7232,7231,/table-of-7231,7230,/table-of-7230
7234,14468,21702,28936,36170,43404,50638,57872,65106,72340,79574,86808,94042,101276,108510,115744,122978,130212,137446,144680,table-of-7234,7233,/table-of-7233,7232,/table-of-7232,7231,/table-of-7231
7235,14470,21705,28940,36175,43410,50645,57880,65115,72350,79585,86820,94055,101290,108525,115760,122995,130230,137465,144700,table-of-7235,7234,/table-of-7234,7233,/table-of-7233,7232,/table-of-7232
7236,14472,21708,28944,36180,43416,50652,57888,65124,72360,79596,86832,94068,101304,108540,115776,123012,130248,137484,144720,table-of-7236,7235,/table-of-7235,7234,/table-of-7234,7233,/table-of-7233
7237,14474,21711,28948,36185,43422,50659,57896,65133,72370,79607,86844,94081,101318,108555,115792,123029,130266,137503,144740,table-of-7237,7236,/table-of-7236,7235,/table-of-7235,7234,/table-of-7234
7238,14476,21714,28952,36190,43428,50666,57904,65142,72380,79618,86856,94094,101332,108570,115808,123046,130284,137522,144760,table-of-7238,7237,/table-of-7237,7236,/table-of-7236,7235,/table-of-7235
7239,14478,21717,28956,36195,43434,50673,57912,65151,72390,79629,86868,94107,101346,108585,115824,123063,130302,137541,144780,table-of-7239,7238,/table-of-7238,7237,/table-of-7237,7236,/table-of-7236
7240,14480,21720,28960,36200,43440,50680,57920,65160,72400,79640,86880,94120,101360,108600,115840,123080,130320,137560,144800,table-of-7240,7239,/table-of-7239,7238,/table-of-7238,7237,/table-of-7237
7241,14482,21723,28964,36205,43446,50687,57928,65169,72410,79651,86892,94133,101374,108615,115856,123097,130338,137579,144820,table-of-7241,7240,/table-of-7240,7239,/table-of-7239,7238,/table-of-7238
7242,14484,21726,28968,36210,43452,50694,57936,65178,72420,79662,86904,94146,101388,108630,115872,123114,130356,137598,144840,table-of-7242,7241,/table-of-7241,7240,/table-of-7240,7239,/table-of-7239
7243,14486,21729,28972,36215,43458,50701,57944,65187,72430,79673,86916,94159,101402,108645,115888,123131,130374,137617,144860,table-of-7243,7242,/table-of-7242,7241,/table-of-7241,7240,/table-of-7240
7244,14488,21732,28976,36220,43464,50708,57952,65196,72440,79684,86928,94172,101416,108660,115904,123148,130392,137636,144880,table-of-7244,7243,/table-of-7243,7242,/table-of-7242,7241,/table-of-7241
7245,14490,21735,28980,36225,43470,50715,57960,65205,72450,79695,86940,94185,101430,108675,115920,123165,130410,137655,144900,table-of-7245,7244,/table-of-7244,7243,/table-of-7243,7242,/table-of-7242
7246,14492,21738,28984,36230,43476,50722,57968,65214,72460,79706,86952,94198,101444,108690,115936,123182,130428,137674,144920,table-of-7246,7245,/table-of-7245,7244,/table-of-7244,7243,/table-of-7243
7247,14494,21741,28988,36235,43482,50729,57976,65223,72470,79717,86964,94211,101458,108705,115952,123199,130446,137693,144940,table-of-7247,7246,/table-of-7246,7245,/table-of-7245,7244,/table-of-7244
7248,14496,21744,28992,36240,43488,50736,57984,65232,72480,79728,86976,94224,101472,108720,115968,123216,130464,137712,144960,table-of-7248,7247,/table-of-7247,7246,/table-of-7246,7245,/table-of-7245
7249,14498,21747,28996,36245,43494,50743,57992,65241,72490,79739,86988,94237,101486,108735,115984,123233,130482,137731,144980,table-of-7249,7248,/table-of-7248,7247,/table-of-7247,7246,/table-of-7246
7250,14500,21750,29000,36250,43500,50750,58000,65250,72500,79750,87000,94250,101500,108750,116000,123250,130500,137750,145000,table-of-7250,7249,/table-of-7249,7248,/table-of-7248,7247,/table-of-7247
7251,14502,21753,29004,36255,43506,50757,58008,65259,72510,79761,87012,94263,101514,108765,116016,123267,130518,137769,145020,table-of-7251,7250,/table-of-7250,7249,/table-of-7249,7248,/table-of-7248
7252,14504,21756,29008,36260,43512,50764,58016,65268,72520,79772,87024,94276,101528,108780,116032,123284,130536,137788,145040,table-of-7252,7251,/table-of-7251,7250,/table-of-7250,7249,/table-of-7249
7253,14506,21759,29012,36265,43518,50771,58024,65277,72530,79783,87036,94289,101542,108795,116048,123301,130554,137807,145060,table-of-7253,7252,/table-of-7252,7251,/table-of-7251,7250,/table-of-7250
7254,14508,21762,29016,36270,43524,50778,58032,65286,72540,79794,87048,94302,101556,108810,116064,123318,130572,137826,145080,table-of-7254,7253,/table-of-7253,7252,/table-of-7252,7251,/table-of-7251
7255,14510,21765,29020,36275,43530,50785,58040,65295,72550,79805,87060,94315,101570,108825,116080,123335,130590,137845,145100,table-of-7255,7254,/table-of-7254,7253,/table-of-7253,7252,/table-of-7252
7256,14512,21768,29024,36280,43536,50792,58048,65304,72560,79816,87072,94328,101584,108840,116096,123352,130608,137864,145120,table-of-7256,7255,/table-of-7255,7254,/table-of-7254,7253,/table-of-7253
7257,14514,21771,29028,36285,43542,50799,58056,65313,72570,79827,87084,94341,101598,108855,116112,123369,130626,137883,145140,table-of-7257,7256,/table-of-7256,7255,/table-of-7255,7254,/table-of-7254
7258,14516,21774,29032,36290,43548,50806,58064,65322,72580,79838,87096,94354,101612,108870,116128,123386,130644,137902,145160,table-of-7258,7257,/table-of-7257,7256,/table-of-7256,7255,/table-of-7255
7259,14518,21777,29036,36295,43554,50813,58072,65331,72590,79849,87108,94367,101626,108885,116144,123403,130662,137921,145180,table-of-7259,7258,/table-of-7258,7257,/table-of-7257,7256,/table-of-7256
7260,14520,21780,29040,36300,43560,50820,58080,65340,72600,79860,87120,94380,101640,108900,116160,123420,130680,137940,145200,table-of-7260,7259,/table-of-7259,7258,/table-of-7258,7257,/table-of-7257
7261,14522,21783,29044,36305,43566,50827,58088,65349,72610,79871,87132,94393,101654,108915,116176,123437,130698,137959,145220,table-of-7261,7260,/table-of-7260,7259,/table-of-7259,7258,/table-of-7258
7262,14524,21786,29048,36310,43572,50834,58096,65358,72620,79882,87144,94406,101668,108930,116192,123454,130716,137978,145240,table-of-7262,7261,/table-of-7261,7260,/table-of-7260,7259,/table-of-7259
7263,14526,21789,29052,36315,43578,50841,58104,65367,72630,79893,87156,94419,101682,108945,116208,123471,130734,137997,145260,table-of-7263,7262,/table-of-7262,7261,/table-of-7261,7260,/table-of-7260
7264,14528,21792,29056,36320,43584,50848,58112,65376,72640,79904,87168,94432,101696,108960,116224,123488,130752,138016,145280,table-of-7264,7263,/table-of-7263,7262,/table-of-7262,7261,/table-of-7261
7265,14530,21795,29060,36325,43590,50855,58120,65385,72650,79915,87180,94445,101710,108975,116240,123505,130770,138035,145300,table-of-7265,7264,/table-of-7264,7263,/table-of-7263,7262,/table-of-7262
7266,14532,21798,29064,36330,43596,50862,58128,65394,72660,79926,87192,94458,101724,108990,116256,123522,130788,138054,145320,table-of-7266,7265,/table-of-7265,7264,/table-of-7264,7263,/table-of-7263
7267,14534,21801,29068,36335,43602,50869,58136,65403,72670,79937,87204,94471,101738,109005,116272,123539,130806,138073,145340,table-of-7267,7266,/table-of-7266,7265,/table-of-7265,7264,/table-of-7264
7268,14536,21804,29072,36340,43608,50876,58144,65412,72680,79948,87216,94484,101752,109020,116288,123556,130824,138092,145360,table-of-7268,7267,/table-of-7267,7266,/table-of-7266,7265,/table-of-7265
7269,14538,21807,29076,36345,43614,50883,58152,65421,72690,79959,87228,94497,101766,109035,116304,123573,130842,138111,145380,table-of-7269,7268,/table-of-7268,7267,/table-of-7267,7266,/table-of-7266
7270,14540,21810,29080,36350,43620,50890,58160,65430,72700,79970,87240,94510,101780,109050,116320,123590,130860,138130,145400,table-of-7270,7269,/table-of-7269,7268,/table-of-7268,7267,/table-of-7267
7271,14542,21813,29084,36355,43626,50897,58168,65439,72710,79981,87252,94523,101794,109065,116336,123607,130878,138149,145420,table-of-7271,7270,/table-of-7270,7269,/table-of-7269,7268,/table-of-7268
7272,14544,21816,29088,36360,43632,50904,58176,65448,72720,79992,87264,94536,101808,109080,116352,123624,130896,138168,145440,table-of-7272,7271,/table-of-7271,7270,/table-of-7270,7269,/table-of-7269
7273,14546,21819,29092,36365,43638,50911,58184,65457,72730,80003,87276,94549,101822,109095,116368,123641,130914,138187,145460,table-of-7273,7272,/table-of-7272,7271,/table-of-7271,7270,/table-of-7270
7274,14548,21822,29096,36370,43644,50918,58192,65466,72740,80014,87288,94562,101836,109110,116384,123658,130932,138206,145480,table-of-7274,7273,/table-of-7273,7272,/table-of-7272,7271,/table-of-7271
7275,14550,21825,29100,36375,43650,50925,58200,65475,72750,80025,87300,94575,101850,109125,116400,123675,130950,138225,145500,table-of-7275,7274,/table-of-7274,7273,/table-of-7273,7272,/table-of-7272
7276,14552,21828,29104,36380,43656,50932,58208,65484,72760,80036,87312,94588,101864,109140,116416,123692,130968,138244,145520,table-of-7276,7275,/table-of-7275,7274,/table-of-7274,7273,/table-of-7273
7277,14554,21831,29108,36385,43662,50939,58216,65493,72770,80047,87324,94601,101878,109155,116432,123709,130986,138263,145540,table-of-7277,7276,/table-of-7276,7275,/table-of-7275,7274,/table-of-7274
7278,14556,21834,29112,36390,43668,50946,58224,65502,72780,80058,87336,94614,101892,109170,116448,123726,131004,138282,145560,table-of-7278,7277,/table-of-7277,7276,/table-of-7276,7275,/table-of-7275
7279,14558,21837,29116,36395,43674,50953,58232,65511,72790,80069,87348,94627,101906,109185,116464,123743,131022,138301,145580,table-of-7279,7278,/table-of-7278,7277,/table-of-7277,7276,/table-of-7276
7280,14560,21840,29120,36400,43680,50960,58240,65520,72800,80080,87360,94640,101920,109200,116480,123760,131040,138320,145600,table-of-7280,7279,/table-of-7279,7278,/table-of-7278,7277,/table-of-7277
7281,14562,21843,29124,36405,43686,50967,58248,65529,72810,80091,87372,94653,101934,109215,116496,123777,131058,138339,145620,table-of-7281,7280,/table-of-7280,7279,/table-of-7279,7278,/table-of-7278
7282,14564,21846,29128,36410,43692,50974,58256,65538,72820,80102,87384,94666,101948,109230,116512,123794,131076,138358,145640,table-of-7282,7281,/table-of-7281,7280,/table-of-7280,7279,/table-of-7279
7283,14566,21849,29132,36415,43698,50981,58264,65547,72830,80113,87396,94679,101962,109245,116528,123811,131094,138377,145660,table-of-7283,7282,/table-of-7282,7281,/table-of-7281,7280,/table-of-7280
7284,14568,21852,29136,36420,43704,50988,58272,65556,72840,80124,87408,94692,101976,109260,116544,123828,131112,138396,145680,table-of-7284,7283,/table-of-7283,7282,/table-of-7282,7281,/table-of-7281
7285,14570,21855,29140,36425,43710,50995,58280,65565,72850,80135,87420,94705,101990,109275,116560,123845,131130,138415,145700,table-of-7285,7284,/table-of-7284,7283,/table-of-7283,7282,/table-of-7282
7286,14572,21858,29144,36430,43716,51002,58288,65574,72860,80146,87432,94718,102004,109290,116576,123862,131148,138434,145720,table-of-7286,7285,/table-of-7285,7284,/table-of-7284,7283,/table-of-7283
7287,14574,21861,29148,36435,43722,51009,58296,65583,72870,80157,87444,94731,102018,109305,116592,123879,131166,138453,145740,table-of-7287,7286,/table-of-7286,7285,/table-of-7285,7284,/table-of-7284
7288,14576,21864,29152,36440,43728,51016,58304,65592,72880,80168,87456,94744,102032,109320,116608,123896,131184,138472,145760,table-of-7288,7287,/table-of-7287,7286,/table-of-7286,7285,/table-of-7285
7289,14578,21867,29156,36445,43734,51023,58312,65601,72890,80179,87468,94757,102046,109335,116624,123913,131202,138491,145780,table-of-7289,7288,/table-of-7288,7287,/table-of-7287,7286,/table-of-7286
7290,14580,21870,29160,36450,43740,51030,58320,65610,72900,80190,87480,94770,102060,109350,116640,123930,131220,138510,145800,table-of-7290,7289,/table-of-7289,7288,/table-of-7288,7287,/table-of-7287
7291,14582,21873,29164,36455,43746,51037,58328,65619,72910,80201,87492,94783,102074,109365,116656,123947,131238,138529,145820,table-of-7291,7290,/table-of-7290,7289,/table-of-7289,7288,/table-of-7288
7292,14584,21876,29168,36460,43752,51044,58336,65628,72920,80212,87504,94796,102088,109380,116672,123964,131256,138548,145840,table-of-7292,7291,/table-of-7291,7290,/table-of-7290,7289,/table-of-7289
7293,14586,21879,29172,36465,43758,51051,58344,65637,72930,80223,87516,94809,102102,109395,116688,123981,131274,138567,145860,table-of-7293,7292,/table-of-7292,7291,/table-of-7291,7290,/table-of-7290
7294,14588,21882,29176,36470,43764,51058,58352,65646,72940,80234,87528,94822,102116,109410,116704,123998,131292,138586,145880,table-of-7294,7293,/table-of-7293,7292,/table-of-7292,7291,/table-of-7291
7295,14590,21885,29180,36475,43770,51065,58360,65655,72950,80245,87540,94835,102130,109425,116720,124015,131310,138605,145900,table-of-7295,7294,/table-of-7294,7293,/table-of-7293,7292,/table-of-7292
7296,14592,21888,29184,36480,43776,51072,58368,65664,72960,80256,87552,94848,102144,109440,116736,124032,131328,138624,145920,table-of-7296,7295,/table-of-7295,7294,/table-of-7294,7293,/table-of-7293
7297,14594,21891,29188,36485,43782,51079,58376,65673,72970,80267,87564,94861,102158,109455,116752,124049,131346,138643,145940,table-of-7297,7296,/table-of-7296,7295,/table-of-7295,7294,/table-of-7294
7298,14596,21894,29192,36490,43788,51086,58384,65682,72980,80278,87576,94874,102172,109470,116768,124066,131364,138662,145960,table-of-7298,7297,/table-of-7297,7296,/table-of-7296,7295,/table-of-7295
7299,14598,21897,29196,36495,43794,51093,58392,65691,72990,80289,87588,94887,102186,109485,116784,124083,131382,138681,145980,table-of-7299,7298,/table-of-7298,7297,/table-of-7297,7296,/table-of-7296
7300,14600,21900,29200,36500,43800,51100,58400,65700,73000,80300,87600,94900,102200,109500,116800,124100,131400,138700,146000,table-of-7300,7299,/table-of-7299,7298,/table-of-7298,7297,/table-of-7297
7301,14602,21903,29204,36505,43806,51107,58408,65709,73010,80311,87612,94913,102214,109515,116816,124117,131418,138719,146020,table-of-7301,7300,/table-of-7300,7299,/table-of-7299,7298,/table-of-7298
7302,14604,21906,29208,36510,43812,51114,58416,65718,73020,80322,87624,94926,102228,109530,116832,124134,131436,138738,146040,table-of-7302,7301,/table-of-7301,7300,/table-of-7300,7299,/table-of-7299
7303,14606,21909,29212,36515,43818,51121,58424,65727,73030,80333,87636,94939,102242,109545,116848,124151,131454,138757,146060,table-of-7303,7302,/table-of-7302,7301,/table-of-7301,7300,/table-of-7300
7304,14608,21912,29216,36520,43824,51128,58432,65736,73040,80344,87648,94952,102256,109560,116864,124168,131472,138776,146080,table-of-7304,7303,/table-of-7303,7302,/table-of-7302,7301,/table-of-7301
7305,14610,21915,29220,36525,43830,51135,58440,65745,73050,80355,87660,94965,102270,109575,116880,124185,131490,138795,146100,table-of-7305,7304,/table-of-7304,7303,/table-of-7303,7302,/table-of-7302
7306,14612,21918,29224,36530,43836,51142,58448,65754,73060,80366,87672,94978,102284,109590,116896,124202,131508,138814,146120,table-of-7306,7305,/table-of-7305,7304,/table-of-7304,7303,/table-of-7303
7307,14614,21921,29228,36535,43842,51149,58456,65763,73070,80377,87684,94991,102298,109605,116912,124219,131526,138833,146140,table-of-7307,7306,/table-of-7306,7305,/table-of-7305,7304,/table-of-7304
7308,14616,21924,29232,36540,43848,51156,58464,65772,73080,80388,87696,95004,102312,109620,116928,124236,131544,138852,146160,table-of-7308,7307,/table-of-7307,7306,/table-of-7306,7305,/table-of-7305
7309,14618,21927,29236,36545,43854,51163,58472,65781,73090,80399,87708,95017,102326,109635,116944,124253,131562,138871,146180,table-of-7309,7308,/table-of-7308,7307,/table-of-7307,7306,/table-of-7306
7310,14620,21930,29240,36550,43860,51170,58480,65790,73100,80410,87720,95030,102340,109650,116960,124270,131580,138890,146200,table-of-7310,7309,/table-of-7309,7308,/table-of-7308,7307,/table-of-7307
7311,14622,21933,29244,36555,43866,51177,58488,65799,73110,80421,87732,95043,102354,109665,116976,124287,131598,138909,146220,table-of-7311,7310,/table-of-7310,7309,/table-of-7309,7308,/table-of-7308
7312,14624,21936,29248,36560,43872,51184,58496,65808,73120,80432,87744,95056,102368,109680,116992,124304,131616,138928,146240,table-of-7312,7311,/table-of-7311,7310,/table-of-7310,7309,/table-of-7309
7313,14626,21939,29252,36565,43878,51191,58504,65817,73130,80443,87756,95069,102382,109695,117008,124321,131634,138947,146260,table-of-7313,7312,/table-of-7312,7311,/table-of-7311,7310,/table-of-7310
7314,14628,21942,29256,36570,43884,51198,58512,65826,73140,80454,87768,95082,102396,109710,117024,124338,131652,138966,146280,table-of-7314,7313,/table-of-7313,7312,/table-of-7312,7311,/table-of-7311
7315,14630,21945,29260,36575,43890,51205,58520,65835,73150,80465,87780,95095,102410,109725,117040,124355,131670,138985,146300,table-of-7315,7314,/table-of-7314,7313,/table-of-7313,7312,/table-of-7312
7316,14632,21948,29264,36580,43896,51212,58528,65844,73160,80476,87792,95108,102424,109740,117056,124372,131688,139004,146320,table-of-7316,7315,/table-of-7315,7314,/table-of-7314,7313,/table-of-7313
7317,14634,21951,29268,36585,43902,51219,58536,65853,73170,80487,87804,95121,102438,109755,117072,124389,131706,139023,146340,table-of-7317,7316,/table-of-7316,7315,/table-of-7315,7314,/table-of-7314
7318,14636,21954,29272,36590,43908,51226,58544,65862,73180,80498,87816,95134,102452,109770,117088,124406,131724,139042,146360,table-of-7318,7317,/table-of-7317,7316,/table-of-7316,7315,/table-of-7315
7319,14638,21957,29276,36595,43914,51233,58552,65871,73190,80509,87828,95147,102466,109785,117104,124423,131742,139061,146380,table-of-7319,7318,/table-of-7318,7317,/table-of-7317,7316,/table-of-7316
7320,14640,21960,29280,36600,43920,51240,58560,65880,73200,80520,87840,95160,102480,109800,117120,124440,131760,139080,146400,table-of-7320,7319,/table-of-7319,7318,/table-of-7318,7317,/table-of-7317
7321,14642,21963,29284,36605,43926,51247,58568,65889,73210,80531,87852,95173,102494,109815,117136,124457,131778,139099,146420,table-of-7321,7320,/table-of-7320,7319,/table-of-7319,7318,/table-of-7318
7322,14644,21966,29288,36610,43932,51254,58576,65898,73220,80542,87864,95186,102508,109830,117152,124474,131796,139118,146440,table-of-7322,7321,/table-of-7321,7320,/table-of-7320,7319,/table-of-7319
7323,14646,21969,29292,36615,43938,51261,58584,65907,73230,80553,87876,95199,102522,109845,117168,124491,131814,139137,146460,table-of-7323,7322,/table-of-7322,7321,/table-of-7321,7320,/table-of-7320
7324,14648,21972,29296,36620,43944,51268,58592,65916,73240,80564,87888,95212,102536,109860,117184,124508,131832,139156,146480,table-of-7324,7323,/table-of-7323,7322,/table-of-7322,7321,/table-of-7321
7325,14650,21975,29300,36625,43950,51275,58600,65925,73250,80575,87900,95225,102550,109875,117200,124525,131850,139175,146500,table-of-7325,7324,/table-of-7324,7323,/table-of-7323,7322,/table-of-7322
7326,14652,21978,29304,36630,43956,51282,58608,65934,73260,80586,87912,95238,102564,109890,117216,124542,131868,139194,146520,table-of-7326,7325,/table-of-7325,7324,/table-of-7324,7323,/table-of-7323
7327,14654,21981,29308,36635,43962,51289,58616,65943,73270,80597,87924,95251,102578,109905,117232,124559,131886,139213,146540,table-of-7327,7326,/table-of-7326,7325,/table-of-7325,7324,/table-of-7324
7328,14656,21984,29312,36640,43968,51296,58624,65952,73280,80608,87936,95264,102592,109920,117248,124576,131904,139232,146560,table-of-7328,7327,/table-of-7327,7326,/table-of-7326,7325,/table-of-7325
7329,14658,21987,29316,36645,43974,51303,58632,65961,73290,80619,87948,95277,102606,109935,117264,124593,131922,139251,146580,table-of-7329,7328,/table-of-7328,7327,/table-of-7327,7326,/table-of-7326
7330,14660,21990,29320,36650,43980,51310,58640,65970,73300,80630,87960,95290,102620,109950,117280,124610,131940,139270,146600,table-of-7330,7329,/table-of-7329,7328,/table-of-7328,7327,/table-of-7327
7331,14662,21993,29324,36655,43986,51317,58648,65979,73310,80641,87972,95303,102634,109965,117296,124627,131958,139289,146620,table-of-7331,7330,/table-of-7330,7329,/table-of-7329,7328,/table-of-7328
7332,14664,21996,29328,36660,43992,51324,58656,65988,73320,80652,87984,95316,102648,109980,117312,124644,131976,139308,146640,table-of-7332,7331,/table-of-7331,7330,/table-of-7330,7329,/table-of-7329
7333,14666,21999,29332,36665,43998,51331,58664,65997,73330,80663,87996,95329,102662,109995,117328,124661,131994,139327,146660,table-of-7333,7332,/table-of-7332,7331,/table-of-7331,7330,/table-of-7330
7334,14668,22002,29336,36670,44004,51338,58672,66006,73340,80674,88008,95342,102676,110010,117344,124678,132012,139346,146680,table-of-7334,7333,/table-of-7333,7332,/table-of-7332,7331,/table-of-7331
7335,14670,22005,29340,36675,44010,51345,58680,66015,73350,80685,88020,95355,102690,110025,117360,124695,132030,139365,146700,table-of-7335,7334,/table-of-7334,7333,/table-of-7333,7332,/table-of-7332
7336,14672,22008,29344,36680,44016,51352,58688,66024,73360,80696,88032,95368,102704,110040,117376,124712,132048,139384,146720,table-of-7336,7335,/table-of-7335,7334,/table-of-7334,7333,/table-of-7333
7337,14674,22011,29348,36685,44022,51359,58696,66033,73370,80707,88044,95381,102718,110055,117392,124729,132066,139403,146740,table-of-7337,7336,/table-of-7336,7335,/table-of-7335,7334,/table-of-7334
7338,14676,22014,29352,36690,44028,51366,58704,66042,73380,80718,88056,95394,102732,110070,117408,124746,132084,139422,146760,table-of-7338,7337,/table-of-7337,7336,/table-of-7336,7335,/table-of-7335
7339,14678,22017,29356,36695,44034,51373,58712,66051,73390,80729,88068,95407,102746,110085,117424,124763,132102,139441,146780,table-of-7339,7338,/table-of-7338,7337,/table-of-7337,7336,/table-of-7336
7340,14680,22020,29360,36700,44040,51380,58720,66060,73400,80740,88080,95420,102760,110100,117440,124780,132120,139460,146800,table-of-7340,7339,/table-of-7339,7338,/table-of-7338,7337,/table-of-7337
7341,14682,22023,29364,36705,44046,51387,58728,66069,73410,80751,88092,95433,102774,110115,117456,124797,132138,139479,146820,table-of-7341,7340,/table-of-7340,7339,/table-of-7339,7338,/table-of-7338
7342,14684,22026,29368,36710,44052,51394,58736,66078,73420,80762,88104,95446,102788,110130,117472,124814,132156,139498,146840,table-of-7342,7341,/table-of-7341,7340,/table-of-7340,7339,/table-of-7339
7343,14686,22029,29372,36715,44058,51401,58744,66087,73430,80773,88116,95459,102802,110145,117488,124831,132174,139517,146860,table-of-7343,7342,/table-of-7342,7341,/table-of-7341,7340,/table-of-7340
7344,14688,22032,29376,36720,44064,51408,58752,66096,73440,80784,88128,95472,102816,110160,117504,124848,132192,139536,146880,table-of-7344,7343,/table-of-7343,7342,/table-of-7342,7341,/table-of-7341
7345,14690,22035,29380,36725,44070,51415,58760,66105,73450,80795,88140,95485,102830,110175,117520,124865,132210,139555,146900,table-of-7345,7344,/table-of-7344,7343,/table-of-7343,7342,/table-of-7342
7346,14692,22038,29384,36730,44076,51422,58768,66114,73460,80806,88152,95498,102844,110190,117536,124882,132228,139574,146920,table-of-7346,7345,/table-of-7345,7344,/table-of-7344,7343,/table-of-7343
7347,14694,22041,29388,36735,44082,51429,58776,66123,73470,80817,88164,95511,102858,110205,117552,124899,132246,139593,146940,table-of-7347,7346,/table-of-7346,7345,/table-of-7345,7344,/table-of-7344
7348,14696,22044,29392,36740,44088,51436,58784,66132,73480,80828,88176,95524,102872,110220,117568,124916,132264,139612,146960,table-of-7348,7347,/table-of-7347,7346,/table-of-7346,7345,/table-of-7345
7349,14698,22047,29396,36745,44094,51443,58792,66141,73490,80839,88188,95537,102886,110235,117584,124933,132282,139631,146980,table-of-7349,7348,/table-of-7348,7347,/table-of-7347,7346,/table-of-7346
7350,14700,22050,29400,36750,44100,51450,58800,66150,73500,80850,88200,95550,102900,110250,117600,124950,132300,139650,147000,table-of-7350,7349,/table-of-7349,7348,/table-of-7348,7347,/table-of-7347
7351,14702,22053,29404,36755,44106,51457,58808,66159,73510,80861,88212,95563,102914,110265,117616,124967,132318,139669,147020,table-of-7351,7350,/table-of-7350,7349,/table-of-7349,7348,/table-of-7348
7352,14704,22056,29408,36760,44112,51464,58816,66168,73520,80872,88224,95576,102928,110280,117632,124984,132336,139688,147040,table-of-7352,7351,/table-of-7351,7350,/table-of-7350,7349,/table-of-7349
7353,14706,22059,29412,36765,44118,51471,58824,66177,73530,80883,88236,95589,102942,110295,117648,125001,132354,139707,147060,table-of-7353,7352,/table-of-7352,7351,/table-of-7351,7350,/table-of-7350
7354,14708,22062,29416,36770,44124,51478,58832,66186,73540,80894,88248,95602,102956,110310,117664,125018,132372,139726,147080,table-of-7354,7353,/table-of-7353,7352,/table-of-7352,7351,/table-of-7351
7355,14710,22065,29420,36775,44130,51485,58840,66195,73550,80905,88260,95615,102970,110325,117680,125035,132390,139745,147100,table-of-7355,7354,/table-of-7354,7353,/table-of-7353,7352,/table-of-7352
7356,14712,22068,29424,36780,44136,51492,58848,66204,73560,80916,88272,95628,102984,110340,117696,125052,132408,139764,147120,table-of-7356,7355,/table-of-7355,7354,/table-of-7354,7353,/table-of-7353
7357,14714,22071,29428,36785,44142,51499,58856,66213,73570,80927,88284,95641,102998,110355,117712,125069,132426,139783,147140,table-of-7357,7356,/table-of-7356,7355,/table-of-7355,7354,/table-of-7354
7358,14716,22074,29432,36790,44148,51506,58864,66222,73580,80938,88296,95654,103012,110370,117728,125086,132444,139802,147160,table-of-7358,7357,/table-of-7357,7356,/table-of-7356,7355,/table-of-7355
7359,14718,22077,29436,36795,44154,51513,58872,66231,73590,80949,88308,95667,103026,110385,117744,125103,132462,139821,147180,table-of-7359,7358,/table-of-7358,7357,/table-of-7357,7356,/table-of-7356
7360,14720,22080,29440,36800,44160,51520,58880,66240,73600,80960,88320,95680,103040,110400,117760,125120,132480,139840,147200,table-of-7360,7359,/table-of-7359,7358,/table-of-7358,7357,/table-of-7357
7361,14722,22083,29444,36805,44166,51527,58888,66249,73610,80971,88332,95693,103054,110415,117776,125137,132498,139859,147220,table-of-7361,7360,/table-of-7360,7359,/table-of-7359,7358,/table-of-7358
7362,14724,22086,29448,36810,44172,51534,58896,66258,73620,80982,88344,95706,103068,110430,117792,125154,132516,139878,147240,table-of-7362,7361,/table-of-7361,7360,/table-of-7360,7359,/table-of-7359
7363,14726,22089,29452,36815,44178,51541,58904,66267,73630,80993,88356,95719,103082,110445,117808,125171,132534,139897,147260,table-of-7363,7362,/table-of-7362,7361,/table-of-7361,7360,/table-of-7360
7364,14728,22092,29456,36820,44184,51548,58912,66276,73640,81004,88368,95732,103096,110460,117824,125188,132552,139916,147280,table-of-7364,7363,/table-of-7363,7362,/table-of-7362,7361,/table-of-7361
7365,14730,22095,29460,36825,44190,51555,58920,66285,73650,81015,88380,95745,103110,110475,117840,125205,132570,139935,147300,table-of-7365,7364,/table-of-7364,7363,/table-of-7363,7362,/table-of-7362
7366,14732,22098,29464,36830,44196,51562,58928,66294,73660,81026,88392,95758,103124,110490,117856,125222,132588,139954,147320,table-of-7366,7365,/table-of-7365,7364,/table-of-7364,7363,/table-of-7363
7367,14734,22101,29468,36835,44202,51569,58936,66303,73670,81037,88404,95771,103138,110505,117872,125239,132606,139973,147340,table-of-7367,7366,/table-of-7366,7365,/table-of-7365,7364,/table-of-7364
7368,14736,22104,29472,36840,44208,51576,58944,66312,73680,81048,88416,95784,103152,110520,117888,125256,132624,139992,147360,table-of-7368,7367,/table-of-7367,7366,/table-of-7366,7365,/table-of-7365
7369,14738,22107,29476,36845,44214,51583,58952,66321,73690,81059,88428,95797,103166,110535,117904,125273,132642,140011,147380,table-of-7369,7368,/table-of-7368,7367,/table-of-7367,7366,/table-of-7366
7370,14740,22110,29480,36850,44220,51590,58960,66330,73700,81070,88440,95810,103180,110550,117920,125290,132660,140030,147400,table-of-7370,7369,/table-of-7369,7368,/table-of-7368,7367,/table-of-7367
7371,14742,22113,29484,36855,44226,51597,58968,66339,73710,81081,88452,95823,103194,110565,117936,125307,132678,140049,147420,table-of-7371,7370,/table-of-7370,7369,/table-of-7369,7368,/table-of-7368
7372,14744,22116,29488,36860,44232,51604,58976,66348,73720,81092,88464,95836,103208,110580,117952,125324,132696,140068,147440,table-of-7372,7371,/table-of-7371,7370,/table-of-7370,7369,/table-of-7369
7373,14746,22119,29492,36865,44238,51611,58984,66357,73730,81103,88476,95849,103222,110595,117968,125341,132714,140087,147460,table-of-7373,7372,/table-of-7372,7371,/table-of-7371,7370,/table-of-7370
7374,14748,22122,29496,36870,44244,51618,58992,66366,73740,81114,88488,95862,103236,110610,117984,125358,132732,140106,147480,table-of-7374,7373,/table-of-7373,7372,/table-of-7372,7371,/table-of-7371
7375,14750,22125,29500,36875,44250,51625,59000,66375,73750,81125,88500,95875,103250,110625,118000,125375,132750,140125,147500,table-of-7375,7374,/table-of-7374,7373,/table-of-7373,7372,/table-of-7372
7376,14752,22128,29504,36880,44256,51632,59008,66384,73760,81136,88512,95888,103264,110640,118016,125392,132768,140144,147520,table-of-7376,7375,/table-of-7375,7374,/table-of-7374,7373,/table-of-7373
7377,14754,22131,29508,36885,44262,51639,59016,66393,73770,81147,88524,95901,103278,110655,118032,125409,132786,140163,147540,table-of-7377,7376,/table-of-7376,7375,/table-of-7375,7374,/table-of-7374
7378,14756,22134,29512,36890,44268,51646,59024,66402,73780,81158,88536,95914,103292,110670,118048,125426,132804,140182,147560,table-of-7378,7377,/table-of-7377,7376,/table-of-7376,7375,/table-of-7375
7379,14758,22137,29516,36895,44274,51653,59032,66411,73790,81169,88548,95927,103306,110685,118064,125443,132822,140201,147580,table-of-7379,7378,/table-of-7378,7377,/table-of-7377,7376,/table-of-7376
7380,14760,22140,29520,36900,44280,51660,59040,66420,73800,81180,88560,95940,103320,110700,118080,125460,132840,140220,147600,table-of-7380,7379,/table-of-7379,7378,/table-of-7378,7377,/table-of-7377
7381,14762,22143,29524,36905,44286,51667,59048,66429,73810,81191,88572,95953,103334,110715,118096,125477,132858,140239,147620,table-of-7381,7380,/table-of-7380,7379,/table-of-7379,7378,/table-of-7378
7382,14764,22146,29528,36910,44292,51674,59056,66438,73820,81202,88584,95966,103348,110730,118112,125494,132876,140258,147640,table-of-7382,7381,/table-of-7381,7380,/table-of-7380,7379,/table-of-7379
7383,14766,22149,29532,36915,44298,51681,59064,66447,73830,81213,88596,95979,103362,110745,118128,125511,132894,140277,147660,table-of-7383,7382,/table-of-7382,7381,/table-of-7381,7380,/table-of-7380
7384,14768,22152,29536,36920,44304,51688,59072,66456,73840,81224,88608,95992,103376,110760,118144,125528,132912,140296,147680,table-of-7384,7383,/table-of-7383,7382,/table-of-7382,7381,/table-of-7381
7385,14770,22155,29540,36925,44310,51695,59080,66465,73850,81235,88620,96005,103390,110775,118160,125545,132930,140315,147700,table-of-7385,7384,/table-of-7384,7383,/table-of-7383,7382,/table-of-7382
7386,14772,22158,29544,36930,44316,51702,59088,66474,73860,81246,88632,96018,103404,110790,118176,125562,132948,140334,147720,table-of-7386,7385,/table-of-7385,7384,/table-of-7384,7383,/table-of-7383
7387,14774,22161,29548,36935,44322,51709,59096,66483,73870,81257,88644,96031,103418,110805,118192,125579,132966,140353,147740,table-of-7387,7386,/table-of-7386,7385,/table-of-7385,7384,/table-of-7384
7388,14776,22164,29552,36940,44328,51716,59104,66492,73880,81268,88656,96044,103432,110820,118208,125596,132984,140372,147760,table-of-7388,7387,/table-of-7387,7386,/table-of-7386,7385,/table-of-7385
7389,14778,22167,29556,36945,44334,51723,59112,66501,73890,81279,88668,96057,103446,110835,118224,125613,133002,140391,147780,table-of-7389,7388,/table-of-7388,7387,/table-of-7387,7386,/table-of-7386
7390,14780,22170,29560,36950,44340,51730,59120,66510,73900,81290,88680,96070,103460,110850,118240,125630,133020,140410,147800,table-of-7390,7389,/table-of-7389,7388,/table-of-7388,7387,/table-of-7387
7391,14782,22173,29564,36955,44346,51737,59128,66519,73910,81301,88692,96083,103474,110865,118256,125647,133038,140429,147820,table-of-7391,7390,/table-of-7390,7389,/table-of-7389,7388,/table-of-7388
7392,14784,22176,29568,36960,44352,51744,59136,66528,73920,81312,88704,96096,103488,110880,118272,125664,133056,140448,147840,table-of-7392,7391,/table-of-7391,7390,/table-of-7390,7389,/table-of-7389
7393,14786,22179,29572,36965,44358,51751,59144,66537,73930,81323,88716,96109,103502,110895,118288,125681,133074,140467,147860,table-of-7393,7392,/table-of-7392,7391,/table-of-7391,7390,/table-of-7390
7394,14788,22182,29576,36970,44364,51758,59152,66546,73940,81334,88728,96122,103516,110910,118304,125698,133092,140486,147880,table-of-7394,7393,/table-of-7393,7392,/table-of-7392,7391,/table-of-7391
7395,14790,22185,29580,36975,44370,51765,59160,66555,73950,81345,88740,96135,103530,110925,118320,125715,133110,140505,147900,table-of-7395,7394,/table-of-7394,7393,/table-of-7393,7392,/table-of-7392
7396,14792,22188,29584,36980,44376,51772,59168,66564,73960,81356,88752,96148,103544,110940,118336,125732,133128,140524,147920,table-of-7396,7395,/table-of-7395,7394,/table-of-7394,7393,/table-of-7393
7397,14794,22191,29588,36985,44382,51779,59176,66573,73970,81367,88764,96161,103558,110955,118352,125749,133146,140543,147940,table-of-7397,7396,/table-of-7396,7395,/table-of-7395,7394,/table-of-7394
7398,14796,22194,29592,36990,44388,51786,59184,66582,73980,81378,88776,96174,103572,110970,118368,125766,133164,140562,147960,table-of-7398,7397,/table-of-7397,7396,/table-of-7396,7395,/table-of-7395
7399,14798,22197,29596,36995,44394,51793,59192,66591,73990,81389,88788,96187,103586,110985,118384,125783,133182,140581,147980,table-of-7399,7398,/table-of-7398,7397,/table-of-7397,7396,/table-of-7396
7400,14800,22200,29600,37000,44400,51800,59200,66600,74000,81400,88800,96200,103600,111000,118400,125800,133200,140600,148000,table-of-7400,7399,/table-of-7399,7398,/table-of-7398,7397,/table-of-7397
7401,14802,22203,29604,37005,44406,51807,59208,66609,74010,81411,88812,96213,103614,111015,118416,125817,133218,140619,148020,table-of-7401,7400,/table-of-7400,7399,/table-of-7399,7398,/table-of-7398
7402,14804,22206,29608,37010,44412,51814,59216,66618,74020,81422,88824,96226,103628,111030,118432,125834,133236,140638,148040,table-of-7402,7401,/table-of-7401,7400,/table-of-7400,7399,/table-of-7399
7403,14806,22209,29612,37015,44418,51821,59224,66627,74030,81433,88836,96239,103642,111045,118448,125851,133254,140657,148060,table-of-7403,7402,/table-of-7402,7401,/table-of-7401,7400,/table-of-7400
7404,14808,22212,29616,37020,44424,51828,59232,66636,74040,81444,88848,96252,103656,111060,118464,125868,133272,140676,148080,table-of-7404,7403,/table-of-7403,7402,/table-of-7402,7401,/table-of-7401
7405,14810,22215,29620,37025,44430,51835,59240,66645,74050,81455,88860,96265,103670,111075,118480,125885,133290,140695,148100,table-of-7405,7404,/table-of-7404,7403,/table-of-7403,7402,/table-of-7402
7406,14812,22218,29624,37030,44436,51842,59248,66654,74060,81466,88872,96278,103684,111090,118496,125902,133308,140714,148120,table-of-7406,7405,/table-of-7405,7404,/table-of-7404,7403,/table-of-7403
7407,14814,22221,29628,37035,44442,51849,59256,66663,74070,81477,88884,96291,103698,111105,118512,125919,133326,140733,148140,table-of-7407,7406,/table-of-7406,7405,/table-of-7405,7404,/table-of-7404
7408,14816,22224,29632,37040,44448,51856,59264,66672,74080,81488,88896,96304,103712,111120,118528,125936,133344,140752,148160,table-of-7408,7407,/table-of-7407,7406,/table-of-7406,7405,/table-of-7405
7409,14818,22227,29636,37045,44454,51863,59272,66681,74090,81499,88908,96317,103726,111135,118544,125953,133362,140771,148180,table-of-7409,7408,/table-of-7408,7407,/table-of-7407,7406,/table-of-7406
7410,14820,22230,29640,37050,44460,51870,59280,66690,74100,81510,88920,96330,103740,111150,118560,125970,133380,140790,148200,table-of-7410,7409,/table-of-7409,7408,/table-of-7408,7407,/table-of-7407
7411,14822,22233,29644,37055,44466,51877,59288,66699,74110,81521,88932,96343,103754,111165,118576,125987,133398,140809,148220,table-of-7411,7410,/table-of-7410,7409,/table-of-7409,7408,/table-of-7408
7412,14824,22236,29648,37060,44472,51884,59296,66708,74120,81532,88944,96356,103768,111180,118592,126004,133416,140828,148240,table-of-7412,7411,/table-of-7411,7410,/table-of-7410,7409,/table-of-7409
7413,14826,22239,29652,37065,44478,51891,59304,66717,74130,81543,88956,96369,103782,111195,118608,126021,133434,140847,148260,table-of-7413,7412,/table-of-7412,7411,/table-of-7411,7410,/table-of-7410
7414,14828,22242,29656,37070,44484,51898,59312,66726,74140,81554,88968,96382,103796,111210,118624,126038,133452,140866,148280,table-of-7414,7413,/table-of-7413,7412,/table-of-7412,7411,/table-of-7411
7415,14830,22245,29660,37075,44490,51905,59320,66735,74150,81565,88980,96395,103810,111225,118640,126055,133470,140885,148300,table-of-7415,7414,/table-of-7414,7413,/table-of-7413,7412,/table-of-7412
7416,14832,22248,29664,37080,44496,51912,59328,66744,74160,81576,88992,96408,103824,111240,118656,126072,133488,140904,148320,table-of-7416,7415,/table-of-7415,7414,/table-of-7414,7413,/table-of-7413
7417,14834,22251,29668,37085,44502,51919,59336,66753,74170,81587,89004,96421,103838,111255,118672,126089,133506,140923,148340,table-of-7417,7416,/table-of-7416,7415,/table-of-7415,7414,/table-of-7414
7418,14836,22254,29672,37090,44508,51926,59344,66762,74180,81598,89016,96434,103852,111270,118688,126106,133524,140942,148360,table-of-7418,7417,/table-of-7417,7416,/table-of-7416,7415,/table-of-7415
7419,14838,22257,29676,37095,44514,51933,59352,66771,74190,81609,89028,96447,103866,111285,118704,126123,133542,140961,148380,table-of-7419,7418,/table-of-7418,7417,/table-of-7417,7416,/table-of-7416
7420,14840,22260,29680,37100,44520,51940,59360,66780,74200,81620,89040,96460,103880,111300,118720,126140,133560,140980,148400,table-of-7420,7419,/table-of-7419,7418,/table-of-7418,7417,/table-of-7417
7421,14842,22263,29684,37105,44526,51947,59368,66789,74210,81631,89052,96473,103894,111315,118736,126157,133578,140999,148420,table-of-7421,7420,/table-of-7420,7419,/table-of-7419,7418,/table-of-7418
7422,14844,22266,29688,37110,44532,51954,59376,66798,74220,81642,89064,96486,103908,111330,118752,126174,133596,141018,148440,table-of-7422,7421,/table-of-7421,7420,/table-of-7420,7419,/table-of-7419
7423,14846,22269,29692,37115,44538,51961,59384,66807,74230,81653,89076,96499,103922,111345,118768,126191,133614,141037,148460,table-of-7423,7422,/table-of-7422,7421,/table-of-7421,7420,/table-of-7420
7424,14848,22272,29696,37120,44544,51968,59392,66816,74240,81664,89088,96512,103936,111360,118784,126208,133632,141056,148480,table-of-7424,7423,/table-of-7423,7422,/table-of-7422,7421,/table-of-7421
7425,14850,22275,29700,37125,44550,51975,59400,66825,74250,81675,89100,96525,103950,111375,118800,126225,133650,141075,148500,table-of-7425,7424,/table-of-7424,7423,/table-of-7423,7422,/table-of-7422
7426,14852,22278,29704,37130,44556,51982,59408,66834,74260,81686,89112,96538,103964,111390,118816,126242,133668,141094,148520,table-of-7426,7425,/table-of-7425,7424,/table-of-7424,7423,/table-of-7423
7427,14854,22281,29708,37135,44562,51989,59416,66843,74270,81697,89124,96551,103978,111405,118832,126259,133686,141113,148540,table-of-7427,7426,/table-of-7426,7425,/table-of-7425,7424,/table-of-7424
7428,14856,22284,29712,37140,44568,51996,59424,66852,74280,81708,89136,96564,103992,111420,118848,126276,133704,141132,148560,table-of-7428,7427,/table-of-7427,7426,/table-of-7426,7425,/table-of-7425
7429,14858,22287,29716,37145,44574,52003,59432,66861,74290,81719,89148,96577,104006,111435,118864,126293,133722,141151,148580,table-of-7429,7428,/table-of-7428,7427,/table-of-7427,7426,/table-of-7426
7430,14860,22290,29720,37150,44580,52010,59440,66870,74300,81730,89160,96590,104020,111450,118880,126310,133740,141170,148600,table-of-7430,7429,/table-of-7429,7428,/table-of-7428,7427,/table-of-7427
7431,14862,22293,29724,37155,44586,52017,59448,66879,74310,81741,89172,96603,104034,111465,118896,126327,133758,141189,148620,table-of-7431,7430,/table-of-7430,7429,/table-of-7429,7428,/table-of-7428
7432,14864,22296,29728,37160,44592,52024,59456,66888,74320,81752,89184,96616,104048,111480,118912,126344,133776,141208,148640,table-of-7432,7431,/table-of-7431,7430,/table-of-7430,7429,/table-of-7429
7433,14866,22299,29732,37165,44598,52031,59464,66897,74330,81763,89196,96629,104062,111495,118928,126361,133794,141227,148660,table-of-7433,7432,/table-of-7432,7431,/table-of-7431,7430,/table-of-7430
7434,14868,22302,29736,37170,44604,52038,59472,66906,74340,81774,89208,96642,104076,111510,118944,126378,133812,141246,148680,table-of-7434,7433,/table-of-7433,7432,/table-of-7432,7431,/table-of-7431
7435,14870,22305,29740,37175,44610,52045,59480,66915,74350,81785,89220,96655,104090,111525,118960,126395,133830,141265,148700,table-of-7435,7434,/table-of-7434,7433,/table-of-7433,7432,/table-of-7432
7436,14872,22308,29744,37180,44616,52052,59488,66924,74360,81796,89232,96668,104104,111540,118976,126412,133848,141284,148720,table-of-7436,7435,/table-of-7435,7434,/table-of-7434,7433,/table-of-7433
7437,14874,22311,29748,37185,44622,52059,59496,66933,74370,81807,89244,96681,104118,111555,118992,126429,133866,141303,148740,table-of-7437,7436,/table-of-7436,7435,/table-of-7435,7434,/table-of-7434
7438,14876,22314,29752,37190,44628,52066,59504,66942,74380,81818,89256,96694,104132,111570,119008,126446,133884,141322,148760,table-of-7438,7437,/table-of-7437,7436,/table-of-7436,7435,/table-of-7435
7439,14878,22317,29756,37195,44634,52073,59512,66951,74390,81829,89268,96707,104146,111585,119024,126463,133902,141341,148780,table-of-7439,7438,/table-of-7438,7437,/table-of-7437,7436,/table-of-7436
7440,14880,22320,29760,37200,44640,52080,59520,66960,74400,81840,89280,96720,104160,111600,119040,126480,133920,141360,148800,table-of-7440,7439,/table-of-7439,7438,/table-of-7438,7437,/table-of-7437
7441,14882,22323,29764,37205,44646,52087,59528,66969,74410,81851,89292,96733,104174,111615,119056,126497,133938,141379,148820,table-of-7441,7440,/table-of-7440,7439,/table-of-7439,7438,/table-of-7438
7442,14884,22326,29768,37210,44652,52094,59536,66978,74420,81862,89304,96746,104188,111630,119072,126514,133956,141398,148840,table-of-7442,7441,/table-of-7441,7440,/table-of-7440,7439,/table-of-7439
7443,14886,22329,29772,37215,44658,52101,59544,66987,74430,81873,89316,96759,104202,111645,119088,126531,133974,141417,148860,table-of-7443,7442,/table-of-7442,7441,/table-of-7441,7440,/table-of-7440
7444,14888,22332,29776,37220,44664,52108,59552,66996,74440,81884,89328,96772,104216,111660,119104,126548,133992,141436,148880,table-of-7444,7443,/table-of-7443,7442,/table-of-7442,7441,/table-of-7441
7445,14890,22335,29780,37225,44670,52115,59560,67005,74450,81895,89340,96785,104230,111675,119120,126565,134010,141455,148900,table-of-7445,7444,/table-of-7444,7443,/table-of-7443,7442,/table-of-7442
7446,14892,22338,29784,37230,44676,52122,59568,67014,74460,81906,89352,96798,104244,111690,119136,126582,134028,141474,148920,table-of-7446,7445,/table-of-7445,7444,/table-of-7444,7443,/table-of-7443
7447,14894,22341,29788,37235,44682,52129,59576,67023,74470,81917,89364,96811,104258,111705,119152,126599,134046,141493,148940,table-of-7447,7446,/table-of-7446,7445,/table-of-7445,7444,/table-of-7444
7448,14896,22344,29792,37240,44688,52136,59584,67032,74480,81928,89376,96824,104272,111720,119168,126616,134064,141512,148960,table-of-7448,7447,/table-of-7447,7446,/table-of-7446,7445,/table-of-7445
7449,14898,22347,29796,37245,44694,52143,59592,67041,74490,81939,89388,96837,104286,111735,119184,126633,134082,141531,148980,table-of-7449,7448,/table-of-7448,7447,/table-of-7447,7446,/table-of-7446
7450,14900,22350,29800,37250,44700,52150,59600,67050,74500,81950,89400,96850,104300,111750,119200,126650,134100,141550,149000,table-of-7450,7449,/table-of-7449,7448,/table-of-7448,7447,/table-of-7447
7451,14902,22353,29804,37255,44706,52157,59608,67059,74510,81961,89412,96863,104314,111765,119216,126667,134118,141569,149020,table-of-7451,7450,/table-of-7450,7449,/table-of-7449,7448,/table-of-7448
7452,14904,22356,29808,37260,44712,52164,59616,67068,74520,81972,89424,96876,104328,111780,119232,126684,134136,141588,149040,table-of-7452,7451,/table-of-7451,7450,/table-of-7450,7449,/table-of-7449
7453,14906,22359,29812,37265,44718,52171,59624,67077,74530,81983,89436,96889,104342,111795,119248,126701,134154,141607,149060,table-of-7453,7452,/table-of-7452,7451,/table-of-7451,7450,/table-of-7450
7454,14908,22362,29816,37270,44724,52178,59632,67086,74540,81994,89448,96902,104356,111810,119264,126718,134172,141626,149080,table-of-7454,7453,/table-of-7453,7452,/table-of-7452,7451,/table-of-7451
7455,14910,22365,29820,37275,44730,52185,59640,67095,74550,82005,89460,96915,104370,111825,119280,126735,134190,141645,149100,table-of-7455,7454,/table-of-7454,7453,/table-of-7453,7452,/table-of-7452
7456,14912,22368,29824,37280,44736,52192,59648,67104,74560,82016,89472,96928,104384,111840,119296,126752,134208,141664,149120,table-of-7456,7455,/table-of-7455,7454,/table-of-7454,7453,/table-of-7453
7457,14914,22371,29828,37285,44742,52199,59656,67113,74570,82027,89484,96941,104398,111855,119312,126769,134226,141683,149140,table-of-7457,7456,/table-of-7456,7455,/table-of-7455,7454,/table-of-7454
7458,14916,22374,29832,37290,44748,52206,59664,67122,74580,82038,89496,96954,104412,111870,119328,126786,134244,141702,149160,table-of-7458,7457,/table-of-7457,7456,/table-of-7456,7455,/table-of-7455
7459,14918,22377,29836,37295,44754,52213,59672,67131,74590,82049,89508,96967,104426,111885,119344,126803,134262,141721,149180,table-of-7459,7458,/table-of-7458,7457,/table-of-7457,7456,/table-of-7456
7460,14920,22380,29840,37300,44760,52220,59680,67140,74600,82060,89520,96980,104440,111900,119360,126820,134280,141740,149200,table-of-7460,7459,/table-of-7459,7458,/table-of-7458,7457,/table-of-7457
7461,14922,22383,29844,37305,44766,52227,59688,67149,74610,82071,89532,96993,104454,111915,119376,126837,134298,141759,149220,table-of-7461,7460,/table-of-7460,7459,/table-of-7459,7458,/table-of-7458
7462,14924,22386,29848,37310,44772,52234,59696,67158,74620,82082,89544,97006,104468,111930,119392,126854,134316,141778,149240,table-of-7462,7461,/table-of-7461,7460,/table-of-7460,7459,/table-of-7459
7463,14926,22389,29852,37315,44778,52241,59704,67167,74630,82093,89556,97019,104482,111945,119408,126871,134334,141797,149260,table-of-7463,7462,/table-of-7462,7461,/table-of-7461,7460,/table-of-7460
7464,14928,22392,29856,37320,44784,52248,59712,67176,74640,82104,89568,97032,104496,111960,119424,126888,134352,141816,149280,table-of-7464,7463,/table-of-7463,7462,/table-of-7462,7461,/table-of-7461
7465,14930,22395,29860,37325,44790,52255,59720,67185,74650,82115,89580,97045,104510,111975,119440,126905,134370,141835,149300,table-of-7465,7464,/table-of-7464,7463,/table-of-7463,7462,/table-of-7462
7466,14932,22398,29864,37330,44796,52262,59728,67194,74660,82126,89592,97058,104524,111990,119456,126922,134388,141854,149320,table-of-7466,7465,/table-of-7465,7464,/table-of-7464,7463,/table-of-7463
7467,14934,22401,29868,37335,44802,52269,59736,67203,74670,82137,89604,97071,104538,112005,119472,126939,134406,141873,149340,table-of-7467,7466,/table-of-7466,7465,/table-of-7465,7464,/table-of-7464
7468,14936,22404,29872,37340,44808,52276,59744,67212,74680,82148,89616,97084,104552,112020,119488,126956,134424,141892,149360,table-of-7468,7467,/table-of-7467,7466,/table-of-7466,7465,/table-of-7465
7469,14938,22407,29876,37345,44814,52283,59752,67221,74690,82159,89628,97097,104566,112035,119504,126973,134442,141911,149380,table-of-7469,7468,/table-of-7468,7467,/table-of-7467,7466,/table-of-7466
7470,14940,22410,29880,37350,44820,52290,59760,67230,74700,82170,89640,97110,104580,112050,119520,126990,134460,141930,149400,table-of-7470,7469,/table-of-7469,7468,/table-of-7468,7467,/table-of-7467
7471,14942,22413,29884,37355,44826,52297,59768,67239,74710,82181,89652,97123,104594,112065,119536,127007,134478,141949,149420,table-of-7471,7470,/table-of-7470,7469,/table-of-7469,7468,/table-of-7468
7472,14944,22416,29888,37360,44832,52304,59776,67248,74720,82192,89664,97136,104608,112080,119552,127024,134496,141968,149440,table-of-7472,7471,/table-of-7471,7470,/table-of-7470,7469,/table-of-7469
7473,14946,22419,29892,37365,44838,52311,59784,67257,74730,82203,89676,97149,104622,112095,119568,127041,134514,141987,149460,table-of-7473,7472,/table-of-7472,7471,/table-of-7471,7470,/table-of-7470
7474,14948,22422,29896,37370,44844,52318,59792,67266,74740,82214,89688,97162,104636,112110,119584,127058,134532,142006,149480,table-of-7474,7473,/table-of-7473,7472,/table-of-7472,7471,/table-of-7471
7475,14950,22425,29900,37375,44850,52325,59800,67275,74750,82225,89700,97175,104650,112125,119600,127075,134550,142025,149500,table-of-7475,7474,/table-of-7474,7473,/table-of-7473,7472,/table-of-7472
7476,14952,22428,29904,37380,44856,52332,59808,67284,74760,82236,89712,97188,104664,112140,119616,127092,134568,142044,149520,table-of-7476,7475,/table-of-7475,7474,/table-of-7474,7473,/table-of-7473
7477,14954,22431,29908,37385,44862,52339,59816,67293,74770,82247,89724,97201,104678,112155,119632,127109,134586,142063,149540,table-of-7477,7476,/table-of-7476,7475,/table-of-7475,7474,/table-of-7474
7478,14956,22434,29912,37390,44868,52346,59824,67302,74780,82258,89736,97214,104692,112170,119648,127126,134604,142082,149560,table-of-7478,7477,/table-of-7477,7476,/table-of-7476,7475,/table-of-7475
7479,14958,22437,29916,37395,44874,52353,59832,67311,74790,82269,89748,97227,104706,112185,119664,127143,134622,142101,149580,table-of-7479,7478,/table-of-7478,7477,/table-of-7477,7476,/table-of-7476
7480,14960,22440,29920,37400,44880,52360,59840,67320,74800,82280,89760,97240,104720,112200,119680,127160,134640,142120,149600,table-of-7480,7479,/table-of-7479,7478,/table-of-7478,7477,/table-of-7477
7481,14962,22443,29924,37405,44886,52367,59848,67329,74810,82291,89772,97253,104734,112215,119696,127177,134658,142139,149620,table-of-7481,7480,/table-of-7480,7479,/table-of-7479,7478,/table-of-7478
7482,14964,22446,29928,37410,44892,52374,59856,67338,74820,82302,89784,97266,104748,112230,119712,127194,134676,142158,149640,table-of-7482,7481,/table-of-7481,7480,/table-of-7480,7479,/table-of-7479
7483,14966,22449,29932,37415,44898,52381,59864,67347,74830,82313,89796,97279,104762,112245,119728,127211,134694,142177,149660,table-of-7483,7482,/table-of-7482,7481,/table-of-7481,7480,/table-of-7480
7484,14968,22452,29936,37420,44904,52388,59872,67356,74840,82324,89808,97292,104776,112260,119744,127228,134712,142196,149680,table-of-7484,7483,/table-of-7483,7482,/table-of-7482,7481,/table-of-7481
7485,14970,22455,29940,37425,44910,52395,59880,67365,74850,82335,89820,97305,104790,112275,119760,127245,134730,142215,149700,table-of-7485,7484,/table-of-7484,7483,/table-of-7483,7482,/table-of-7482
7486,14972,22458,29944,37430,44916,52402,59888,67374,74860,82346,89832,97318,104804,112290,119776,127262,134748,142234,149720,table-of-7486,7485,/table-of-7485,7484,/table-of-7484,7483,/table-of-7483
7487,14974,22461,29948,37435,44922,52409,59896,67383,74870,82357,89844,97331,104818,112305,119792,127279,134766,142253,149740,table-of-7487,7486,/table-of-7486,7485,/table-of-7485,7484,/table-of-7484
7488,14976,22464,29952,37440,44928,52416,59904,67392,74880,82368,89856,97344,104832,112320,119808,127296,134784,142272,149760,table-of-7488,7487,/table-of-7487,7486,/table-of-7486,7485,/table-of-7485
7489,14978,22467,29956,37445,44934,52423,59912,67401,74890,82379,89868,97357,104846,112335,119824,127313,134802,142291,149780,table-of-7489,7488,/table-of-7488,7487,/table-of-7487,7486,/table-of-7486
7490,14980,22470,29960,37450,44940,52430,59920,67410,74900,82390,89880,97370,104860,112350,119840,127330,134820,142310,149800,table-of-7490,7489,/table-of-7489,7488,/table-of-7488,7487,/table-of-7487
7491,14982,22473,29964,37455,44946,52437,59928,67419,74910,82401,89892,97383,104874,112365,119856,127347,134838,142329,149820,table-of-7491,7490,/table-of-7490,7489,/table-of-7489,7488,/table-of-7488
7492,14984,22476,29968,37460,44952,52444,59936,67428,74920,82412,89904,97396,104888,112380,119872,127364,134856,142348,149840,table-of-7492,7491,/table-of-7491,7490,/table-of-7490,7489,/table-of-7489
7493,14986,22479,29972,37465,44958,52451,59944,67437,74930,82423,89916,97409,104902,112395,119888,127381,134874,142367,149860,table-of-7493,7492,/table-of-7492,7491,/table-of-7491,7490,/table-of-7490
7494,14988,22482,29976,37470,44964,52458,59952,67446,74940,82434,89928,97422,104916,112410,119904,127398,134892,142386,149880,table-of-7494,7493,/table-of-7493,7492,/table-of-7492,7491,/table-of-7491
7495,14990,22485,29980,37475,44970,52465,59960,67455,74950,82445,89940,97435,104930,112425,119920,127415,134910,142405,149900,table-of-7495,7494,/table-of-7494,7493,/table-of-7493,7492,/table-of-7492
7496,14992,22488,29984,37480,44976,52472,59968,67464,74960,82456,89952,97448,104944,112440,119936,127432,134928,142424,149920,table-of-7496,7495,/table-of-7495,7494,/table-of-7494,7493,/table-of-7493
7497,14994,22491,29988,37485,44982,52479,59976,67473,74970,82467,89964,97461,104958,112455,119952,127449,134946,142443,149940,table-of-7497,7496,/table-of-7496,7495,/table-of-7495,7494,/table-of-7494
7498,14996,22494,29992,37490,44988,52486,59984,67482,74980,82478,89976,97474,104972,112470,119968,127466,134964,142462,149960,table-of-7498,7497,/table-of-7497,7496,/table-of-7496,7495,/table-of-7495
7499,14998,22497,29996,37495,44994,52493,59992,67491,74990,82489,89988,97487,104986,112485,119984,127483,134982,142481,149980,table-of-7499,7498,/table-of-7498,7497,/table-of-7497,7496,/table-of-7496
7500,15000,22500,30000,37500,45000,52500,60000,67500,75000,82500,90000,97500,105000,112500,120000,127500,135000,142500,150000,table-of-7500,7499,/table-of-7499,7498,/table-of-7498,7497,/table-of-7497
7501,15002,22503,30004,37505,45006,52507,60008,67509,75010,82511,90012,97513,105014,112515,120016,127517,135018,142519,150020,table-of-7501,7500,/table-of-7500,7499,/table-of-7499,7498,/table-of-7498
7502,15004,22506,30008,37510,45012,52514,60016,67518,75020,82522,90024,97526,105028,112530,120032,127534,135036,142538,150040,table-of-7502,7501,/table-of-7501,7500,/table-of-7500,7499,/table-of-7499
7503,15006,22509,30012,37515,45018,52521,60024,67527,75030,82533,90036,97539,105042,112545,120048,127551,135054,142557,150060,table-of-7503,7502,/table-of-7502,7501,/table-of-7501,7500,/table-of-7500
7504,15008,22512,30016,37520,45024,52528,60032,67536,75040,82544,90048,97552,105056,112560,120064,127568,135072,142576,150080,table-of-7504,7503,/table-of-7503,7502,/table-of-7502,7501,/table-of-7501
7505,15010,22515,30020,37525,45030,52535,60040,67545,75050,82555,90060,97565,105070,112575,120080,127585,135090,142595,150100,table-of-7505,7504,/table-of-7504,7503,/table-of-7503,7502,/table-of-7502
7506,15012,22518,30024,37530,45036,52542,60048,67554,75060,82566,90072,97578,105084,112590,120096,127602,135108,142614,150120,table-of-7506,7505,/table-of-7505,7504,/table-of-7504,7503,/table-of-7503
7507,15014,22521,30028,37535,45042,52549,60056,67563,75070,82577,90084,97591,105098,112605,120112,127619,135126,142633,150140,table-of-7507,7506,/table-of-7506,7505,/table-of-7505,7504,/table-of-7504
7508,15016,22524,30032,37540,45048,52556,60064,67572,75080,82588,90096,97604,105112,112620,120128,127636,135144,142652,150160,table-of-7508,7507,/table-of-7507,7506,/table-of-7506,7505,/table-of-7505
7509,15018,22527,30036,37545,45054,52563,60072,67581,75090,82599,90108,97617,105126,112635,120144,127653,135162,142671,150180,table-of-7509,7508,/table-of-7508,7507,/table-of-7507,7506,/table-of-7506
7510,15020,22530,30040,37550,45060,52570,60080,67590,75100,82610,90120,97630,105140,112650,120160,127670,135180,142690,150200,table-of-7510,7509,/table-of-7509,7508,/table-of-7508,7507,/table-of-7507
7511,15022,22533,30044,37555,45066,52577,60088,67599,75110,82621,90132,97643,105154,112665,120176,127687,135198,142709,150220,table-of-7511,7510,/table-of-7510,7509,/table-of-7509,7508,/table-of-7508
7512,15024,22536,30048,37560,45072,52584,60096,67608,75120,82632,90144,97656,105168,112680,120192,127704,135216,142728,150240,table-of-7512,7511,/table-of-7511,7510,/table-of-7510,7509,/table-of-7509
7513,15026,22539,30052,37565,45078,52591,60104,67617,75130,82643,90156,97669,105182,112695,120208,127721,135234,142747,150260,table-of-7513,7512,/table-of-7512,7511,/table-of-7511,7510,/table-of-7510
7514,15028,22542,30056,37570,45084,52598,60112,67626,75140,82654,90168,97682,105196,112710,120224,127738,135252,142766,150280,table-of-7514,7513,/table-of-7513,7512,/table-of-7512,7511,/table-of-7511
7515,15030,22545,30060,37575,45090,52605,60120,67635,75150,82665,90180,97695,105210,112725,120240,127755,135270,142785,150300,table-of-7515,7514,/table-of-7514,7513,/table-of-7513,7512,/table-of-7512
7516,15032,22548,30064,37580,45096,52612,60128,67644,75160,82676,90192,97708,105224,112740,120256,127772,135288,142804,150320,table-of-7516,7515,/table-of-7515,7514,/table-of-7514,7513,/table-of-7513
7517,15034,22551,30068,37585,45102,52619,60136,67653,75170,82687,90204,97721,105238,112755,120272,127789,135306,142823,150340,table-of-7517,7516,/table-of-7516,7515,/table-of-7515,7514,/table-of-7514
7518,15036,22554,30072,37590,45108,52626,60144,67662,75180,82698,90216,97734,105252,112770,120288,127806,135324,142842,150360,table-of-7518,7517,/table-of-7517,7516,/table-of-7516,7515,/table-of-7515
7519,15038,22557,30076,37595,45114,52633,60152,67671,75190,82709,90228,97747,105266,112785,120304,127823,135342,142861,150380,table-of-7519,7518,/table-of-7518,7517,/table-of-7517,7516,/table-of-7516
7520,15040,22560,30080,37600,45120,52640,60160,67680,75200,82720,90240,97760,105280,112800,120320,127840,135360,142880,150400,table-of-7520,7519,/table-of-7519,7518,/table-of-7518,7517,/table-of-7517
7521,15042,22563,30084,37605,45126,52647,60168,67689,75210,82731,90252,97773,105294,112815,120336,127857,135378,142899,150420,table-of-7521,7520,/table-of-7520,7519,/table-of-7519,7518,/table-of-7518
7522,15044,22566,30088,37610,45132,52654,60176,67698,75220,82742,90264,97786,105308,112830,120352,127874,135396,142918,150440,table-of-7522,7521,/table-of-7521,7520,/table-of-7520,7519,/table-of-7519
7523,15046,22569,30092,37615,45138,52661,60184,67707,75230,82753,90276,97799,105322,112845,120368,127891,135414,142937,150460,table-of-7523,7522,/table-of-7522,7521,/table-of-7521,7520,/table-of-7520
7524,15048,22572,30096,37620,45144,52668,60192,67716,75240,82764,90288,97812,105336,112860,120384,127908,135432,142956,150480,table-of-7524,7523,/table-of-7523,7522,/table-of-7522,7521,/table-of-7521
7525,15050,22575,30100,37625,45150,52675,60200,67725,75250,82775,90300,97825,105350,112875,120400,127925,135450,142975,150500,table-of-7525,7524,/table-of-7524,7523,/table-of-7523,7522,/table-of-7522
7526,15052,22578,30104,37630,45156,52682,60208,67734,75260,82786,90312,97838,105364,112890,120416,127942,135468,142994,150520,table-of-7526,7525,/table-of-7525,7524,/table-of-7524,7523,/table-of-7523
7527,15054,22581,30108,37635,45162,52689,60216,67743,75270,82797,90324,97851,105378,112905,120432,127959,135486,143013,150540,table-of-7527,7526,/table-of-7526,7525,/table-of-7525,7524,/table-of-7524
7528,15056,22584,30112,37640,45168,52696,60224,67752,75280,82808,90336,97864,105392,112920,120448,127976,135504,143032,150560,table-of-7528,7527,/table-of-7527,7526,/table-of-7526,7525,/table-of-7525
7529,15058,22587,30116,37645,45174,52703,60232,67761,75290,82819,90348,97877,105406,112935,120464,127993,135522,143051,150580,table-of-7529,7528,/table-of-7528,7527,/table-of-7527,7526,/table-of-7526
7530,15060,22590,30120,37650,45180,52710,60240,67770,75300,82830,90360,97890,105420,112950,120480,128010,135540,143070,150600,table-of-7530,7529,/table-of-7529,7528,/table-of-7528,7527,/table-of-7527
7531,15062,22593,30124,37655,45186,52717,60248,67779,75310,82841,90372,97903,105434,112965,120496,128027,135558,143089,150620,table-of-7531,7530,/table-of-7530,7529,/table-of-7529,7528,/table-of-7528
7532,15064,22596,30128,37660,45192,52724,60256,67788,75320,82852,90384,97916,105448,112980,120512,128044,135576,143108,150640,table-of-7532,7531,/table-of-7531,7530,/table-of-7530,7529,/table-of-7529
7533,15066,22599,30132,37665,45198,52731,60264,67797,75330,82863,90396,97929,105462,112995,120528,128061,135594,143127,150660,table-of-7533,7532,/table-of-7532,7531,/table-of-7531,7530,/table-of-7530
7534,15068,22602,30136,37670,45204,52738,60272,67806,75340,82874,90408,97942,105476,113010,120544,128078,135612,143146,150680,table-of-7534,7533,/table-of-7533,7532,/table-of-7532,7531,/table-of-7531
7535,15070,22605,30140,37675,45210,52745,60280,67815,75350,82885,90420,97955,105490,113025,120560,128095,135630,143165,150700,table-of-7535,7534,/table-of-7534,7533,/table-of-7533,7532,/table-of-7532
7536,15072,22608,30144,37680,45216,52752,60288,67824,75360,82896,90432,97968,105504,113040,120576,128112,135648,143184,150720,table-of-7536,7535,/table-of-7535,7534,/table-of-7534,7533,/table-of-7533
7537,15074,22611,30148,37685,45222,52759,60296,67833,75370,82907,90444,97981,105518,113055,120592,128129,135666,143203,150740,table-of-7537,7536,/table-of-7536,7535,/table-of-7535,7534,/table-of-7534
7538,15076,22614,30152,37690,45228,52766,60304,67842,75380,82918,90456,97994,105532,113070,120608,128146,135684,143222,150760,table-of-7538,7537,/table-of-7537,7536,/table-of-7536,7535,/table-of-7535
7539,15078,22617,30156,37695,45234,52773,60312,67851,75390,82929,90468,98007,105546,113085,120624,128163,135702,143241,150780,table-of-7539,7538,/table-of-7538,7537,/table-of-7537,7536,/table-of-7536
7540,15080,22620,30160,37700,45240,52780,60320,67860,75400,82940,90480,98020,105560,113100,120640,128180,135720,143260,150800,table-of-7540,7539,/table-of-7539,7538,/table-of-7538,7537,/table-of-7537
7541,15082,22623,30164,37705,45246,52787,60328,67869,75410,82951,90492,98033,105574,113115,120656,128197,135738,143279,150820,table-of-7541,7540,/table-of-7540,7539,/table-of-7539,7538,/table-of-7538
7542,15084,22626,30168,37710,45252,52794,60336,67878,75420,82962,90504,98046,105588,113130,120672,128214,135756,143298,150840,table-of-7542,7541,/table-of-7541,7540,/table-of-7540,7539,/table-of-7539
7543,15086,22629,30172,37715,45258,52801,60344,67887,75430,82973,90516,98059,105602,113145,120688,128231,135774,143317,150860,table-of-7543,7542,/table-of-7542,7541,/table-of-7541,7540,/table-of-7540
7544,15088,22632,30176,37720,45264,52808,60352,67896,75440,82984,90528,98072,105616,113160,120704,128248,135792,143336,150880,table-of-7544,7543,/table-of-7543,7542,/table-of-7542,7541,/table-of-7541
7545,15090,22635,30180,37725,45270,52815,60360,67905,75450,82995,90540,98085,105630,113175,120720,128265,135810,143355,150900,table-of-7545,7544,/table-of-7544,7543,/table-of-7543,7542,/table-of-7542
7546,15092,22638,30184,37730,45276,52822,60368,67914,75460,83006,90552,98098,105644,113190,120736,128282,135828,143374,150920,table-of-7546,7545,/table-of-7545,7544,/table-of-7544,7543,/table-of-7543
7547,15094,22641,30188,37735,45282,52829,60376,67923,75470,83017,90564,98111,105658,113205,120752,128299,135846,143393,150940,table-of-7547,7546,/table-of-7546,7545,/table-of-7545,7544,/table-of-7544
7548,15096,22644,30192,37740,45288,52836,60384,67932,75480,83028,90576,98124,105672,113220,120768,128316,135864,143412,150960,table-of-7548,7547,/table-of-7547,7546,/table-of-7546,7545,/table-of-7545
7549,15098,22647,30196,37745,45294,52843,60392,67941,75490,83039,90588,98137,105686,113235,120784,128333,135882,143431,150980,table-of-7549,7548,/table-of-7548,7547,/table-of-7547,7546,/table-of-7546
7550,15100,22650,30200,37750,45300,52850,60400,67950,75500,83050,90600,98150,105700,113250,120800,128350,135900,143450,151000,table-of-7550,7549,/table-of-7549,7548,/table-of-7548,7547,/table-of-7547
7551,15102,22653,30204,37755,45306,52857,60408,67959,75510,83061,90612,98163,105714,113265,120816,128367,135918,143469,151020,table-of-7551,7550,/table-of-7550,7549,/table-of-7549,7548,/table-of-7548
7552,15104,22656,30208,37760,45312,52864,60416,67968,75520,83072,90624,98176,105728,113280,120832,128384,135936,143488,151040,table-of-7552,7551,/table-of-7551,7550,/table-of-7550,7549,/table-of-7549
7553,15106,22659,30212,37765,45318,52871,60424,67977,75530,83083,90636,98189,105742,113295,120848,128401,135954,143507,151060,table-of-7553,7552,/table-of-7552,7551,/table-of-7551,7550,/table-of-7550
7554,15108,22662,30216,37770,45324,52878,60432,67986,75540,83094,90648,98202,105756,113310,120864,128418,135972,143526,151080,table-of-7554,7553,/table-of-7553,7552,/table-of-7552,7551,/table-of-7551
7555,15110,22665,30220,37775,45330,52885,60440,67995,75550,83105,90660,98215,105770,113325,120880,128435,135990,143545,151100,table-of-7555,7554,/table-of-7554,7553,/table-of-7553,7552,/table-of-7552
7556,15112,22668,30224,37780,45336,52892,60448,68004,75560,83116,90672,98228,105784,113340,120896,128452,136008,143564,151120,table-of-7556,7555,/table-of-7555,7554,/table-of-7554,7553,/table-of-7553
7557,15114,22671,30228,37785,45342,52899,60456,68013,75570,83127,90684,98241,105798,113355,120912,128469,136026,143583,151140,table-of-7557,7556,/table-of-7556,7555,/table-of-7555,7554,/table-of-7554
7558,15116,22674,30232,37790,45348,52906,60464,68022,75580,83138,90696,98254,105812,113370,120928,128486,136044,143602,151160,table-of-7558,7557,/table-of-7557,7556,/table-of-7556,7555,/table-of-7555
7559,15118,22677,30236,37795,45354,52913,60472,68031,75590,83149,90708,98267,105826,113385,120944,128503,136062,143621,151180,table-of-7559,7558,/table-of-7558,7557,/table-of-7557,7556,/table-of-7556
7560,15120,22680,30240,37800,45360,52920,60480,68040,75600,83160,90720,98280,105840,113400,120960,128520,136080,143640,151200,table-of-7560,7559,/table-of-7559,7558,/table-of-7558,7557,/table-of-7557
7561,15122,22683,30244,37805,45366,52927,60488,68049,75610,83171,90732,98293,105854,113415,120976,128537,136098,143659,151220,table-of-7561,7560,/table-of-7560,7559,/table-of-7559,7558,/table-of-7558
7562,15124,22686,30248,37810,45372,52934,60496,68058,75620,83182,90744,98306,105868,113430,120992,128554,136116,143678,151240,table-of-7562,7561,/table-of-7561,7560,/table-of-7560,7559,/table-of-7559
7563,15126,22689,30252,37815,45378,52941,60504,68067,75630,83193,90756,98319,105882,113445,121008,128571,136134,143697,151260,table-of-7563,7562,/table-of-7562,7561,/table-of-7561,7560,/table-of-7560
7564,15128,22692,30256,37820,45384,52948,60512,68076,75640,83204,90768,98332,105896,113460,121024,128588,136152,143716,151280,table-of-7564,7563,/table-of-7563,7562,/table-of-7562,7561,/table-of-7561
7565,15130,22695,30260,37825,45390,52955,60520,68085,75650,83215,90780,98345,105910,113475,121040,128605,136170,143735,151300,table-of-7565,7564,/table-of-7564,7563,/table-of-7563,7562,/table-of-7562
7566,15132,22698,30264,37830,45396,52962,60528,68094,75660,83226,90792,98358,105924,113490,121056,128622,136188,143754,151320,table-of-7566,7565,/table-of-7565,7564,/table-of-7564,7563,/table-of-7563
7567,15134,22701,30268,37835,45402,52969,60536,68103,75670,83237,90804,98371,105938,113505,121072,128639,136206,143773,151340,table-of-7567,7566,/table-of-7566,7565,/table-of-7565,7564,/table-of-7564
7568,15136,22704,30272,37840,45408,52976,60544,68112,75680,83248,90816,98384,105952,113520,121088,128656,136224,143792,151360,table-of-7568,7567,/table-of-7567,7566,/table-of-7566,7565,/table-of-7565
7569,15138,22707,30276,37845,45414,52983,60552,68121,75690,83259,90828,98397,105966,113535,121104,128673,136242,143811,151380,table-of-7569,7568,/table-of-7568,7567,/table-of-7567,7566,/table-of-7566
7570,15140,22710,30280,37850,45420,52990,60560,68130,75700,83270,90840,98410,105980,113550,121120,128690,136260,143830,151400,table-of-7570,7569,/table-of-7569,7568,/table-of-7568,7567,/table-of-7567
7571,15142,22713,30284,37855,45426,52997,60568,68139,75710,83281,90852,98423,105994,113565,121136,128707,136278,143849,151420,table-of-7571,7570,/table-of-7570,7569,/table-of-7569,7568,/table-of-7568
7572,15144,22716,30288,37860,45432,53004,60576,68148,75720,83292,90864,98436,106008,113580,121152,128724,136296,143868,151440,table-of-7572,7571,/table-of-7571,7570,/table-of-7570,7569,/table-of-7569
7573,15146,22719,30292,37865,45438,53011,60584,68157,75730,83303,90876,98449,106022,113595,121168,128741,136314,143887,151460,table-of-7573,7572,/table-of-7572,7571,/table-of-7571,7570,/table-of-7570
7574,15148,22722,30296,37870,45444,53018,60592,68166,75740,83314,90888,98462,106036,113610,121184,128758,136332,143906,151480,table-of-7574,7573,/table-of-7573,7572,/table-of-7572,7571,/table-of-7571
7575,15150,22725,30300,37875,45450,53025,60600,68175,75750,83325,90900,98475,106050,113625,121200,128775,136350,143925,151500,table-of-7575,7574,/table-of-7574,7573,/table-of-7573,7572,/table-of-7572
7576,15152,22728,30304,37880,45456,53032,60608,68184,75760,83336,90912,98488,106064,113640,121216,128792,136368,143944,151520,table-of-7576,7575,/table-of-7575,7574,/table-of-7574,7573,/table-of-7573
7577,15154,22731,30308,37885,45462,53039,60616,68193,75770,83347,90924,98501,106078,113655,121232,128809,136386,143963,151540,table-of-7577,7576,/table-of-7576,7575,/table-of-7575,7574,/table-of-7574
7578,15156,22734,30312,37890,45468,53046,60624,68202,75780,83358,90936,98514,106092,113670,121248,128826,136404,143982,151560,table-of-7578,7577,/table-of-7577,7576,/table-of-7576,7575,/table-of-7575
7579,15158,22737,30316,37895,45474,53053,60632,68211,75790,83369,90948,98527,106106,113685,121264,128843,136422,144001,151580,table-of-7579,7578,/table-of-7578,7577,/table-of-7577,7576,/table-of-7576
7580,15160,22740,30320,37900,45480,53060,60640,68220,75800,83380,90960,98540,106120,113700,121280,128860,136440,144020,151600,table-of-7580,7579,/table-of-7579,7578,/table-of-7578,7577,/table-of-7577
7581,15162,22743,30324,37905,45486,53067,60648,68229,75810,83391,90972,98553,106134,113715,121296,128877,136458,144039,151620,table-of-7581,7580,/table-of-7580,7579,/table-of-7579,7578,/table-of-7578
7582,15164,22746,30328,37910,45492,53074,60656,68238,75820,83402,90984,98566,106148,113730,121312,128894,136476,144058,151640,table-of-7582,7581,/table-of-7581,7580,/table-of-7580,7579,/table-of-7579
7583,15166,22749,30332,37915,45498,53081,60664,68247,75830,83413,90996,98579,106162,113745,121328,128911,136494,144077,151660,table-of-7583,7582,/table-of-7582,7581,/table-of-7581,7580,/table-of-7580
7584,15168,22752,30336,37920,45504,53088,60672,68256,75840,83424,91008,98592,106176,113760,121344,128928,136512,144096,151680,table-of-7584,7583,/table-of-7583,7582,/table-of-7582,7581,/table-of-7581
7585,15170,22755,30340,37925,45510,53095,60680,68265,75850,83435,91020,98605,106190,113775,121360,128945,136530,144115,151700,table-of-7585,7584,/table-of-7584,7583,/table-of-7583,7582,/table-of-7582
7586,15172,22758,30344,37930,45516,53102,60688,68274,75860,83446,91032,98618,106204,113790,121376,128962,136548,144134,151720,table-of-7586,7585,/table-of-7585,7584,/table-of-7584,7583,/table-of-7583
7587,15174,22761,30348,37935,45522,53109,60696,68283,75870,83457,91044,98631,106218,113805,121392,128979,136566,144153,151740,table-of-7587,7586,/table-of-7586,7585,/table-of-7585,7584,/table-of-7584
7588,15176,22764,30352,37940,45528,53116,60704,68292,75880,83468,91056,98644,106232,113820,121408,128996,136584,144172,151760,table-of-7588,7587,/table-of-7587,7586,/table-of-7586,7585,/table-of-7585
7589,15178,22767,30356,37945,45534,53123,60712,68301,75890,83479,91068,98657,106246,113835,121424,129013,136602,144191,151780,table-of-7589,7588,/table-of-7588,7587,/table-of-7587,7586,/table-of-7586
7590,15180,22770,30360,37950,45540,53130,60720,68310,75900,83490,91080,98670,106260,113850,121440,129030,136620,144210,151800,table-of-7590,7589,/table-of-7589,7588,/table-of-7588,7587,/table-of-7587
7591,15182,22773,30364,37955,45546,53137,60728,68319,75910,83501,91092,98683,106274,113865,121456,129047,136638,144229,151820,table-of-7591,7590,/table-of-7590,7589,/table-of-7589,7588,/table-of-7588
7592,15184,22776,30368,37960,45552,53144,60736,68328,75920,83512,91104,98696,106288,113880,121472,129064,136656,144248,151840,table-of-7592,7591,/table-of-7591,7590,/table-of-7590,7589,/table-of-7589
7593,15186,22779,30372,37965,45558,53151,60744,68337,75930,83523,91116,98709,106302,113895,121488,129081,136674,144267,151860,table-of-7593,7592,/table-of-7592,7591,/table-of-7591,7590,/table-of-7590
7594,15188,22782,30376,37970,45564,53158,60752,68346,75940,83534,91128,98722,106316,113910,121504,129098,136692,144286,151880,table-of-7594,7593,/table-of-7593,7592,/table-of-7592,7591,/table-of-7591
7595,15190,22785,30380,37975,45570,53165,60760,68355,75950,83545,91140,98735,106330,113925,121520,129115,136710,144305,151900,table-of-7595,7594,/table-of-7594,7593,/table-of-7593,7592,/table-of-7592
7596,15192,22788,30384,37980,45576,53172,60768,68364,75960,83556,91152,98748,106344,113940,121536,129132,136728,144324,151920,table-of-7596,7595,/table-of-7595,7594,/table-of-7594,7593,/table-of-7593
7597,15194,22791,30388,37985,45582,53179,60776,68373,75970,83567,91164,98761,106358,113955,121552,129149,136746,144343,151940,table-of-7597,7596,/table-of-7596,7595,/table-of-7595,7594,/table-of-7594
7598,15196,22794,30392,37990,45588,53186,60784,68382,75980,83578,91176,98774,106372,113970,121568,129166,136764,144362,151960,table-of-7598,7597,/table-of-7597,7596,/table-of-7596,7595,/table-of-7595
7599,15198,22797,30396,37995,45594,53193,60792,68391,75990,83589,91188,98787,106386,113985,121584,129183,136782,144381,151980,table-of-7599,7598,/table-of-7598,7597,/table-of-7597,7596,/table-of-7596
7600,15200,22800,30400,38000,45600,53200,60800,68400,76000,83600,91200,98800,106400,114000,121600,129200,136800,144400,152000,table-of-7600,7599,/table-of-7599,7598,/table-of-7598,7597,/table-of-7597
7601,15202,22803,30404,38005,45606,53207,60808,68409,76010,83611,91212,98813,106414,114015,121616,129217,136818,144419,152020,table-of-7601,7600,/table-of-7600,7599,/table-of-7599,7598,/table-of-7598
7602,15204,22806,30408,38010,45612,53214,60816,68418,76020,83622,91224,98826,106428,114030,121632,129234,136836,144438,152040,table-of-7602,7601,/table-of-7601,7600,/table-of-7600,7599,/table-of-7599
7603,15206,22809,30412,38015,45618,53221,60824,68427,76030,83633,91236,98839,106442,114045,121648,129251,136854,144457,152060,table-of-7603,7602,/table-of-7602,7601,/table-of-7601,7600,/table-of-7600
7604,15208,22812,30416,38020,45624,53228,60832,68436,76040,83644,91248,98852,106456,114060,121664,129268,136872,144476,152080,table-of-7604,7603,/table-of-7603,7602,/table-of-7602,7601,/table-of-7601
7605,15210,22815,30420,38025,45630,53235,60840,68445,76050,83655,91260,98865,106470,114075,121680,129285,136890,144495,152100,table-of-7605,7604,/table-of-7604,7603,/table-of-7603,7602,/table-of-7602
7606,15212,22818,30424,38030,45636,53242,60848,68454,76060,83666,91272,98878,106484,114090,121696,129302,136908,144514,152120,table-of-7606,7605,/table-of-7605,7604,/table-of-7604,7603,/table-of-7603
7607,15214,22821,30428,38035,45642,53249,60856,68463,76070,83677,91284,98891,106498,114105,121712,129319,136926,144533,152140,table-of-7607,7606,/table-of-7606,7605,/table-of-7605,7604,/table-of-7604
7608,15216,22824,30432,38040,45648,53256,60864,68472,76080,83688,91296,98904,106512,114120,121728,129336,136944,144552,152160,table-of-7608,7607,/table-of-7607,7606,/table-of-7606,7605,/table-of-7605
7609,15218,22827,30436,38045,45654,53263,60872,68481,76090,83699,91308,98917,106526,114135,121744,129353,136962,144571,152180,table-of-7609,7608,/table-of-7608,7607,/table-of-7607,7606,/table-of-7606
7610,15220,22830,30440,38050,45660,53270,60880,68490,76100,83710,91320,98930,106540,114150,121760,129370,136980,144590,152200,table-of-7610,7609,/table-of-7609,7608,/table-of-7608,7607,/table-of-7607
7611,15222,22833,30444,38055,45666,53277,60888,68499,76110,83721,91332,98943,106554,114165,121776,129387,136998,144609,152220,table-of-7611,7610,/table-of-7610,7609,/table-of-7609,7608,/table-of-7608
7612,15224,22836,30448,38060,45672,53284,60896,68508,76120,83732,91344,98956,106568,114180,121792,129404,137016,144628,152240,table-of-7612,7611,/table-of-7611,7610,/table-of-7610,7609,/table-of-7609
7613,15226,22839,30452,38065,45678,53291,60904,68517,76130,83743,91356,98969,106582,114195,121808,129421,137034,144647,152260,table-of-7613,7612,/table-of-7612,7611,/table-of-7611,7610,/table-of-7610
7614,15228,22842,30456,38070,45684,53298,60912,68526,76140,83754,91368,98982,106596,114210,121824,129438,137052,144666,152280,table-of-7614,7613,/table-of-7613,7612,/table-of-7612,7611,/table-of-7611
7615,15230,22845,30460,38075,45690,53305,60920,68535,76150,83765,91380,98995,106610,114225,121840,129455,137070,144685,152300,table-of-7615,7614,/table-of-7614,7613,/table-of-7613,7612,/table-of-7612
7616,15232,22848,30464,38080,45696,53312,60928,68544,76160,83776,91392,99008,106624,114240,121856,129472,137088,144704,152320,table-of-7616,7615,/table-of-7615,7614,/table-of-7614,7613,/table-of-7613
7617,15234,22851,30468,38085,45702,53319,60936,68553,76170,83787,91404,99021,106638,114255,121872,129489,137106,144723,152340,table-of-7617,7616,/table-of-7616,7615,/table-of-7615,7614,/table-of-7614
7618,15236,22854,30472,38090,45708,53326,60944,68562,76180,83798,91416,99034,106652,114270,121888,129506,137124,144742,152360,table-of-7618,7617,/table-of-7617,7616,/table-of-7616,7615,/table-of-7615
7619,15238,22857,30476,38095,45714,53333,60952,68571,76190,83809,91428,99047,106666,114285,121904,129523,137142,144761,152380,table-of-7619,7618,/table-of-7618,7617,/table-of-7617,7616,/table-of-7616
7620,15240,22860,30480,38100,45720,53340,60960,68580,76200,83820,91440,99060,106680,114300,121920,129540,137160,144780,152400,table-of-7620,7619,/table-of-7619,7618,/table-of-7618,7617,/table-of-7617
7621,15242,22863,30484,38105,45726,53347,60968,68589,76210,83831,91452,99073,106694,114315,121936,129557,137178,144799,152420,table-of-7621,7620,/table-of-7620,7619,/table-of-7619,7618,/table-of-7618
7622,15244,22866,30488,38110,45732,53354,60976,68598,76220,83842,91464,99086,106708,114330,121952,129574,137196,144818,152440,table-of-7622,7621,/table-of-7621,7620,/table-of-7620,7619,/table-of-7619
7623,15246,22869,30492,38115,45738,53361,60984,68607,76230,83853,91476,99099,106722,114345,121968,129591,137214,144837,152460,table-of-7623,7622,/table-of-7622,7621,/table-of-7621,7620,/table-of-7620
7624,15248,22872,30496,38120,45744,53368,60992,68616,76240,83864,91488,99112,106736,114360,121984,129608,137232,144856,152480,table-of-7624,7623,/table-of-7623,7622,/table-of-7622,7621,/table-of-7621
7625,15250,22875,30500,38125,45750,53375,61000,68625,76250,83875,91500,99125,106750,114375,122000,129625,137250,144875,152500,table-of-7625,7624,/table-of-7624,7623,/table-of-7623,7622,/table-of-7622
7626,15252,22878,30504,38130,45756,53382,61008,68634,76260,83886,91512,99138,106764,114390,122016,129642,137268,144894,152520,table-of-7626,7625,/table-of-7625,7624,/table-of-7624,7623,/table-of-7623
7627,15254,22881,30508,38135,45762,53389,61016,68643,76270,83897,91524,99151,106778,114405,122032,129659,137286,144913,152540,table-of-7627,7626,/table-of-7626,7625,/table-of-7625,7624,/table-of-7624
7628,15256,22884,30512,38140,45768,53396,61024,68652,76280,83908,91536,99164,106792,114420,122048,129676,137304,144932,152560,table-of-7628,7627,/table-of-7627,7626,/table-of-7626,7625,/table-of-7625
7629,15258,22887,30516,38145,45774,53403,61032,68661,76290,83919,91548,99177,106806,114435,122064,129693,137322,144951,152580,table-of-7629,7628,/table-of-7628,7627,/table-of-7627,7626,/table-of-7626
7630,15260,22890,30520,38150,45780,53410,61040,68670,76300,83930,91560,99190,106820,114450,122080,129710,137340,144970,152600,table-of-7630,7629,/table-of-7629,7628,/table-of-7628,7627,/table-of-7627
7631,15262,22893,30524,38155,45786,53417,61048,68679,76310,83941,91572,99203,106834,114465,122096,129727,137358,144989,152620,table-of-7631,7630,/table-of-7630,7629,/table-of-7629,7628,/table-of-7628
7632,15264,22896,30528,38160,45792,53424,61056,68688,76320,83952,91584,99216,106848,114480,122112,129744,137376,145008,152640,table-of-7632,7631,/table-of-7631,7630,/table-of-7630,7629,/table-of-7629
7633,15266,22899,30532,38165,45798,53431,61064,68697,76330,83963,91596,99229,106862,114495,122128,129761,137394,145027,152660,table-of-7633,7632,/table-of-7632,7631,/table-of-7631,7630,/table-of-7630
7634,15268,22902,30536,38170,45804,53438,61072,68706,76340,83974,91608,99242,106876,114510,122144,129778,137412,145046,152680,table-of-7634,7633,/table-of-7633,7632,/table-of-7632,7631,/table-of-7631
7635,15270,22905,30540,38175,45810,53445,61080,68715,76350,83985,91620,99255,106890,114525,122160,129795,137430,145065,152700,table-of-7635,7634,/table-of-7634,7633,/table-of-7633,7632,/table-of-7632
7636,15272,22908,30544,38180,45816,53452,61088,68724,76360,83996,91632,99268,106904,114540,122176,129812,137448,145084,152720,table-of-7636,7635,/table-of-7635,7634,/table-of-7634,7633,/table-of-7633
7637,15274,22911,30548,38185,45822,53459,61096,68733,76370,84007,91644,99281,106918,114555,122192,129829,137466,145103,152740,table-of-7637,7636,/table-of-7636,7635,/table-of-7635,7634,/table-of-7634
7638,15276,22914,30552,38190,45828,53466,61104,68742,76380,84018,91656,99294,106932,114570,122208,129846,137484,145122,152760,table-of-7638,7637,/table-of-7637,7636,/table-of-7636,7635,/table-of-7635
7639,15278,22917,30556,38195,45834,53473,61112,68751,76390,84029,91668,99307,106946,114585,122224,129863,137502,145141,152780,table-of-7639,7638,/table-of-7638,7637,/table-of-7637,7636,/table-of-7636
7640,15280,22920,30560,38200,45840,53480,61120,68760,76400,84040,91680,99320,106960,114600,122240,129880,137520,145160,152800,table-of-7640,7639,/table-of-7639,7638,/table-of-7638,7637,/table-of-7637
7641,15282,22923,30564,38205,45846,53487,61128,68769,76410,84051,91692,99333,106974,114615,122256,129897,137538,145179,152820,table-of-7641,7640,/table-of-7640,7639,/table-of-7639,7638,/table-of-7638
7642,15284,22926,30568,38210,45852,53494,61136,68778,76420,84062,91704,99346,106988,114630,122272,129914,137556,145198,152840,table-of-7642,7641,/table-of-7641,7640,/table-of-7640,7639,/table-of-7639
7643,15286,22929,30572,38215,45858,53501,61144,68787,76430,84073,91716,99359,107002,114645,122288,129931,137574,145217,152860,table-of-7643,7642,/table-of-7642,7641,/table-of-7641,7640,/table-of-7640
7644,15288,22932,30576,38220,45864,53508,61152,68796,76440,84084,91728,99372,107016,114660,122304,129948,137592,145236,152880,table-of-7644,7643,/table-of-7643,7642,/table-of-7642,7641,/table-of-7641
7645,15290,22935,30580,38225,45870,53515,61160,68805,76450,84095,91740,99385,107030,114675,122320,129965,137610,145255,152900,table-of-7645,7644,/table-of-7644,7643,/table-of-7643,7642,/table-of-7642
7646,15292,22938,30584,38230,45876,53522,61168,68814,76460,84106,91752,99398,107044,114690,122336,129982,137628,145274,152920,table-of-7646,7645,/table-of-7645,7644,/table-of-7644,7643,/table-of-7643
7647,15294,22941,30588,38235,45882,53529,61176,68823,76470,84117,91764,99411,107058,114705,122352,129999,137646,145293,152940,table-of-7647,7646,/table-of-7646,7645,/table-of-7645,7644,/table-of-7644
7648,15296,22944,30592,38240,45888,53536,61184,68832,76480,84128,91776,99424,107072,114720,122368,130016,137664,145312,152960,table-of-7648,7647,/table-of-7647,7646,/table-of-7646,7645,/table-of-7645
7649,15298,22947,30596,38245,45894,53543,61192,68841,76490,84139,91788,99437,107086,114735,122384,130033,137682,145331,152980,table-of-7649,7648,/table-of-7648,7647,/table-of-7647,7646,/table-of-7646
7650,15300,22950,30600,38250,45900,53550,61200,68850,76500,84150,91800,99450,107100,114750,122400,130050,137700,145350,153000,table-of-7650,7649,/table-of-7649,7648,/table-of-7648,7647,/table-of-7647
7651,15302,22953,30604,38255,45906,53557,61208,68859,76510,84161,91812,99463,107114,114765,122416,130067,137718,145369,153020,table-of-7651,7650,/table-of-7650,7649,/table-of-7649,7648,/table-of-7648
7652,15304,22956,30608,38260,45912,53564,61216,68868,76520,84172,91824,99476,107128,114780,122432,130084,137736,145388,153040,table-of-7652,7651,/table-of-7651,7650,/table-of-7650,7649,/table-of-7649
7653,15306,22959,30612,38265,45918,53571,61224,68877,76530,84183,91836,99489,107142,114795,122448,130101,137754,145407,153060,table-of-7653,7652,/table-of-7652,7651,/table-of-7651,7650,/table-of-7650
7654,15308,22962,30616,38270,45924,53578,61232,68886,76540,84194,91848,99502,107156,114810,122464,130118,137772,145426,153080,table-of-7654,7653,/table-of-7653,7652,/table-of-7652,7651,/table-of-7651
7655,15310,22965,30620,38275,45930,53585,61240,68895,76550,84205,91860,99515,107170,114825,122480,130135,137790,145445,153100,table-of-7655,7654,/table-of-7654,7653,/table-of-7653,7652,/table-of-7652
7656,15312,22968,30624,38280,45936,53592,61248,68904,76560,84216,91872,99528,107184,114840,122496,130152,137808,145464,153120,table-of-7656,7655,/table-of-7655,7654,/table-of-7654,7653,/table-of-7653
7657,15314,22971,30628,38285,45942,53599,61256,68913,76570,84227,91884,99541,107198,114855,122512,130169,137826,145483,153140,table-of-7657,7656,/table-of-7656,7655,/table-of-7655,7654,/table-of-7654
7658,15316,22974,30632,38290,45948,53606,61264,68922,76580,84238,91896,99554,107212,114870,122528,130186,137844,145502,153160,table-of-7658,7657,/table-of-7657,7656,/table-of-7656,7655,/table-of-7655
7659,15318,22977,30636,38295,45954,53613,61272,68931,76590,84249,91908,99567,107226,114885,122544,130203,137862,145521,153180,table-of-7659,7658,/table-of-7658,7657,/table-of-7657,7656,/table-of-7656
7660,15320,22980,30640,38300,45960,53620,61280,68940,76600,84260,91920,99580,107240,114900,122560,130220,137880,145540,153200,table-of-7660,7659,/table-of-7659,7658,/table-of-7658,7657,/table-of-7657
7661,15322,22983,30644,38305,45966,53627,61288,68949,76610,84271,91932,99593,107254,114915,122576,130237,137898,145559,153220,table-of-7661,7660,/table-of-7660,7659,/table-of-7659,7658,/table-of-7658
7662,15324,22986,30648,38310,45972,53634,61296,68958,76620,84282,91944,99606,107268,114930,122592,130254,137916,145578,153240,table-of-7662,7661,/table-of-7661,7660,/table-of-7660,7659,/table-of-7659
7663,15326,22989,30652,38315,45978,53641,61304,68967,76630,84293,91956,99619,107282,114945,122608,130271,137934,145597,153260,table-of-7663,7662,/table-of-7662,7661,/table-of-7661,7660,/table-of-7660
7664,15328,22992,30656,38320,45984,53648,61312,68976,76640,84304,91968,99632,107296,114960,122624,130288,137952,145616,153280,table-of-7664,7663,/table-of-7663,7662,/table-of-7662,7661,/table-of-7661
7665,15330,22995,30660,38325,45990,53655,61320,68985,76650,84315,91980,99645,107310,114975,122640,130305,137970,145635,153300,table-of-7665,7664,/table-of-7664,7663,/table-of-7663,7662,/table-of-7662
7666,15332,22998,30664,38330,45996,53662,61328,68994,76660,84326,91992,99658,107324,114990,122656,130322,137988,145654,153320,table-of-7666,7665,/table-of-7665,7664,/table-of-7664,7663,/table-of-7663
7667,15334,23001,30668,38335,46002,53669,61336,69003,76670,84337,92004,99671,107338,115005,122672,130339,138006,145673,153340,table-of-7667,7666,/table-of-7666,7665,/table-of-7665,7664,/table-of-7664
7668,15336,23004,30672,38340,46008,53676,61344,69012,76680,84348,92016,99684,107352,115020,122688,130356,138024,145692,153360,table-of-7668,7667,/table-of-7667,7666,/table-of-7666,7665,/table-of-7665
7669,15338,23007,30676,38345,46014,53683,61352,69021,76690,84359,92028,99697,107366,115035,122704,130373,138042,145711,153380,table-of-7669,7668,/table-of-7668,7667,/table-of-7667,7666,/table-of-7666
7670,15340,23010,30680,38350,46020,53690,61360,69030,76700,84370,92040,99710,107380,115050,122720,130390,138060,145730,153400,table-of-7670,7669,/table-of-7669,7668,/table-of-7668,7667,/table-of-7667
7671,15342,23013,30684,38355,46026,53697,61368,69039,76710,84381,92052,99723,107394,115065,122736,130407,138078,145749,153420,table-of-7671,7670,/table-of-7670,7669,/table-of-7669,7668,/table-of-7668
7672,15344,23016,30688,38360,46032,53704,61376,69048,76720,84392,92064,99736,107408,115080,122752,130424,138096,145768,153440,table-of-7672,7671,/table-of-7671,7670,/table-of-7670,7669,/table-of-7669
7673,15346,23019,30692,38365,46038,53711,61384,69057,76730,84403,92076,99749,107422,115095,122768,130441,138114,145787,153460,table-of-7673,7672,/table-of-7672,7671,/table-of-7671,7670,/table-of-7670
7674,15348,23022,30696,38370,46044,53718,61392,69066,76740,84414,92088,99762,107436,115110,122784,130458,138132,145806,153480,table-of-7674,7673,/table-of-7673,7672,/table-of-7672,7671,/table-of-7671
7675,15350,23025,30700,38375,46050,53725,61400,69075,76750,84425,92100,99775,107450,115125,122800,130475,138150,145825,153500,table-of-7675,7674,/table-of-7674,7673,/table-of-7673,7672,/table-of-7672
7676,15352,23028,30704,38380,46056,53732,61408,69084,76760,84436,92112,99788,107464,115140,122816,130492,138168,145844,153520,table-of-7676,7675,/table-of-7675,7674,/table-of-7674,7673,/table-of-7673
7677,15354,23031,30708,38385,46062,53739,61416,69093,76770,84447,92124,99801,107478,115155,122832,130509,138186,145863,153540,table-of-7677,7676,/table-of-7676,7675,/table-of-7675,7674,/table-of-7674
7678,15356,23034,30712,38390,46068,53746,61424,69102,76780,84458,92136,99814,107492,115170,122848,130526,138204,145882,153560,table-of-7678,7677,/table-of-7677,7676,/table-of-7676,7675,/table-of-7675
7679,15358,23037,30716,38395,46074,53753,61432,69111,76790,84469,92148,99827,107506,115185,122864,130543,138222,145901,153580,table-of-7679,7678,/table-of-7678,7677,/table-of-7677,7676,/table-of-7676
7680,15360,23040,30720,38400,46080,53760,61440,69120,76800,84480,92160,99840,107520,115200,122880,130560,138240,145920,153600,table-of-7680,7679,/table-of-7679,7678,/table-of-7678,7677,/table-of-7677
7681,15362,23043,30724,38405,46086,53767,61448,69129,76810,84491,92172,99853,107534,115215,122896,130577,138258,145939,153620,table-of-7681,7680,/table-of-7680,7679,/table-of-7679,7678,/table-of-7678
7682,15364,23046,30728,38410,46092,53774,61456,69138,76820,84502,92184,99866,107548,115230,122912,130594,138276,145958,153640,table-of-7682,7681,/table-of-7681,7680,/table-of-7680,7679,/table-of-7679
7683,15366,23049,30732,38415,46098,53781,61464,69147,76830,84513,92196,99879,107562,115245,122928,130611,138294,145977,153660,table-of-7683,7682,/table-of-7682,7681,/table-of-7681,7680,/table-of-7680
7684,15368,23052,30736,38420,46104,53788,61472,69156,76840,84524,92208,99892,107576,115260,122944,130628,138312,145996,153680,table-of-7684,7683,/table-of-7683,7682,/table-of-7682,7681,/table-of-7681
7685,15370,23055,30740,38425,46110,53795,61480,69165,76850,84535,92220,99905,107590,115275,122960,130645,138330,146015,153700,table-of-7685,7684,/table-of-7684,7683,/table-of-7683,7682,/table-of-7682
7686,15372,23058,30744,38430,46116,53802,61488,69174,76860,84546,92232,99918,107604,115290,122976,130662,138348,146034,153720,table-of-7686,7685,/table-of-7685,7684,/table-of-7684,7683,/table-of-7683
7687,15374,23061,30748,38435,46122,53809,61496,69183,76870,84557,92244,99931,107618,115305,122992,130679,138366,146053,153740,table-of-7687,7686,/table-of-7686,7685,/table-of-7685,7684,/table-of-7684
7688,15376,23064,30752,38440,46128,53816,61504,69192,76880,84568,92256,99944,107632,115320,123008,130696,138384,146072,153760,table-of-7688,7687,/table-of-7687,7686,/table-of-7686,7685,/table-of-7685
7689,15378,23067,30756,38445,46134,53823,61512,69201,76890,84579,92268,99957,107646,115335,123024,130713,138402,146091,153780,table-of-7689,7688,/table-of-7688,7687,/table-of-7687,7686,/table-of-7686
7690,15380,23070,30760,38450,46140,53830,61520,69210,76900,84590,92280,99970,107660,115350,123040,130730,138420,146110,153800,table-of-7690,7689,/table-of-7689,7688,/table-of-7688,7687,/table-of-7687
7691,15382,23073,30764,38455,46146,53837,61528,69219,76910,84601,92292,99983,107674,115365,123056,130747,138438,146129,153820,table-of-7691,7690,/table-of-7690,7689,/table-of-7689,7688,/table-of-7688
7692,15384,23076,30768,38460,46152,53844,61536,69228,76920,84612,92304,99996,107688,115380,123072,130764,138456,146148,153840,table-of-7692,7691,/table-of-7691,7690,/table-of-7690,7689,/table-of-7689
7693,15386,23079,30772,38465,46158,53851,61544,69237,76930,84623,92316,100009,107702,115395,123088,130781,138474,146167,153860,table-of-7693,7692,/table-of-7692,7691,/table-of-7691,7690,/table-of-7690
7694,15388,23082,30776,38470,46164,53858,61552,69246,76940,84634,92328,100022,107716,115410,123104,130798,138492,146186,153880,table-of-7694,7693,/table-of-7693,7692,/table-of-7692,7691,/table-of-7691
7695,15390,23085,30780,38475,46170,53865,61560,69255,76950,84645,92340,100035,107730,115425,123120,130815,138510,146205,153900,table-of-7695,7694,/table-of-7694,7693,/table-of-7693,7692,/table-of-7692
7696,15392,23088,30784,38480,46176,53872,61568,69264,76960,84656,92352,100048,107744,115440,123136,130832,138528,146224,153920,table-of-7696,7695,/table-of-7695,7694,/table-of-7694,7693,/table-of-7693
7697,15394,23091,30788,38485,46182,53879,61576,69273,76970,84667,92364,100061,107758,115455,123152,130849,138546,146243,153940,table-of-7697,7696,/table-of-7696,7695,/table-of-7695,7694,/table-of-7694
7698,15396,23094,30792,38490,46188,53886,61584,69282,76980,84678,92376,100074,107772,115470,123168,130866,138564,146262,153960,table-of-7698,7697,/table-of-7697,7696,/table-of-7696,7695,/table-of-7695
7699,15398,23097,30796,38495,46194,53893,61592,69291,76990,84689,92388,100087,107786,115485,123184,130883,138582,146281,153980,table-of-7699,7698,/table-of-7698,7697,/table-of-7697,7696,/table-of-7696
7700,15400,23100,30800,38500,46200,53900,61600,69300,77000,84700,92400,100100,107800,115500,123200,130900,138600,146300,154000,table-of-7700,7699,/table-of-7699,7698,/table-of-7698,7697,/table-of-7697
7701,15402,23103,30804,38505,46206,53907,61608,69309,77010,84711,92412,100113,107814,115515,123216,130917,138618,146319,154020,table-of-7701,7700,/table-of-7700,7699,/table-of-7699,7698,/table-of-7698
7702,15404,23106,30808,38510,46212,53914,61616,69318,77020,84722,92424,100126,107828,115530,123232,130934,138636,146338,154040,table-of-7702,7701,/table-of-7701,7700,/table-of-7700,7699,/table-of-7699
7703,15406,23109,30812,38515,46218,53921,61624,69327,77030,84733,92436,100139,107842,115545,123248,130951,138654,146357,154060,table-of-7703,7702,/table-of-7702,7701,/table-of-7701,7700,/table-of-7700
7704,15408,23112,30816,38520,46224,53928,61632,69336,77040,84744,92448,100152,107856,115560,123264,130968,138672,146376,154080,table-of-7704,7703,/table-of-7703,7702,/table-of-7702,7701,/table-of-7701
7705,15410,23115,30820,38525,46230,53935,61640,69345,77050,84755,92460,100165,107870,115575,123280,130985,138690,146395,154100,table-of-7705,7704,/table-of-7704,7703,/table-of-7703,7702,/table-of-7702
7706,15412,23118,30824,38530,46236,53942,61648,69354,77060,84766,92472,100178,107884,115590,123296,131002,138708,146414,154120,table-of-7706,7705,/table-of-7705,7704,/table-of-7704,7703,/table-of-7703
7707,15414,23121,30828,38535,46242,53949,61656,69363,77070,84777,92484,100191,107898,115605,123312,131019,138726,146433,154140,table-of-7707,7706,/table-of-7706,7705,/table-of-7705,7704,/table-of-7704
7708,15416,23124,30832,38540,46248,53956,61664,69372,77080,84788,92496,100204,107912,115620,123328,131036,138744,146452,154160,table-of-7708,7707,/table-of-7707,7706,/table-of-7706,7705,/table-of-7705
7709,15418,23127,30836,38545,46254,53963,61672,69381,77090,84799,92508,100217,107926,115635,123344,131053,138762,146471,154180,table-of-7709,7708,/table-of-7708,7707,/table-of-7707,7706,/table-of-7706
7710,15420,23130,30840,38550,46260,53970,61680,69390,77100,84810,92520,100230,107940,115650,123360,131070,138780,146490,154200,table-of-7710,7709,/table-of-7709,7708,/table-of-7708,7707,/table-of-7707
7711,15422,23133,30844,38555,46266,53977,61688,69399,77110,84821,92532,100243,107954,115665,123376,131087,138798,146509,154220,table-of-7711,7710,/table-of-7710,7709,/table-of-7709,7708,/table-of-7708
7712,15424,23136,30848,38560,46272,53984,61696,69408,77120,84832,92544,100256,107968,115680,123392,131104,138816,146528,154240,table-of-7712,7711,/table-of-7711,7710,/table-of-7710,7709,/table-of-7709
7713,15426,23139,30852,38565,46278,53991,61704,69417,77130,84843,92556,100269,107982,115695,123408,131121,138834,146547,154260,table-of-7713,7712,/table-of-7712,7711,/table-of-7711,7710,/table-of-7710
7714,15428,23142,30856,38570,46284,53998,61712,69426,77140,84854,92568,100282,107996,115710,123424,131138,138852,146566,154280,table-of-7714,7713,/table-of-7713,7712,/table-of-7712,7711,/table-of-7711
7715,15430,23145,30860,38575,46290,54005,61720,69435,77150,84865,92580,100295,108010,115725,123440,131155,138870,146585,154300,table-of-7715,7714,/table-of-7714,7713,/table-of-7713,7712,/table-of-7712
7716,15432,23148,30864,38580,46296,54012,61728,69444,77160,84876,92592,100308,108024,115740,123456,131172,138888,146604,154320,table-of-7716,7715,/table-of-7715,7714,/table-of-7714,7713,/table-of-7713
7717,15434,23151,30868,38585,46302,54019,61736,69453,77170,84887,92604,100321,108038,115755,123472,131189,138906,146623,154340,table-of-7717,7716,/table-of-7716,7715,/table-of-7715,7714,/table-of-7714
7718,15436,23154,30872,38590,46308,54026,61744,69462,77180,84898,92616,100334,108052,115770,123488,131206,138924,146642,154360,table-of-7718,7717,/table-of-7717,7716,/table-of-7716,7715,/table-of-7715
7719,15438,23157,30876,38595,46314,54033,61752,69471,77190,84909,92628,100347,108066,115785,123504,131223,138942,146661,154380,table-of-7719,7718,/table-of-7718,7717,/table-of-7717,7716,/table-of-7716
7720,15440,23160,30880,38600,46320,54040,61760,69480,77200,84920,92640,100360,108080,115800,123520,131240,138960,146680,154400,table-of-7720,7719,/table-of-7719,7718,/table-of-7718,7717,/table-of-7717
7721,15442,23163,30884,38605,46326,54047,61768,69489,77210,84931,92652,100373,108094,115815,123536,131257,138978,146699,154420,table-of-7721,7720,/table-of-7720,7719,/table-of-7719,7718,/table-of-7718
7722,15444,23166,30888,38610,46332,54054,61776,69498,77220,84942,92664,100386,108108,115830,123552,131274,138996,146718,154440,table-of-7722,7721,/table-of-7721,7720,/table-of-7720,7719,/table-of-7719
7723,15446,23169,30892,38615,46338,54061,61784,69507,77230,84953,92676,100399,108122,115845,123568,131291,139014,146737,154460,table-of-7723,7722,/table-of-7722,7721,/table-of-7721,7720,/table-of-7720
7724,15448,23172,30896,38620,46344,54068,61792,69516,77240,84964,92688,100412,108136,115860,123584,131308,139032,146756,154480,table-of-7724,7723,/table-of-7723,7722,/table-of-7722,7721,/table-of-7721
7725,15450,23175,30900,38625,46350,54075,61800,69525,77250,84975,92700,100425,108150,115875,123600,131325,139050,146775,154500,table-of-7725,7724,/table-of-7724,7723,/table-of-7723,7722,/table-of-7722
7726,15452,23178,30904,38630,46356,54082,61808,69534,77260,84986,92712,100438,108164,115890,123616,131342,139068,146794,154520,table-of-7726,7725,/table-of-7725,7724,/table-of-7724,7723,/table-of-7723
7727,15454,23181,30908,38635,46362,54089,61816,69543,77270,84997,92724,100451,108178,115905,123632,131359,139086,146813,154540,table-of-7727,7726,/table-of-7726,7725,/table-of-7725,7724,/table-of-7724
7728,15456,23184,30912,38640,46368,54096,61824,69552,77280,85008,92736,100464,108192,115920,123648,131376,139104,146832,154560,table-of-7728,7727,/table-of-7727,7726,/table-of-7726,7725,/table-of-7725
7729,15458,23187,30916,38645,46374,54103,61832,69561,77290,85019,92748,100477,108206,115935,123664,131393,139122,146851,154580,table-of-7729,7728,/table-of-7728,7727,/table-of-7727,7726,/table-of-7726
7730,15460,23190,30920,38650,46380,54110,61840,69570,77300,85030,92760,100490,108220,115950,123680,131410,139140,146870,154600,table-of-7730,7729,/table-of-7729,7728,/table-of-7728,7727,/table-of-7727
7731,15462,23193,30924,38655,46386,54117,61848,69579,77310,85041,92772,100503,108234,115965,123696,131427,139158,146889,154620,table-of-7731,7730,/table-of-7730,7729,/table-of-7729,7728,/table-of-7728
7732,15464,23196,30928,38660,46392,54124,61856,69588,77320,85052,92784,100516,108248,115980,123712,131444,139176,146908,154640,table-of-7732,7731,/table-of-7731,7730,/table-of-7730,7729,/table-of-7729
7733,15466,23199,30932,38665,46398,54131,61864,69597,77330,85063,92796,100529,108262,115995,123728,131461,139194,146927,154660,table-of-7733,7732,/table-of-7732,7731,/table-of-7731,7730,/table-of-7730
7734,15468,23202,30936,38670,46404,54138,61872,69606,77340,85074,92808,100542,108276,116010,123744,131478,139212,146946,154680,table-of-7734,7733,/table-of-7733,7732,/table-of-7732,7731,/table-of-7731
7735,15470,23205,30940,38675,46410,54145,61880,69615,77350,85085,92820,100555,108290,116025,123760,131495,139230,146965,154700,table-of-7735,7734,/table-of-7734,7733,/table-of-7733,7732,/table-of-7732
7736,15472,23208,30944,38680,46416,54152,61888,69624,77360,85096,92832,100568,108304,116040,123776,131512,139248,146984,154720,table-of-7736,7735,/table-of-7735,7734,/table-of-7734,7733,/table-of-7733
7737,15474,23211,30948,38685,46422,54159,61896,69633,77370,85107,92844,100581,108318,116055,123792,131529,139266,147003,154740,table-of-7737,7736,/table-of-7736,7735,/table-of-7735,7734,/table-of-7734
7738,15476,23214,30952,38690,46428,54166,61904,69642,77380,85118,92856,100594,108332,116070,123808,131546,139284,147022,154760,table-of-7738,7737,/table-of-7737,7736,/table-of-7736,7735,/table-of-7735
7739,15478,23217,30956,38695,46434,54173,61912,69651,77390,85129,92868,100607,108346,116085,123824,131563,139302,147041,154780,table-of-7739,7738,/table-of-7738,7737,/table-of-7737,7736,/table-of-7736
7740,15480,23220,30960,38700,46440,54180,61920,69660,77400,85140,92880,100620,108360,116100,123840,131580,139320,147060,154800,table-of-7740,7739,/table-of-7739,7738,/table-of-7738,7737,/table-of-7737
7741,15482,23223,30964,38705,46446,54187,61928,69669,77410,85151,92892,100633,108374,116115,123856,131597,139338,147079,154820,table-of-7741,7740,/table-of-7740,7739,/table-of-7739,7738,/table-of-7738
7742,15484,23226,30968,38710,46452,54194,61936,69678,77420,85162,92904,100646,108388,116130,123872,131614,139356,147098,154840,table-of-7742,7741,/table-of-7741,7740,/table-of-7740,7739,/table-of-7739
7743,15486,23229,30972,38715,46458,54201,61944,69687,77430,85173,92916,100659,108402,116145,123888,131631,139374,147117,154860,table-of-7743,7742,/table-of-7742,7741,/table-of-7741,7740,/table-of-7740
7744,15488,23232,30976,38720,46464,54208,61952,69696,77440,85184,92928,100672,108416,116160,123904,131648,139392,147136,154880,table-of-7744,7743,/table-of-7743,7742,/table-of-7742,7741,/table-of-7741
7745,15490,23235,30980,38725,46470,54215,61960,69705,77450,85195,92940,100685,108430,116175,123920,131665,139410,147155,154900,table-of-7745,7744,/table-of-7744,7743,/table-of-7743,7742,/table-of-7742
7746,15492,23238,30984,38730,46476,54222,61968,69714,77460,85206,92952,100698,108444,116190,123936,131682,139428,147174,154920,table-of-7746,7745,/table-of-7745,7744,/table-of-7744,7743,/table-of-7743
7747,15494,23241,30988,38735,46482,54229,61976,69723,77470,85217,92964,100711,108458,116205,123952,131699,139446,147193,154940,table-of-7747,7746,/table-of-7746,7745,/table-of-7745,7744,/table-of-7744
7748,15496,23244,30992,38740,46488,54236,61984,69732,77480,85228,92976,100724,108472,116220,123968,131716,139464,147212,154960,table-of-7748,7747,/table-of-7747,7746,/table-of-7746,7745,/table-of-7745
7749,15498,23247,30996,38745,46494,54243,61992,69741,77490,85239,92988,100737,108486,116235,123984,131733,139482,147231,154980,table-of-7749,7748,/table-of-7748,7747,/table-of-7747,7746,/table-of-7746
7750,15500,23250,31000,38750,46500,54250,62000,69750,77500,85250,93000,100750,108500,116250,124000,131750,139500,147250,155000,table-of-7750,7749,/table-of-7749,7748,/table-of-7748,7747,/table-of-7747
7751,15502,23253,31004,38755,46506,54257,62008,69759,77510,85261,93012,100763,108514,116265,124016,131767,139518,147269,155020,table-of-7751,7750,/table-of-7750,7749,/table-of-7749,7748,/table-of-7748
7752,15504,23256,31008,38760,46512,54264,62016,69768,77520,85272,93024,100776,108528,116280,124032,131784,139536,147288,155040,table-of-7752,7751,/table-of-7751,7750,/table-of-7750,7749,/table-of-7749
7753,15506,23259,31012,38765,46518,54271,62024,69777,77530,85283,93036,100789,108542,116295,124048,131801,139554,147307,155060,table-of-7753,7752,/table-of-7752,7751,/table-of-7751,7750,/table-of-7750
7754,15508,23262,31016,38770,46524,54278,62032,69786,77540,85294,93048,100802,108556,116310,124064,131818,139572,147326,155080,table-of-7754,7753,/table-of-7753,7752,/table-of-7752,7751,/table-of-7751
7755,15510,23265,31020,38775,46530,54285,62040,69795,77550,85305,93060,100815,108570,116325,124080,131835,139590,147345,155100,table-of-7755,7754,/table-of-7754,7753,/table-of-7753,7752,/table-of-7752
7756,15512,23268,31024,38780,46536,54292,62048,69804,77560,85316,93072,100828,108584,116340,124096,131852,139608,147364,155120,table-of-7756,7755,/table-of-7755,7754,/table-of-7754,7753,/table-of-7753
7757,15514,23271,31028,38785,46542,54299,62056,69813,77570,85327,93084,100841,108598,116355,124112,131869,139626,147383,155140,table-of-7757,7756,/table-of-7756,7755,/table-of-7755,7754,/table-of-7754
7758,15516,23274,31032,38790,46548,54306,62064,69822,77580,85338,93096,100854,108612,116370,124128,131886,139644,147402,155160,table-of-7758,7757,/table-of-7757,7756,/table-of-7756,7755,/table-of-7755
7759,15518,23277,31036,38795,46554,54313,62072,69831,77590,85349,93108,100867,108626,116385,124144,131903,139662,147421,155180,table-of-7759,7758,/table-of-7758,7757,/table-of-7757,7756,/table-of-7756
7760,15520,23280,31040,38800,46560,54320,62080,69840,77600,85360,93120,100880,108640,116400,124160,131920,139680,147440,155200,table-of-7760,7759,/table-of-7759,7758,/table-of-7758,7757,/table-of-7757
7761,15522,23283,31044,38805,46566,54327,62088,69849,77610,85371,93132,100893,108654,116415,124176,131937,139698,147459,155220,table-of-7761,7760,/table-of-7760,7759,/table-of-7759,7758,/table-of-7758
7762,15524,23286,31048,38810,46572,54334,62096,69858,77620,85382,93144,100906,108668,116430,124192,131954,139716,147478,155240,table-of-7762,7761,/table-of-7761,7760,/table-of-7760,7759,/table-of-7759
7763,15526,23289,31052,38815,46578,54341,62104,69867,77630,85393,93156,100919,108682,116445,124208,131971,139734,147497,155260,table-of-7763,7762,/table-of-7762,7761,/table-of-7761,7760,/table-of-7760
7764,15528,23292,31056,38820,46584,54348,62112,69876,77640,85404,93168,100932,108696,116460,124224,131988,139752,147516,155280,table-of-7764,7763,/table-of-7763,7762,/table-of-7762,7761,/table-of-7761
7765,15530,23295,31060,38825,46590,54355,62120,69885,77650,85415,93180,100945,108710,116475,124240,132005,139770,147535,155300,table-of-7765,7764,/table-of-7764,7763,/table-of-7763,7762,/table-of-7762
7766,15532,23298,31064,38830,46596,54362,62128,69894,77660,85426,93192,100958,108724,116490,124256,132022,139788,147554,155320,table-of-7766,7765,/table-of-7765,7764,/table-of-7764,7763,/table-of-7763
7767,15534,23301,31068,38835,46602,54369,62136,69903,77670,85437,93204,100971,108738,116505,124272,132039,139806,147573,155340,table-of-7767,7766,/table-of-7766,7765,/table-of-7765,7764,/table-of-7764
7768,15536,23304,31072,38840,46608,54376,62144,69912,77680,85448,93216,100984,108752,116520,124288,132056,139824,147592,155360,table-of-7768,7767,/table-of-7767,7766,/table-of-7766,7765,/table-of-7765
7769,15538,23307,31076,38845,46614,54383,62152,69921,77690,85459,93228,100997,108766,116535,124304,132073,139842,147611,155380,table-of-7769,7768,/table-of-7768,7767,/table-of-7767,7766,/table-of-7766
7770,15540,23310,31080,38850,46620,54390,62160,69930,77700,85470,93240,101010,108780,116550,124320,132090,139860,147630,155400,table-of-7770,7769,/table-of-7769,7768,/table-of-7768,7767,/table-of-7767
7771,15542,23313,31084,38855,46626,54397,62168,69939,77710,85481,93252,101023,108794,116565,124336,132107,139878,147649,155420,table-of-7771,7770,/table-of-7770,7769,/table-of-7769,7768,/table-of-7768
7772,15544,23316,31088,38860,46632,54404,62176,69948,77720,85492,93264,101036,108808,116580,124352,132124,139896,147668,155440,table-of-7772,7771,/table-of-7771,7770,/table-of-7770,7769,/table-of-7769
7773,15546,23319,31092,38865,46638,54411,62184,69957,77730,85503,93276,101049,108822,116595,124368,132141,139914,147687,155460,table-of-7773,7772,/table-of-7772,7771,/table-of-7771,7770,/table-of-7770
7774,15548,23322,31096,38870,46644,54418,62192,69966,77740,85514,93288,101062,108836,116610,124384,132158,139932,147706,155480,table-of-7774,7773,/table-of-7773,7772,/table-of-7772,7771,/table-of-7771
7775,15550,23325,31100,38875,46650,54425,62200,69975,77750,85525,93300,101075,108850,116625,124400,132175,139950,147725,155500,table-of-7775,7774,/table-of-7774,7773,/table-of-7773,7772,/table-of-7772
7776,15552,23328,31104,38880,46656,54432,62208,69984,77760,85536,93312,101088,108864,116640,124416,132192,139968,147744,155520,table-of-7776,7775,/table-of-7775,7774,/table-of-7774,7773,/table-of-7773
7777,15554,23331,31108,38885,46662,54439,62216,69993,77770,85547,93324,101101,108878,116655,124432,132209,139986,147763,155540,table-of-7777,7776,/table-of-7776,7775,/table-of-7775,7774,/table-of-7774
7778,15556,23334,31112,38890,46668,54446,62224,70002,77780,85558,93336,101114,108892,116670,124448,132226,140004,147782,155560,table-of-7778,7777,/table-of-7777,7776,/table-of-7776,7775,/table-of-7775
7779,15558,23337,31116,38895,46674,54453,62232,70011,77790,85569,93348,101127,108906,116685,124464,132243,140022,147801,155580,table-of-7779,7778,/table-of-7778,7777,/table-of-7777,7776,/table-of-7776
7780,15560,23340,31120,38900,46680,54460,62240,70020,77800,85580,93360,101140,108920,116700,124480,132260,140040,147820,155600,table-of-7780,7779,/table-of-7779,7778,/table-of-7778,7777,/table-of-7777
7781,15562,23343,31124,38905,46686,54467,62248,70029,77810,85591,93372,101153,108934,116715,124496,132277,140058,147839,155620,table-of-7781,7780,/table-of-7780,7779,/table-of-7779,7778,/table-of-7778
7782,15564,23346,31128,38910,46692,54474,62256,70038,77820,85602,93384,101166,108948,116730,124512,132294,140076,147858,155640,table-of-7782,7781,/table-of-7781,7780,/table-of-7780,7779,/table-of-7779
7783,15566,23349,31132,38915,46698,54481,62264,70047,77830,85613,93396,101179,108962,116745,124528,132311,140094,147877,155660,table-of-7783,7782,/table-of-7782,7781,/table-of-7781,7780,/table-of-7780
7784,15568,23352,31136,38920,46704,54488,62272,70056,77840,85624,93408,101192,108976,116760,124544,132328,140112,147896,155680,table-of-7784,7783,/table-of-7783,7782,/table-of-7782,7781,/table-of-7781
7785,15570,23355,31140,38925,46710,54495,62280,70065,77850,85635,93420,101205,108990,116775,124560,132345,140130,147915,155700,table-of-7785,7784,/table-of-7784,7783,/table-of-7783,7782,/table-of-7782
7786,15572,23358,31144,38930,46716,54502,62288,70074,77860,85646,93432,101218,109004,116790,124576,132362,140148,147934,155720,table-of-7786,7785,/table-of-7785,7784,/table-of-7784,7783,/table-of-7783
7787,15574,23361,31148,38935,46722,54509,62296,70083,77870,85657,93444,101231,109018,116805,124592,132379,140166,147953,155740,table-of-7787,7786,/table-of-7786,7785,/table-of-7785,7784,/table-of-7784
7788,15576,23364,31152,38940,46728,54516,62304,70092,77880,85668,93456,101244,109032,116820,124608,132396,140184,147972,155760,table-of-7788,7787,/table-of-7787,7786,/table-of-7786,7785,/table-of-7785
7789,15578,23367,31156,38945,46734,54523,62312,70101,77890,85679,93468,101257,109046,116835,124624,132413,140202,147991,155780,table-of-7789,7788,/table-of-7788,7787,/table-of-7787,7786,/table-of-7786
7790,15580,23370,31160,38950,46740,54530,62320,70110,77900,85690,93480,101270,109060,116850,124640,132430,140220,148010,155800,table-of-7790,7789,/table-of-7789,7788,/table-of-7788,7787,/table-of-7787
7791,15582,23373,31164,38955,46746,54537,62328,70119,77910,85701,93492,101283,109074,116865,124656,132447,140238,148029,155820,table-of-7791,7790,/table-of-7790,7789,/table-of-7789,7788,/table-of-7788
7792,15584,23376,31168,38960,46752,54544,62336,70128,77920,85712,93504,101296,109088,116880,124672,132464,140256,148048,155840,table-of-7792,7791,/table-of-7791,7790,/table-of-7790,7789,/table-of-7789
7793,15586,23379,31172,38965,46758,54551,62344,70137,77930,85723,93516,101309,109102,116895,124688,132481,140274,148067,155860,table-of-7793,7792,/table-of-7792,7791,/table-of-7791,7790,/table-of-7790
7794,15588,23382,31176,38970,46764,54558,62352,70146,77940,85734,93528,101322,109116,116910,124704,132498,140292,148086,155880,table-of-7794,7793,/table-of-7793,7792,/table-of-7792,7791,/table-of-7791
7795,15590,23385,31180,38975,46770,54565,62360,70155,77950,85745,93540,101335,109130,116925,124720,132515,140310,148105,155900,table-of-7795,7794,/table-of-7794,7793,/table-of-7793,7792,/table-of-7792
7796,15592,23388,31184,38980,46776,54572,62368,70164,77960,85756,93552,101348,109144,116940,124736,132532,140328,148124,155920,table-of-7796,7795,/table-of-7795,7794,/table-of-7794,7793,/table-of-7793
7797,15594,23391,31188,38985,46782,54579,62376,70173,77970,85767,93564,101361,109158,116955,124752,132549,140346,148143,155940,table-of-7797,7796,/table-of-7796,7795,/table-of-7795,7794,/table-of-7794
7798,15596,23394,31192,38990,46788,54586,62384,70182,77980,85778,93576,101374,109172,116970,124768,132566,140364,148162,155960,table-of-7798,7797,/table-of-7797,7796,/table-of-7796,7795,/table-of-7795
7799,15598,23397,31196,38995,46794,54593,62392,70191,77990,85789,93588,101387,109186,116985,124784,132583,140382,148181,155980,table-of-7799,7798,/table-of-7798,7797,/table-of-7797,7796,/table-of-7796
7800,15600,23400,31200,39000,46800,54600,62400,70200,78000,85800,93600,101400,109200,117000,124800,132600,140400,148200,156000,table-of-7800,7799,/table-of-7799,7798,/table-of-7798,7797,/table-of-7797
7801,15602,23403,31204,39005,46806,54607,62408,70209,78010,85811,93612,101413,109214,117015,124816,132617,140418,148219,156020,table-of-7801,7800,/table-of-7800,7799,/table-of-7799,7798,/table-of-7798
7802,15604,23406,31208,39010,46812,54614,62416,70218,78020,85822,93624,101426,109228,117030,124832,132634,140436,148238,156040,table-of-7802,7801,/table-of-7801,7800,/table-of-7800,7799,/table-of-7799
7803,15606,23409,31212,39015,46818,54621,62424,70227,78030,85833,93636,101439,109242,117045,124848,132651,140454,148257,156060,table-of-7803,7802,/table-of-7802,7801,/table-of-7801,7800,/table-of-7800
7804,15608,23412,31216,39020,46824,54628,62432,70236,78040,85844,93648,101452,109256,117060,124864,132668,140472,148276,156080,table-of-7804,7803,/table-of-7803,7802,/table-of-7802,7801,/table-of-7801
7805,15610,23415,31220,39025,46830,54635,62440,70245,78050,85855,93660,101465,109270,117075,124880,132685,140490,148295,156100,table-of-7805,7804,/table-of-7804,7803,/table-of-7803,7802,/table-of-7802
7806,15612,23418,31224,39030,46836,54642,62448,70254,78060,85866,93672,101478,109284,117090,124896,132702,140508,148314,156120,table-of-7806,7805,/table-of-7805,7804,/table-of-7804,7803,/table-of-7803
7807,15614,23421,31228,39035,46842,54649,62456,70263,78070,85877,93684,101491,109298,117105,124912,132719,140526,148333,156140,table-of-7807,7806,/table-of-7806,7805,/table-of-7805,7804,/table-of-7804
7808,15616,23424,31232,39040,46848,54656,62464,70272,78080,85888,93696,101504,109312,117120,124928,132736,140544,148352,156160,table-of-7808,7807,/table-of-7807,7806,/table-of-7806,7805,/table-of-7805
7809,15618,23427,31236,39045,46854,54663,62472,70281,78090,85899,93708,101517,109326,117135,124944,132753,140562,148371,156180,table-of-7809,7808,/table-of-7808,7807,/table-of-7807,7806,/table-of-7806
7810,15620,23430,31240,39050,46860,54670,62480,70290,78100,85910,93720,101530,109340,117150,124960,132770,140580,148390,156200,table-of-7810,7809,/table-of-7809,7808,/table-of-7808,7807,/table-of-7807
7811,15622,23433,31244,39055,46866,54677,62488,70299,78110,85921,93732,101543,109354,117165,124976,132787,140598,148409,156220,table-of-7811,7810,/table-of-7810,7809,/table-of-7809,7808,/table-of-7808
7812,15624,23436,31248,39060,46872,54684,62496,70308,78120,85932,93744,101556,109368,117180,124992,132804,140616,148428,156240,table-of-7812,7811,/table-of-7811,7810,/table-of-7810,7809,/table-of-7809
7813,15626,23439,31252,39065,46878,54691,62504,70317,78130,85943,93756,101569,109382,117195,125008,132821,140634,148447,156260,table-of-7813,7812,/table-of-7812,7811,/table-of-7811,7810,/table-of-7810
7814,15628,23442,31256,39070,46884,54698,62512,70326,78140,85954,93768,101582,109396,117210,125024,132838,140652,148466,156280,table-of-7814,7813,/table-of-7813,7812,/table-of-7812,7811,/table-of-7811
7815,15630,23445,31260,39075,46890,54705,62520,70335,78150,85965,93780,101595,109410,117225,125040,132855,140670,148485,156300,table-of-7815,7814,/table-of-7814,7813,/table-of-7813,7812,/table-of-7812
7816,15632,23448,31264,39080,46896,54712,62528,70344,78160,85976,93792,101608,109424,117240,125056,132872,140688,148504,156320,table-of-7816,7815,/table-of-7815,7814,/table-of-7814,7813,/table-of-7813
7817,15634,23451,31268,39085,46902,54719,62536,70353,78170,85987,93804,101621,109438,117255,125072,132889,140706,148523,156340,table-of-7817,7816,/table-of-7816,7815,/table-of-7815,7814,/table-of-7814
7818,15636,23454,31272,39090,46908,54726,62544,70362,78180,85998,93816,101634,109452,117270,125088,132906,140724,148542,156360,table-of-7818,7817,/table-of-7817,7816,/table-of-7816,7815,/table-of-7815
7819,15638,23457,31276,39095,46914,54733,62552,70371,78190,86009,93828,101647,109466,117285,125104,132923,140742,148561,156380,table-of-7819,7818,/table-of-7818,7817,/table-of-7817,7816,/table-of-7816
7820,15640,23460,31280,39100,46920,54740,62560,70380,78200,86020,93840,101660,109480,117300,125120,132940,140760,148580,156400,table-of-7820,7819,/table-of-7819,7818,/table-of-7818,7817,/table-of-7817
7821,15642,23463,31284,39105,46926,54747,62568,70389,78210,86031,93852,101673,109494,117315,125136,132957,140778,148599,156420,table-of-7821,7820,/table-of-7820,7819,/table-of-7819,7818,/table-of-7818
7822,15644,23466,31288,39110,46932,54754,62576,70398,78220,86042,93864,101686,109508,117330,125152,132974,140796,148618,156440,table-of-7822,7821,/table-of-7821,7820,/table-of-7820,7819,/table-of-7819
7823,15646,23469,31292,39115,46938,54761,62584,70407,78230,86053,93876,101699,109522,117345,125168,132991,140814,148637,156460,table-of-7823,7822,/table-of-7822,7821,/table-of-7821,7820,/table-of-7820
7824,15648,23472,31296,39120,46944,54768,62592,70416,78240,86064,93888,101712,109536,117360,125184,133008,140832,148656,156480,table-of-7824,7823,/table-of-7823,7822,/table-of-7822,7821,/table-of-7821
7825,15650,23475,31300,39125,46950,54775,62600,70425,78250,86075,93900,101725,109550,117375,125200,133025,140850,148675,156500,table-of-7825,7824,/table-of-7824,7823,/table-of-7823,7822,/table-of-7822
7826,15652,23478,31304,39130,46956,54782,62608,70434,78260,86086,93912,101738,109564,117390,125216,133042,140868,148694,156520,table-of-7826,7825,/table-of-7825,7824,/table-of-7824,7823,/table-of-7823
7827,15654,23481,31308,39135,46962,54789,62616,70443,78270,86097,93924,101751,109578,117405,125232,133059,140886,148713,156540,table-of-7827,7826,/table-of-7826,7825,/table-of-7825,7824,/table-of-7824
7828,15656,23484,31312,39140,46968,54796,62624,70452,78280,86108,93936,101764,109592,117420,125248,133076,140904,148732,156560,table-of-7828,7827,/table-of-7827,7826,/table-of-7826,7825,/table-of-7825
7829,15658,23487,31316,39145,46974,54803,62632,70461,78290,86119,93948,101777,109606,117435,125264,133093,140922,148751,156580,table-of-7829,7828,/table-of-7828,7827,/table-of-7827,7826,/table-of-7826
7830,15660,23490,31320,39150,46980,54810,62640,70470,78300,86130,93960,101790,109620,117450,125280,133110,140940,148770,156600,table-of-7830,7829,/table-of-7829,7828,/table-of-7828,7827,/table-of-7827
7831,15662,23493,31324,39155,46986,54817,62648,70479,78310,86141,93972,101803,109634,117465,125296,133127,140958,148789,156620,table-of-7831,7830,/table-of-7830,7829,/table-of-7829,7828,/table-of-7828
7832,15664,23496,31328,39160,46992,54824,62656,70488,78320,86152,93984,101816,109648,117480,125312,133144,140976,148808,156640,table-of-7832,7831,/table-of-7831,7830,/table-of-7830,7829,/table-of-7829
7833,15666,23499,31332,39165,46998,54831,62664,70497,78330,86163,93996,101829,109662,117495,125328,133161,140994,148827,156660,table-of-7833,7832,/table-of-7832,7831,/table-of-7831,7830,/table-of-7830
7834,15668,23502,31336,39170,47004,54838,62672,70506,78340,86174,94008,101842,109676,117510,125344,133178,141012,148846,156680,table-of-7834,7833,/table-of-7833,7832,/table-of-7832,7831,/table-of-7831
7835,15670,23505,31340,39175,47010,54845,62680,70515,78350,86185,94020,101855,109690,117525,125360,133195,141030,148865,156700,table-of-7835,7834,/table-of-7834,7833,/table-of-7833,7832,/table-of-7832
7836,15672,23508,31344,39180,47016,54852,62688,70524,78360,86196,94032,101868,109704,117540,125376,133212,141048,148884,156720,table-of-7836,7835,/table-of-7835,7834,/table-of-7834,7833,/table-of-7833
7837,15674,23511,31348,39185,47022,54859,62696,70533,78370,86207,94044,101881,109718,117555,125392,133229,141066,148903,156740,table-of-7837,7836,/table-of-7836,7835,/table-of-7835,7834,/table-of-7834
7838,15676,23514,31352,39190,47028,54866,62704,70542,78380,86218,94056,101894,109732,117570,125408,133246,141084,148922,156760,table-of-7838,7837,/table-of-7837,7836,/table-of-7836,7835,/table-of-7835
7839,15678,23517,31356,39195,47034,54873,62712,70551,78390,86229,94068,101907,109746,117585,125424,133263,141102,148941,156780,table-of-7839,7838,/table-of-7838,7837,/table-of-7837,7836,/table-of-7836
7840,15680,23520,31360,39200,47040,54880,62720,70560,78400,86240,94080,101920,109760,117600,125440,133280,141120,148960,156800,table-of-7840,7839,/table-of-7839,7838,/table-of-7838,7837,/table-of-7837
7841,15682,23523,31364,39205,47046,54887,62728,70569,78410,86251,94092,101933,109774,117615,125456,133297,141138,148979,156820,table-of-7841,7840,/table-of-7840,7839,/table-of-7839,7838,/table-of-7838
7842,15684,23526,31368,39210,47052,54894,62736,70578,78420,86262,94104,101946,109788,117630,125472,133314,141156,148998,156840,table-of-7842,7841,/table-of-7841,7840,/table-of-7840,7839,/table-of-7839
7843,15686,23529,31372,39215,47058,54901,62744,70587,78430,86273,94116,101959,109802,117645,125488,133331,141174,149017,156860,table-of-7843,7842,/table-of-7842,7841,/table-of-7841,7840,/table-of-7840
7844,15688,23532,31376,39220,47064,54908,62752,70596,78440,86284,94128,101972,109816,117660,125504,133348,141192,149036,156880,table-of-7844,7843,/table-of-7843,7842,/table-of-7842,7841,/table-of-7841
7845,15690,23535,31380,39225,47070,54915,62760,70605,78450,86295,94140,101985,109830,117675,125520,133365,141210,149055,156900,table-of-7845,7844,/table-of-7844,7843,/table-of-7843,7842,/table-of-7842
7846,15692,23538,31384,39230,47076,54922,62768,70614,78460,86306,94152,101998,109844,117690,125536,133382,141228,149074,156920,table-of-7846,7845,/table-of-7845,7844,/table-of-7844,7843,/table-of-7843
7847,15694,23541,31388,39235,47082,54929,62776,70623,78470,86317,94164,102011,109858,117705,125552,133399,141246,149093,156940,table-of-7847,7846,/table-of-7846,7845,/table-of-7845,7844,/table-of-7844
7848,15696,23544,31392,39240,47088,54936,62784,70632,78480,86328,94176,102024,109872,117720,125568,133416,141264,149112,156960,table-of-7848,7847,/table-of-7847,7846,/table-of-7846,7845,/table-of-7845
7849,15698,23547,31396,39245,47094,54943,62792,70641,78490,86339,94188,102037,109886,117735,125584,133433,141282,149131,156980,table-of-7849,7848,/table-of-7848,7847,/table-of-7847,7846,/table-of-7846
7850,15700,23550,31400,39250,47100,54950,62800,70650,78500,86350,94200,102050,109900,117750,125600,133450,141300,149150,157000,table-of-7850,7849,/table-of-7849,7848,/table-of-7848,7847,/table-of-7847
7851,15702,23553,31404,39255,47106,54957,62808,70659,78510,86361,94212,102063,109914,117765,125616,133467,141318,149169,157020,table-of-7851,7850,/table-of-7850,7849,/table-of-7849,7848,/table-of-7848
7852,15704,23556,31408,39260,47112,54964,62816,70668,78520,86372,94224,102076,109928,117780,125632,133484,141336,149188,157040,table-of-7852,7851,/table-of-7851,7850,/table-of-7850,7849,/table-of-7849
7853,15706,23559,31412,39265,47118,54971,62824,70677,78530,86383,94236,102089,109942,117795,125648,133501,141354,149207,157060,table-of-7853,7852,/table-of-7852,7851,/table-of-7851,7850,/table-of-7850
7854,15708,23562,31416,39270,47124,54978,62832,70686,78540,86394,94248,102102,109956,117810,125664,133518,141372,149226,157080,table-of-7854,7853,/table-of-7853,7852,/table-of-7852,7851,/table-of-7851
7855,15710,23565,31420,39275,47130,54985,62840,70695,78550,86405,94260,102115,109970,117825,125680,133535,141390,149245,157100,table-of-7855,7854,/table-of-7854,7853,/table-of-7853,7852,/table-of-7852
7856,15712,23568,31424,39280,47136,54992,62848,70704,78560,86416,94272,102128,109984,117840,125696,133552,141408,149264,157120,table-of-7856,7855,/table-of-7855,7854,/table-of-7854,7853,/table-of-7853
7857,15714,23571,31428,39285,47142,54999,62856,70713,78570,86427,94284,102141,109998,117855,125712,133569,141426,149283,157140,table-of-7857,7856,/table-of-7856,7855,/table-of-7855,7854,/table-of-7854
7858,15716,23574,31432,39290,47148,55006,62864,70722,78580,86438,94296,102154,110012,117870,125728,133586,141444,149302,157160,table-of-7858,7857,/table-of-7857,7856,/table-of-7856,7855,/table-of-7855
7859,15718,23577,31436,39295,47154,55013,62872,70731,78590,86449,94308,102167,110026,117885,125744,133603,141462,149321,157180,table-of-7859,7858,/table-of-7858,7857,/table-of-7857,7856,/table-of-7856
7860,15720,23580,31440,39300,47160,55020,62880,70740,78600,86460,94320,102180,110040,117900,125760,133620,141480,149340,157200,table-of-7860,7859,/table-of-7859,7858,/table-of-7858,7857,/table-of-7857
7861,15722,23583,31444,39305,47166,55027,62888,70749,78610,86471,94332,102193,110054,117915,125776,133637,141498,149359,157220,table-of-7861,7860,/table-of-7860,7859,/table-of-7859,7858,/table-of-7858
7862,15724,23586,31448,39310,47172,55034,62896,70758,78620,86482,94344,102206,110068,117930,125792,133654,141516,149378,157240,table-of-7862,7861,/table-of-7861,7860,/table-of-7860,7859,/table-of-7859
7863,15726,23589,31452,39315,47178,55041,62904,70767,78630,86493,94356,102219,110082,117945,125808,133671,141534,149397,157260,table-of-7863,7862,/table-of-7862,7861,/table-of-7861,7860,/table-of-7860
7864,15728,23592,31456,39320,47184,55048,62912,70776,78640,86504,94368,102232,110096,117960,125824,133688,141552,149416,157280,table-of-7864,7863,/table-of-7863,7862,/table-of-7862,7861,/table-of-7861
7865,15730,23595,31460,39325,47190,55055,62920,70785,78650,86515,94380,102245,110110,117975,125840,133705,141570,149435,157300,table-of-7865,7864,/table-of-7864,7863,/table-of-7863,7862,/table-of-7862
7866,15732,23598,31464,39330,47196,55062,62928,70794,78660,86526,94392,102258,110124,117990,125856,133722,141588,149454,157320,table-of-7866,7865,/table-of-7865,7864,/table-of-7864,7863,/table-of-7863
7867,15734,23601,31468,39335,47202,55069,62936,70803,78670,86537,94404,102271,110138,118005,125872,133739,141606,149473,157340,table-of-7867,7866,/table-of-7866,7865,/table-of-7865,7864,/table-of-7864
7868,15736,23604,31472,39340,47208,55076,62944,70812,78680,86548,94416,102284,110152,118020,125888,133756,141624,149492,157360,table-of-7868,7867,/table-of-7867,7866,/table-of-7866,7865,/table-of-7865
7869,15738,23607,31476,39345,47214,55083,62952,70821,78690,86559,94428,102297,110166,118035,125904,133773,141642,149511,157380,table-of-7869,7868,/table-of-7868,7867,/table-of-7867,7866,/table-of-7866
7870,15740,23610,31480,39350,47220,55090,62960,70830,78700,86570,94440,102310,110180,118050,125920,133790,141660,149530,157400,table-of-7870,7869,/table-of-7869,7868,/table-of-7868,7867,/table-of-7867
7871,15742,23613,31484,39355,47226,55097,62968,70839,78710,86581,94452,102323,110194,118065,125936,133807,141678,149549,157420,table-of-7871,7870,/table-of-7870,7869,/table-of-7869,7868,/table-of-7868
7872,15744,23616,31488,39360,47232,55104,62976,70848,78720,86592,94464,102336,110208,118080,125952,133824,141696,149568,157440,table-of-7872,7871,/table-of-7871,7870,/table-of-7870,7869,/table-of-7869
7873,15746,23619,31492,39365,47238,55111,62984,70857,78730,86603,94476,102349,110222,118095,125968,133841,141714,149587,157460,table-of-7873,7872,/table-of-7872,7871,/table-of-7871,7870,/table-of-7870
7874,15748,23622,31496,39370,47244,55118,62992,70866,78740,86614,94488,102362,110236,118110,125984,133858,141732,149606,157480,table-of-7874,7873,/table-of-7873,7872,/table-of-7872,7871,/table-of-7871
7875,15750,23625,31500,39375,47250,55125,63000,70875,78750,86625,94500,102375,110250,118125,126000,133875,141750,149625,157500,table-of-7875,7874,/table-of-7874,7873,/table-of-7873,7872,/table-of-7872
7876,15752,23628,31504,39380,47256,55132,63008,70884,78760,86636,94512,102388,110264,118140,126016,133892,141768,149644,157520,table-of-7876,7875,/table-of-7875,7874,/table-of-7874,7873,/table-of-7873
7877,15754,23631,31508,39385,47262,55139,63016,70893,78770,86647,94524,102401,110278,118155,126032,133909,141786,149663,157540,table-of-7877,7876,/table-of-7876,7875,/table-of-7875,7874,/table-of-7874
7878,15756,23634,31512,39390,47268,55146,63024,70902,78780,86658,94536,102414,110292,118170,126048,133926,141804,149682,157560,table-of-7878,7877,/table-of-7877,7876,/table-of-7876,7875,/table-of-7875
7879,15758,23637,31516,39395,47274,55153,63032,70911,78790,86669,94548,102427,110306,118185,126064,133943,141822,149701,157580,table-of-7879,7878,/table-of-7878,7877,/table-of-7877,7876,/table-of-7876
7880,15760,23640,31520,39400,47280,55160,63040,70920,78800,86680,94560,102440,110320,118200,126080,133960,141840,149720,157600,table-of-7880,7879,/table-of-7879,7878,/table-of-7878,7877,/table-of-7877
7881,15762,23643,31524,39405,47286,55167,63048,70929,78810,86691,94572,102453,110334,118215,126096,133977,141858,149739,157620,table-of-7881,7880,/table-of-7880,7879,/table-of-7879,7878,/table-of-7878
7882,15764,23646,31528,39410,47292,55174,63056,70938,78820,86702,94584,102466,110348,118230,126112,133994,141876,149758,157640,table-of-7882,7881,/table-of-7881,7880,/table-of-7880,7879,/table-of-7879
7883,15766,23649,31532,39415,47298,55181,63064,70947,78830,86713,94596,102479,110362,118245,126128,134011,141894,149777,157660,table-of-7883,7882,/table-of-7882,7881,/table-of-7881,7880,/table-of-7880
7884,15768,23652,31536,39420,47304,55188,63072,70956,78840,86724,94608,102492,110376,118260,126144,134028,141912,149796,157680,table-of-7884,7883,/table-of-7883,7882,/table-of-7882,7881,/table-of-7881
7885,15770,23655,31540,39425,47310,55195,63080,70965,78850,86735,94620,102505,110390,118275,126160,134045,141930,149815,157700,table-of-7885,7884,/table-of-7884,7883,/table-of-7883,7882,/table-of-7882
7886,15772,23658,31544,39430,47316,55202,63088,70974,78860,86746,94632,102518,110404,118290,126176,134062,141948,149834,157720,table-of-7886,7885,/table-of-7885,7884,/table-of-7884,7883,/table-of-7883
7887,15774,23661,31548,39435,47322,55209,63096,70983,78870,86757,94644,102531,110418,118305,126192,134079,141966,149853,157740,table-of-7887,7886,/table-of-7886,7885,/table-of-7885,7884,/table-of-7884
7888,15776,23664,31552,39440,47328,55216,63104,70992,78880,86768,94656,102544,110432,118320,126208,134096,141984,149872,157760,table-of-7888,7887,/table-of-7887,7886,/table-of-7886,7885,/table-of-7885
7889,15778,23667,31556,39445,47334,55223,63112,71001,78890,86779,94668,102557,110446,118335,126224,134113,142002,149891,157780,table-of-7889,7888,/table-of-7888,7887,/table-of-7887,7886,/table-of-7886
7890,15780,23670,31560,39450,47340,55230,63120,71010,78900,86790,94680,102570,110460,118350,126240,134130,142020,149910,157800,table-of-7890,7889,/table-of-7889,7888,/table-of-7888,7887,/table-of-7887
7891,15782,23673,31564,39455,47346,55237,63128,71019,78910,86801,94692,102583,110474,118365,126256,134147,142038,149929,157820,table-of-7891,7890,/table-of-7890,7889,/table-of-7889,7888,/table-of-7888
7892,15784,23676,31568,39460,47352,55244,63136,71028,78920,86812,94704,102596,110488,118380,126272,134164,142056,149948,157840,table-of-7892,7891,/table-of-7891,7890,/table-of-7890,7889,/table-of-7889
7893,15786,23679,31572,39465,47358,55251,63144,71037,78930,86823,94716,102609,110502,118395,126288,134181,142074,149967,157860,table-of-7893,7892,/table-of-7892,7891,/table-of-7891,7890,/table-of-7890
7894,15788,23682,31576,39470,47364,55258,63152,71046,78940,86834,94728,102622,110516,118410,126304,134198,142092,149986,157880,table-of-7894,7893,/table-of-7893,7892,/table-of-7892,7891,/table-of-7891
7895,15790,23685,31580,39475,47370,55265,63160,71055,78950,86845,94740,102635,110530,118425,126320,134215,142110,150005,157900,table-of-7895,7894,/table-of-7894,7893,/table-of-7893,7892,/table-of-7892
7896,15792,23688,31584,39480,47376,55272,63168,71064,78960,86856,94752,102648,110544,118440,126336,134232,142128,150024,157920,table-of-7896,7895,/table-of-7895,7894,/table-of-7894,7893,/table-of-7893
7897,15794,23691,31588,39485,47382,55279,63176,71073,78970,86867,94764,102661,110558,118455,126352,134249,142146,150043,157940,table-of-7897,7896,/table-of-7896,7895,/table-of-7895,7894,/table-of-7894
7898,15796,23694,31592,39490,47388,55286,63184,71082,78980,86878,94776,102674,110572,118470,126368,134266,142164,150062,157960,table-of-7898,7897,/table-of-7897,7896,/table-of-7896,7895,/table-of-7895
7899,15798,23697,31596,39495,47394,55293,63192,71091,78990,86889,94788,102687,110586,118485,126384,134283,142182,150081,157980,table-of-7899,7898,/table-of-7898,7897,/table-of-7897,7896,/table-of-7896
7900,15800,23700,31600,39500,47400,55300,63200,71100,79000,86900,94800,102700,110600,118500,126400,134300,142200,150100,158000,table-of-7900,7899,/table-of-7899,7898,/table-of-7898,7897,/table-of-7897
7901,15802,23703,31604,39505,47406,55307,63208,71109,79010,86911,94812,102713,110614,118515,126416,134317,142218,150119,158020,table-of-7901,7900,/table-of-7900,7899,/table-of-7899,7898,/table-of-7898
7902,15804,23706,31608,39510,47412,55314,63216,71118,79020,86922,94824,102726,110628,118530,126432,134334,142236,150138,158040,table-of-7902,7901,/table-of-7901,7900,/table-of-7900,7899,/table-of-7899
7903,15806,23709,31612,39515,47418,55321,63224,71127,79030,86933,94836,102739,110642,118545,126448,134351,142254,150157,158060,table-of-7903,7902,/table-of-7902,7901,/table-of-7901,7900,/table-of-7900
7904,15808,23712,31616,39520,47424,55328,63232,71136,79040,86944,94848,102752,110656,118560,126464,134368,142272,150176,158080,table-of-7904,7903,/table-of-7903,7902,/table-of-7902,7901,/table-of-7901
7905,15810,23715,31620,39525,47430,55335,63240,71145,79050,86955,94860,102765,110670,118575,126480,134385,142290,150195,158100,table-of-7905,7904,/table-of-7904,7903,/table-of-7903,7902,/table-of-7902
7906,15812,23718,31624,39530,47436,55342,63248,71154,79060,86966,94872,102778,110684,118590,126496,134402,142308,150214,158120,table-of-7906,7905,/table-of-7905,7904,/table-of-7904,7903,/table-of-7903
7907,15814,23721,31628,39535,47442,55349,63256,71163,79070,86977,94884,102791,110698,118605,126512,134419,142326,150233,158140,table-of-7907,7906,/table-of-7906,7905,/table-of-7905,7904,/table-of-7904
7908,15816,23724,31632,39540,47448,55356,63264,71172,79080,86988,94896,102804,110712,118620,126528,134436,142344,150252,158160,table-of-7908,7907,/table-of-7907,7906,/table-of-7906,7905,/table-of-7905
7909,15818,23727,31636,39545,47454,55363,63272,71181,79090,86999,94908,102817,110726,118635,126544,134453,142362,150271,158180,table-of-7909,7908,/table-of-7908,7907,/table-of-7907,7906,/table-of-7906
7910,15820,23730,31640,39550,47460,55370,63280,71190,79100,87010,94920,102830,110740,118650,126560,134470,142380,150290,158200,table-of-7910,7909,/table-of-7909,7908,/table-of-7908,7907,/table-of-7907
7911,15822,23733,31644,39555,47466,55377,63288,71199,79110,87021,94932,102843,110754,118665,126576,134487,142398,150309,158220,table-of-7911,7910,/table-of-7910,7909,/table-of-7909,7908,/table-of-7908
7912,15824,23736,31648,39560,47472,55384,63296,71208,79120,87032,94944,102856,110768,118680,126592,134504,142416,150328,158240,table-of-7912,7911,/table-of-7911,7910,/table-of-7910,7909,/table-of-7909
7913,15826,23739,31652,39565,47478,55391,63304,71217,79130,87043,94956,102869,110782,118695,126608,134521,142434,150347,158260,table-of-7913,7912,/table-of-7912,7911,/table-of-7911,7910,/table-of-7910
7914,15828,23742,31656,39570,47484,55398,63312,71226,79140,87054,94968,102882,110796,118710,126624,134538,142452,150366,158280,table-of-7914,7913,/table-of-7913,7912,/table-of-7912,7911,/table-of-7911
7915,15830,23745,31660,39575,47490,55405,63320,71235,79150,87065,94980,102895,110810,118725,126640,134555,142470,150385,158300,table-of-7915,7914,/table-of-7914,7913,/table-of-7913,7912,/table-of-7912
7916,15832,23748,31664,39580,47496,55412,63328,71244,79160,87076,94992,102908,110824,118740,126656,134572,142488,150404,158320,table-of-7916,7915,/table-of-7915,7914,/table-of-7914,7913,/table-of-7913
7917,15834,23751,31668,39585,47502,55419,63336,71253,79170,87087,95004,102921,110838,118755,126672,134589,142506,150423,158340,table-of-7917,7916,/table-of-7916,7915,/table-of-7915,7914,/table-of-7914
7918,15836,23754,31672,39590,47508,55426,63344,71262,79180,87098,95016,102934,110852,118770,126688,134606,142524,150442,158360,table-of-7918,7917,/table-of-7917,7916,/table-of-7916,7915,/table-of-7915
7919,15838,23757,31676,39595,47514,55433,63352,71271,79190,87109,95028,102947,110866,118785,126704,134623,142542,150461,158380,table-of-7919,7918,/table-of-7918,7917,/table-of-7917,7916,/table-of-7916
7920,15840,23760,31680,39600,47520,55440,63360,71280,79200,87120,95040,102960,110880,118800,126720,134640,142560,150480,158400,table-of-7920,7919,/table-of-7919,7918,/table-of-7918,7917,/table-of-7917
7921,15842,23763,31684,39605,47526,55447,63368,71289,79210,87131,95052,102973,110894,118815,126736,134657,142578,150499,158420,table-of-7921,7920,/table-of-7920,7919,/table-of-7919,7918,/table-of-7918
7922,15844,23766,31688,39610,47532,55454,63376,71298,79220,87142,95064,102986,110908,118830,126752,134674,142596,150518,158440,table-of-7922,7921,/table-of-7921,7920,/table-of-7920,7919,/table-of-7919
7923,15846,23769,31692,39615,47538,55461,63384,71307,79230,87153,95076,102999,110922,118845,126768,134691,142614,150537,158460,table-of-7923,7922,/table-of-7922,7921,/table-of-7921,7920,/table-of-7920
7924,15848,23772,31696,39620,47544,55468,63392,71316,79240,87164,95088,103012,110936,118860,126784,134708,142632,150556,158480,table-of-7924,7923,/table-of-7923,7922,/table-of-7922,7921,/table-of-7921
7925,15850,23775,31700,39625,47550,55475,63400,71325,79250,87175,95100,103025,110950,118875,126800,134725,142650,150575,158500,table-of-7925,7924,/table-of-7924,7923,/table-of-7923,7922,/table-of-7922
7926,15852,23778,31704,39630,47556,55482,63408,71334,79260,87186,95112,103038,110964,118890,126816,134742,142668,150594,158520,table-of-7926,7925,/table-of-7925,7924,/table-of-7924,7923,/table-of-7923
7927,15854,23781,31708,39635,47562,55489,63416,71343,79270,87197,95124,103051,110978,118905,126832,134759,142686,150613,158540,table-of-7927,7926,/table-of-7926,7925,/table-of-7925,7924,/table-of-7924
7928,15856,23784,31712,39640,47568,55496,63424,71352,79280,87208,95136,103064,110992,118920,126848,134776,142704,150632,158560,table-of-7928,7927,/table-of-7927,7926,/table-of-7926,7925,/table-of-7925
7929,15858,23787,31716,39645,47574,55503,63432,71361,79290,87219,95148,103077,111006,118935,126864,134793,142722,150651,158580,table-of-7929,7928,/table-of-7928,7927,/table-of-7927,7926,/table-of-7926
7930,15860,23790,31720,39650,47580,55510,63440,71370,79300,87230,95160,103090,111020,118950,126880,134810,142740,150670,158600,table-of-7930,7929,/table-of-7929,7928,/table-of-7928,7927,/table-of-7927
7931,15862,23793,31724,39655,47586,55517,63448,71379,79310,87241,95172,103103,111034,118965,126896,134827,142758,150689,158620,table-of-7931,7930,/table-of-7930,7929,/table-of-7929,7928,/table-of-7928
7932,15864,23796,31728,39660,47592,55524,63456,71388,79320,87252,95184,103116,111048,118980,126912,134844,142776,150708,158640,table-of-7932,7931,/table-of-7931,7930,/table-of-7930,7929,/table-of-7929
7933,15866,23799,31732,39665,47598,55531,63464,71397,79330,87263,95196,103129,111062,118995,126928,134861,142794,150727,158660,table-of-7933,7932,/table-of-7932,7931,/table-of-7931,7930,/table-of-7930
7934,15868,23802,31736,39670,47604,55538,63472,71406,79340,87274,95208,103142,111076,119010,126944,134878,142812,150746,158680,table-of-7934,7933,/table-of-7933,7932,/table-of-7932,7931,/table-of-7931
7935,15870,23805,31740,39675,47610,55545,63480,71415,79350,87285,95220,103155,111090,119025,126960,134895,142830,150765,158700,table-of-7935,7934,/table-of-7934,7933,/table-of-7933,7932,/table-of-7932
7936,15872,23808,31744,39680,47616,55552,63488,71424,79360,87296,95232,103168,111104,119040,126976,134912,142848,150784,158720,table-of-7936,7935,/table-of-7935,7934,/table-of-7934,7933,/table-of-7933
7937,15874,23811,31748,39685,47622,55559,63496,71433,79370,87307,95244,103181,111118,119055,126992,134929,142866,150803,158740,table-of-7937,7936,/table-of-7936,7935,/table-of-7935,7934,/table-of-7934
7938,15876,23814,31752,39690,47628,55566,63504,71442,79380,87318,95256,103194,111132,119070,127008,134946,142884,150822,158760,table-of-7938,7937,/table-of-7937,7936,/table-of-7936,7935,/table-of-7935
7939,15878,23817,31756,39695,47634,55573,63512,71451,79390,87329,95268,103207,111146,119085,127024,134963,142902,150841,158780,table-of-7939,7938,/table-of-7938,7937,/table-of-7937,7936,/table-of-7936
7940,15880,23820,31760,39700,47640,55580,63520,71460,79400,87340,95280,103220,111160,119100,127040,134980,142920,150860,158800,table-of-7940,7939,/table-of-7939,7938,/table-of-7938,7937,/table-of-7937
7941,15882,23823,31764,39705,47646,55587,63528,71469,79410,87351,95292,103233,111174,119115,127056,134997,142938,150879,158820,table-of-7941,7940,/table-of-7940,7939,/table-of-7939,7938,/table-of-7938
7942,15884,23826,31768,39710,47652,55594,63536,71478,79420,87362,95304,103246,111188,119130,127072,135014,142956,150898,158840,table-of-7942,7941,/table-of-7941,7940,/table-of-7940,7939,/table-of-7939
7943,15886,23829,31772,39715,47658,55601,63544,71487,79430,87373,95316,103259,111202,119145,127088,135031,142974,150917,158860,table-of-7943,7942,/table-of-7942,7941,/table-of-7941,7940,/table-of-7940
7944,15888,23832,31776,39720,47664,55608,63552,71496,79440,87384,95328,103272,111216,119160,127104,135048,142992,150936,158880,table-of-7944,7943,/table-of-7943,7942,/table-of-7942,7941,/table-of-7941
7945,15890,23835,31780,39725,47670,55615,63560,71505,79450,87395,95340,103285,111230,119175,127120,135065,143010,150955,158900,table-of-7945,7944,/table-of-7944,7943,/table-of-7943,7942,/table-of-7942
7946,15892,23838,31784,39730,47676,55622,63568,71514,79460,87406,95352,103298,111244,119190,127136,135082,143028,150974,158920,table-of-7946,7945,/table-of-7945,7944,/table-of-7944,7943,/table-of-7943
7947,15894,23841,31788,39735,47682,55629,63576,71523,79470,87417,95364,103311,111258,119205,127152,135099,143046,150993,158940,table-of-7947,7946,/table-of-7946,7945,/table-of-7945,7944,/table-of-7944
7948,15896,23844,31792,39740,47688,55636,63584,71532,79480,87428,95376,103324,111272,119220,127168,135116,143064,151012,158960,table-of-7948,7947,/table-of-7947,7946,/table-of-7946,7945,/table-of-7945
7949,15898,23847,31796,39745,47694,55643,63592,71541,79490,87439,95388,103337,111286,119235,127184,135133,143082,151031,158980,table-of-7949,7948,/table-of-7948,7947,/table-of-7947,7946,/table-of-7946
7950,15900,23850,31800,39750,47700,55650,63600,71550,79500,87450,95400,103350,111300,119250,127200,135150,143100,151050,159000,table-of-7950,7949,/table-of-7949,7948,/table-of-7948,7947,/table-of-7947
7951,15902,23853,31804,39755,47706,55657,63608,71559,79510,87461,95412,103363,111314,119265,127216,135167,143118,151069,159020,table-of-7951,7950,/table-of-7950,7949,/table-of-7949,7948,/table-of-7948
7952,15904,23856,31808,39760,47712,55664,63616,71568,79520,87472,95424,103376,111328,119280,127232,135184,143136,151088,159040,table-of-7952,7951,/table-of-7951,7950,/table-of-7950,7949,/table-of-7949
7953,15906,23859,31812,39765,47718,55671,63624,71577,79530,87483,95436,103389,111342,119295,127248,135201,143154,151107,159060,table-of-7953,7952,/table-of-7952,7951,/table-of-7951,7950,/table-of-7950
7954,15908,23862,31816,39770,47724,55678,63632,71586,79540,87494,95448,103402,111356,119310,127264,135218,143172,151126,159080,table-of-7954,7953,/table-of-7953,7952,/table-of-7952,7951,/table-of-7951
7955,15910,23865,31820,39775,47730,55685,63640,71595,79550,87505,95460,103415,111370,119325,127280,135235,143190,151145,159100,table-of-7955,7954,/table-of-7954,7953,/table-of-7953,7952,/table-of-7952
7956,15912,23868,31824,39780,47736,55692,63648,71604,79560,87516,95472,103428,111384,119340,127296,135252,143208,151164,159120,table-of-7956,7955,/table-of-7955,7954,/table-of-7954,7953,/table-of-7953
7957,15914,23871,31828,39785,47742,55699,63656,71613,79570,87527,95484,103441,111398,119355,127312,135269,143226,151183,159140,table-of-7957,7956,/table-of-7956,7955,/table-of-7955,7954,/table-of-7954
7958,15916,23874,31832,39790,47748,55706,63664,71622,79580,87538,95496,103454,111412,119370,127328,135286,143244,151202,159160,table-of-7958,7957,/table-of-7957,7956,/table-of-7956,7955,/table-of-7955
7959,15918,23877,31836,39795,47754,55713,63672,71631,79590,87549,95508,103467,111426,119385,127344,135303,143262,151221,159180,table-of-7959,7958,/table-of-7958,7957,/table-of-7957,7956,/table-of-7956
7960,15920,23880,31840,39800,47760,55720,63680,71640,79600,87560,95520,103480,111440,119400,127360,135320,143280,151240,159200,table-of-7960,7959,/table-of-7959,7958,/table-of-7958,7957,/table-of-7957
7961,15922,23883,31844,39805,47766,55727,63688,71649,79610,87571,95532,103493,111454,119415,127376,135337,143298,151259,159220,table-of-7961,7960,/table-of-7960,7959,/table-of-7959,7958,/table-of-7958
7962,15924,23886,31848,39810,47772,55734,63696,71658,79620,87582,95544,103506,111468,119430,127392,135354,143316,151278,159240,table-of-7962,7961,/table-of-7961,7960,/table-of-7960,7959,/table-of-7959
7963,15926,23889,31852,39815,47778,55741,63704,71667,79630,87593,95556,103519,111482,119445,127408,135371,143334,151297,159260,table-of-7963,7962,/table-of-7962,7961,/table-of-7961,7960,/table-of-7960
7964,15928,23892,31856,39820,47784,55748,63712,71676,79640,87604,95568,103532,111496,119460,127424,135388,143352,151316,159280,table-of-7964,7963,/table-of-7963,7962,/table-of-7962,7961,/table-of-7961
7965,15930,23895,31860,39825,47790,55755,63720,71685,79650,87615,95580,103545,111510,119475,127440,135405,143370,151335,159300,table-of-7965,7964,/table-of-7964,7963,/table-of-7963,7962,/table-of-7962
7966,15932,23898,31864,39830,47796,55762,63728,71694,79660,87626,95592,103558,111524,119490,127456,135422,143388,151354,159320,table-of-7966,7965,/table-of-7965,7964,/table-of-7964,7963,/table-of-7963
7967,15934,23901,31868,39835,47802,55769,63736,71703,79670,87637,95604,103571,111538,119505,127472,135439,143406,151373,159340,table-of-7967,7966,/table-of-7966,7965,/table-of-7965,7964,/table-of-7964
7968,15936,23904,31872,39840,47808,55776,63744,71712,79680,87648,95616,103584,111552,119520,127488,135456,143424,151392,159360,table-of-7968,7967,/table-of-7967,7966,/table-of-7966,7965,/table-of-7965
7969,15938,23907,31876,39845,47814,55783,63752,71721,79690,87659,95628,103597,111566,119535,127504,135473,143442,151411,159380,table-of-7969,7968,/table-of-7968,7967,/table-of-7967,7966,/table-of-7966
7970,15940,23910,31880,39850,47820,55790,63760,71730,79700,87670,95640,103610,111580,119550,127520,135490,143460,151430,159400,table-of-7970,7969,/table-of-7969,7968,/table-of-7968,7967,/table-of-7967
7971,15942,23913,31884,39855,47826,55797,63768,71739,79710,87681,95652,103623,111594,119565,127536,135507,143478,151449,159420,table-of-7971,7970,/table-of-7970,7969,/table-of-7969,7968,/table-of-7968
7972,15944,23916,31888,39860,47832,55804,63776,71748,79720,87692,95664,103636,111608,119580,127552,135524,143496,151468,159440,table-of-7972,7971,/table-of-7971,7970,/table-of-7970,7969,/table-of-7969
7973,15946,23919,31892,39865,47838,55811,63784,71757,79730,87703,95676,103649,111622,119595,127568,135541,143514,151487,159460,table-of-7973,7972,/table-of-7972,7971,/table-of-7971,7970,/table-of-7970
7974,15948,23922,31896,39870,47844,55818,63792,71766,79740,87714,95688,103662,111636,119610,127584,135558,143532,151506,159480,table-of-7974,7973,/table-of-7973,7972,/table-of-7972,7971,/table-of-7971
7975,15950,23925,31900,39875,47850,55825,63800,71775,79750,87725,95700,103675,111650,119625,127600,135575,143550,151525,159500,table-of-7975,7974,/table-of-7974,7973,/table-of-7973,7972,/table-of-7972
7976,15952,23928,31904,39880,47856,55832,63808,71784,79760,87736,95712,103688,111664,119640,127616,135592,143568,151544,159520,table-of-7976,7975,/table-of-7975,7974,/table-of-7974,7973,/table-of-7973
7977,15954,23931,31908,39885,47862,55839,63816,71793,79770,87747,95724,103701,111678,119655,127632,135609,143586,151563,159540,table-of-7977,7976,/table-of-7976,7975,/table-of-7975,7974,/table-of-7974
7978,15956,23934,31912,39890,47868,55846,63824,71802,79780,87758,95736,103714,111692,119670,127648,135626,143604,151582,159560,table-of-7978,7977,/table-of-7977,7976,/table-of-7976,7975,/table-of-7975
7979,15958,23937,31916,39895,47874,55853,63832,71811,79790,87769,95748,103727,111706,119685,127664,135643,143622,151601,159580,table-of-7979,7978,/table-of-7978,7977,/table-of-7977,7976,/table-of-7976
7980,15960,23940,31920,39900,47880,55860,63840,71820,79800,87780,95760,103740,111720,119700,127680,135660,143640,151620,159600,table-of-7980,7979,/table-of-7979,7978,/table-of-7978,7977,/table-of-7977
7981,15962,23943,31924,39905,47886,55867,63848,71829,79810,87791,95772,103753,111734,119715,127696,135677,143658,151639,159620,table-of-7981,7980,/table-of-7980,7979,/table-of-7979,7978,/table-of-7978
7982,15964,23946,31928,39910,47892,55874,63856,71838,79820,87802,95784,103766,111748,119730,127712,135694,143676,151658,159640,table-of-7982,7981,/table-of-7981,7980,/table-of-7980,7979,/table-of-7979
7983,15966,23949,31932,39915,47898,55881,63864,71847,79830,87813,95796,103779,111762,119745,127728,135711,143694,151677,159660,table-of-7983,7982,/table-of-7982,7981,/table-of-7981,7980,/table-of-7980
7984,15968,23952,31936,39920,47904,55888,63872,71856,79840,87824,95808,103792,111776,119760,127744,135728,143712,151696,159680,table-of-7984,7983,/table-of-7983,7982,/table-of-7982,7981,/table-of-7981
7985,15970,23955,31940,39925,47910,55895,63880,71865,79850,87835,95820,103805,111790,119775,127760,135745,143730,151715,159700,table-of-7985,7984,/table-of-7984,7983,/table-of-7983,7982,/table-of-7982
7986,15972,23958,31944,39930,47916,55902,63888,71874,79860,87846,95832,103818,111804,119790,127776,135762,143748,151734,159720,table-of-7986,7985,/table-of-7985,7984,/table-of-7984,7983,/table-of-7983
7987,15974,23961,31948,39935,47922,55909,63896,71883,79870,87857,95844,103831,111818,119805,127792,135779,143766,151753,159740,table-of-7987,7986,/table-of-7986,7985,/table-of-7985,7984,/table-of-7984
7988,15976,23964,31952,39940,47928,55916,63904,71892,79880,87868,95856,103844,111832,119820,127808,135796,143784,151772,159760,table-of-7988,7987,/table-of-7987,7986,/table-of-7986,7985,/table-of-7985
7989,15978,23967,31956,39945,47934,55923,63912,71901,79890,87879,95868,103857,111846,119835,127824,135813,143802,151791,159780,table-of-7989,7988,/table-of-7988,7987,/table-of-7987,7986,/table-of-7986
7990,15980,23970,31960,39950,47940,55930,63920,71910,79900,87890,95880,103870,111860,119850,127840,135830,143820,151810,159800,table-of-7990,7989,/table-of-7989,7988,/table-of-7988,7987,/table-of-7987
7991,15982,23973,31964,39955,47946,55937,63928,71919,79910,87901,95892,103883,111874,119865,127856,135847,143838,151829,159820,table-of-7991,7990,/table-of-7990,7989,/table-of-7989,7988,/table-of-7988
7992,15984,23976,31968,39960,47952,55944,63936,71928,79920,87912,95904,103896,111888,119880,127872,135864,143856,151848,159840,table-of-7992,7991,/table-of-7991,7990,/table-of-7990,7989,/table-of-7989
7993,15986,23979,31972,39965,47958,55951,63944,71937,79930,87923,95916,103909,111902,119895,127888,135881,143874,151867,159860,table-of-7993,7992,/table-of-7992,7991,/table-of-7991,7990,/table-of-7990
7994,15988,23982,31976,39970,47964,55958,63952,71946,79940,87934,95928,103922,111916,119910,127904,135898,143892,151886,159880,table-of-7994,7993,/table-of-7993,7992,/table-of-7992,7991,/table-of-7991
7995,15990,23985,31980,39975,47970,55965,63960,71955,79950,87945,95940,103935,111930,119925,127920,135915,143910,151905,159900,table-of-7995,7994,/table-of-7994,7993,/table-of-7993,7992,/table-of-7992
7996,15992,23988,31984,39980,47976,55972,63968,71964,79960,87956,95952,103948,111944,119940,127936,135932,143928,151924,159920,table-of-7996,7995,/table-of-7995,7994,/table-of-7994,7993,/table-of-7993
7997,15994,23991,31988,39985,47982,55979,63976,71973,79970,87967,95964,103961,111958,119955,127952,135949,143946,151943,159940,table-of-7997,7996,/table-of-7996,7995,/table-of-7995,7994,/table-of-7994
7998,15996,23994,31992,39990,47988,55986,63984,71982,79980,87978,95976,103974,111972,119970,127968,135966,143964,151962,159960,table-of-7998,7997,/table-of-7997,7996,/table-of-7996,7995,/table-of-7995
7999,15998,23997,31996,39995,47994,55993,63992,71991,79990,87989,95988,103987,111986,119985,127984,135983,143982,151981,159980,table-of-7999,7998,/table-of-7998,7997,/table-of-7997,7996,/table-of-7996
8000,16000,24000,32000,40000,48000,56000,64000,72000,80000,88000,96000,104000,112000,120000,128000,136000,144000,152000,160000,table-of-8000,7999,/table-of-7999,7998,/table-of-7998,7997,/table-of-7997
8001,16002,24003,32004,40005,48006,56007,64008,72009,80010,88011,96012,104013,112014,120015,128016,136017,144018,152019,160020,table-of-8001,8000,/table-of-8000,7999,/table-of-7999,7998,/table-of-7998
8002,16004,24006,32008,40010,48012,56014,64016,72018,80020,88022,96024,104026,112028,120030,128032,136034,144036,152038,160040,table-of-8002,8001,/table-of-8001,8000,/table-of-8000,7999,/table-of-7999
8003,16006,24009,32012,40015,48018,56021,64024,72027,80030,88033,96036,104039,112042,120045,128048,136051,144054,152057,160060,table-of-8003,8002,/table-of-8002,8001,/table-of-8001,8000,/table-of-8000
8004,16008,24012,32016,40020,48024,56028,64032,72036,80040,88044,96048,104052,112056,120060,128064,136068,144072,152076,160080,table-of-8004,8003,/table-of-8003,8002,/table-of-8002,8001,/table-of-8001
8005,16010,24015,32020,40025,48030,56035,64040,72045,80050,88055,96060,104065,112070,120075,128080,136085,144090,152095,160100,table-of-8005,8004,/table-of-8004,8003,/table-of-8003,8002,/table-of-8002
8006,16012,24018,32024,40030,48036,56042,64048,72054,80060,88066,96072,104078,112084,120090,128096,136102,144108,152114,160120,table-of-8006,8005,/table-of-8005,8004,/table-of-8004,8003,/table-of-8003
8007,16014,24021,32028,40035,48042,56049,64056,72063,80070,88077,96084,104091,112098,120105,128112,136119,144126,152133,160140,table-of-8007,8006,/table-of-8006,8005,/table-of-8005,8004,/table-of-8004
8008,16016,24024,32032,40040,48048,56056,64064,72072,80080,88088,96096,104104,112112,120120,128128,136136,144144,152152,160160,table-of-8008,8007,/table-of-8007,8006,/table-of-8006,8005,/table-of-8005
8009,16018,24027,32036,40045,48054,56063,64072,72081,80090,88099,96108,104117,112126,120135,128144,136153,144162,152171,160180,table-of-8009,8008,/table-of-8008,8007,/table-of-8007,8006,/table-of-8006
8010,16020,24030,32040,40050,48060,56070,64080,72090,80100,88110,96120,104130,112140,120150,128160,136170,144180,152190,160200,table-of-8010,8009,/table-of-8009,8008,/table-of-8008,8007,/table-of-8007
8011,16022,24033,32044,40055,48066,56077,64088,72099,80110,88121,96132,104143,112154,120165,128176,136187,144198,152209,160220,table-of-8011,8010,/table-of-8010,8009,/table-of-8009,8008,/table-of-8008
8012,16024,24036,32048,40060,48072,56084,64096,72108,80120,88132,96144,104156,112168,120180,128192,136204,144216,152228,160240,table-of-8012,8011,/table-of-8011,8010,/table-of-8010,8009,/table-of-8009
8013,16026,24039,32052,40065,48078,56091,64104,72117,80130,88143,96156,104169,112182,120195,128208,136221,144234,152247,160260,table-of-8013,8012,/table-of-8012,8011,/table-of-8011,8010,/table-of-8010
8014,16028,24042,32056,40070,48084,56098,64112,72126,80140,88154,96168,104182,112196,120210,128224,136238,144252,152266,160280,table-of-8014,8013,/table-of-8013,8012,/table-of-8012,8011,/table-of-8011
8015,16030,24045,32060,40075,48090,56105,64120,72135,80150,88165,96180,104195,112210,120225,128240,136255,144270,152285,160300,table-of-8015,8014,/table-of-8014,8013,/table-of-8013,8012,/table-of-8012
8016,16032,24048,32064,40080,48096,56112,64128,72144,80160,88176,96192,104208,112224,120240,128256,136272,144288,152304,160320,table-of-8016,8015,/table-of-8015,8014,/table-of-8014,8013,/table-of-8013
8017,16034,24051,32068,40085,48102,56119,64136,72153,80170,88187,96204,104221,112238,120255,128272,136289,144306,152323,160340,table-of-8017,8016,/table-of-8016,8015,/table-of-8015,8014,/table-of-8014
8018,16036,24054,32072,40090,48108,56126,64144,72162,80180,88198,96216,104234,112252,120270,128288,136306,144324,152342,160360,table-of-8018,8017,/table-of-8017,8016,/table-of-8016,8015,/table-of-8015
8019,16038,24057,32076,40095,48114,56133,64152,72171,80190,88209,96228,104247,112266,120285,128304,136323,144342,152361,160380,table-of-8019,8018,/table-of-8018,8017,/table-of-8017,8016,/table-of-8016
8020,16040,24060,32080,40100,48120,56140,64160,72180,80200,88220,96240,104260,112280,120300,128320,136340,144360,152380,160400,table-of-8020,8019,/table-of-8019,8018,/table-of-8018,8017,/table-of-8017
8021,16042,24063,32084,40105,48126,56147,64168,72189,80210,88231,96252,104273,112294,120315,128336,136357,144378,152399,160420,table-of-8021,8020,/table-of-8020,8019,/table-of-8019,8018,/table-of-8018
8022,16044,24066,32088,40110,48132,56154,64176,72198,80220,88242,96264,104286,112308,120330,128352,136374,144396,152418,160440,table-of-8022,8021,/table-of-8021,8020,/table-of-8020,8019,/table-of-8019
8023,16046,24069,32092,40115,48138,56161,64184,72207,80230,88253,96276,104299,112322,120345,128368,136391,144414,152437,160460,table-of-8023,8022,/table-of-8022,8021,/table-of-8021,8020,/table-of-8020
8024,16048,24072,32096,40120,48144,56168,64192,72216,80240,88264,96288,104312,112336,120360,128384,136408,144432,152456,160480,table-of-8024,8023,/table-of-8023,8022,/table-of-8022,8021,/table-of-8021
8025,16050,24075,32100,40125,48150,56175,64200,72225,80250,88275,96300,104325,112350,120375,128400,136425,144450,152475,160500,table-of-8025,8024,/table-of-8024,8023,/table-of-8023,8022,/table-of-8022
8026,16052,24078,32104,40130,48156,56182,64208,72234,80260,88286,96312,104338,112364,120390,128416,136442,144468,152494,160520,table-of-8026,8025,/table-of-8025,8024,/table-of-8024,8023,/table-of-8023
8027,16054,24081,32108,40135,48162,56189,64216,72243,80270,88297,96324,104351,112378,120405,128432,136459,144486,152513,160540,table-of-8027,8026,/table-of-8026,8025,/table-of-8025,8024,/table-of-8024
8028,16056,24084,32112,40140,48168,56196,64224,72252,80280,88308,96336,104364,112392,120420,128448,136476,144504,152532,160560,table-of-8028,8027,/table-of-8027,8026,/table-of-8026,8025,/table-of-8025
8029,16058,24087,32116,40145,48174,56203,64232,72261,80290,88319,96348,104377,112406,120435,128464,136493,144522,152551,160580,table-of-8029,8028,/table-of-8028,8027,/table-of-8027,8026,/table-of-8026
8030,16060,24090,32120,40150,48180,56210,64240,72270,80300,88330,96360,104390,112420,120450,128480,136510,144540,152570,160600,table-of-8030,8029,/table-of-8029,8028,/table-of-8028,8027,/table-of-8027
8031,16062,24093,32124,40155,48186,56217,64248,72279,80310,88341,96372,104403,112434,120465,128496,136527,144558,152589,160620,table-of-8031,8030,/table-of-8030,8029,/table-of-8029,8028,/table-of-8028
8032,16064,24096,32128,40160,48192,56224,64256,72288,80320,88352,96384,104416,112448,120480,128512,136544,144576,152608,160640,table-of-8032,8031,/table-of-8031,8030,/table-of-8030,8029,/table-of-8029
8033,16066,24099,32132,40165,48198,56231,64264,72297,80330,88363,96396,104429,112462,120495,128528,136561,144594,152627,160660,table-of-8033,8032,/table-of-8032,8031,/table-of-8031,8030,/table-of-8030
8034,16068,24102,32136,40170,48204,56238,64272,72306,80340,88374,96408,104442,112476,120510,128544,136578,144612,152646,160680,table-of-8034,8033,/table-of-8033,8032,/table-of-8032,8031,/table-of-8031
8035,16070,24105,32140,40175,48210,56245,64280,72315,80350,88385,96420,104455,112490,120525,128560,136595,144630,152665,160700,table-of-8035,8034,/table-of-8034,8033,/table-of-8033,8032,/table-of-8032
8036,16072,24108,32144,40180,48216,56252,64288,72324,80360,88396,96432,104468,112504,120540,128576,136612,144648,152684,160720,table-of-8036,8035,/table-of-8035,8034,/table-of-8034,8033,/table-of-8033
8037,16074,24111,32148,40185,48222,56259,64296,72333,80370,88407,96444,104481,112518,120555,128592,136629,144666,152703,160740,table-of-8037,8036,/table-of-8036,8035,/table-of-8035,8034,/table-of-8034
8038,16076,24114,32152,40190,48228,56266,64304,72342,80380,88418,96456,104494,112532,120570,128608,136646,144684,152722,160760,table-of-8038,8037,/table-of-8037,8036,/table-of-8036,8035,/table-of-8035
8039,16078,24117,32156,40195,48234,56273,64312,72351,80390,88429,96468,104507,112546,120585,128624,136663,144702,152741,160780,table-of-8039,8038,/table-of-8038,8037,/table-of-8037,8036,/table-of-8036
8040,16080,24120,32160,40200,48240,56280,64320,72360,80400,88440,96480,104520,112560,120600,128640,136680,144720,152760,160800,table-of-8040,8039,/table-of-8039,8038,/table-of-8038,8037,/table-of-8037
8041,16082,24123,32164,40205,48246,56287,64328,72369,80410,88451,96492,104533,112574,120615,128656,136697,144738,152779,160820,table-of-8041,8040,/table-of-8040,8039,/table-of-8039,8038,/table-of-8038
8042,16084,24126,32168,40210,48252,56294,64336,72378,80420,88462,96504,104546,112588,120630,128672,136714,144756,152798,160840,table-of-8042,8041,/table-of-8041,8040,/table-of-8040,8039,/table-of-8039
8043,16086,24129,32172,40215,48258,56301,64344,72387,80430,88473,96516,104559,112602,120645,128688,136731,144774,152817,160860,table-of-8043,8042,/table-of-8042,8041,/table-of-8041,8040,/table-of-8040
8044,16088,24132,32176,40220,48264,56308,64352,72396,80440,88484,96528,104572,112616,120660,128704,136748,144792,152836,160880,table-of-8044,8043,/table-of-8043,8042,/table-of-8042,8041,/table-of-8041
8045,16090,24135,32180,40225,48270,56315,64360,72405,80450,88495,96540,104585,112630,120675,128720,136765,144810,152855,160900,table-of-8045,8044,/table-of-8044,8043,/table-of-8043,8042,/table-of-8042
8046,16092,24138,32184,40230,48276,56322,64368,72414,80460,88506,96552,104598,112644,120690,128736,136782,144828,152874,160920,table-of-8046,8045,/table-of-8045,8044,/table-of-8044,8043,/table-of-8043
8047,16094,24141,32188,40235,48282,56329,64376,72423,80470,88517,96564,104611,112658,120705,128752,136799,144846,152893,160940,table-of-8047,8046,/table-of-8046,8045,/table-of-8045,8044,/table-of-8044
8048,16096,24144,32192,40240,48288,56336,64384,72432,80480,88528,96576,104624,112672,120720,128768,136816,144864,152912,160960,table-of-8048,8047,/table-of-8047,8046,/table-of-8046,8045,/table-of-8045
8049,16098,24147,32196,40245,48294,56343,64392,72441,80490,88539,96588,104637,112686,120735,128784,136833,144882,152931,160980,table-of-8049,8048,/table-of-8048,8047,/table-of-8047,8046,/table-of-8046
8050,16100,24150,32200,40250,48300,56350,64400,72450,80500,88550,96600,104650,112700,120750,128800,136850,144900,152950,161000,table-of-8050,8049,/table-of-8049,8048,/table-of-8048,8047,/table-of-8047
8051,16102,24153,32204,40255,48306,56357,64408,72459,80510,88561,96612,104663,112714,120765,128816,136867,144918,152969,161020,table-of-8051,8050,/table-of-8050,8049,/table-of-8049,8048,/table-of-8048
8052,16104,24156,32208,40260,48312,56364,64416,72468,80520,88572,96624,104676,112728,120780,128832,136884,144936,152988,161040,table-of-8052,8051,/table-of-8051,8050,/table-of-8050,8049,/table-of-8049
8053,16106,24159,32212,40265,48318,56371,64424,72477,80530,88583,96636,104689,112742,120795,128848,136901,144954,153007,161060,table-of-8053,8052,/table-of-8052,8051,/table-of-8051,8050,/table-of-8050
8054,16108,24162,32216,40270,48324,56378,64432,72486,80540,88594,96648,104702,112756,120810,128864,136918,144972,153026,161080,table-of-8054,8053,/table-of-8053,8052,/table-of-8052,8051,/table-of-8051
8055,16110,24165,32220,40275,48330,56385,64440,72495,80550,88605,96660,104715,112770,120825,128880,136935,144990,153045,161100,table-of-8055,8054,/table-of-8054,8053,/table-of-8053,8052,/table-of-8052
8056,16112,24168,32224,40280,48336,56392,64448,72504,80560,88616,96672,104728,112784,120840,128896,136952,145008,153064,161120,table-of-8056,8055,/table-of-8055,8054,/table-of-8054,8053,/table-of-8053
8057,16114,24171,32228,40285,48342,56399,64456,72513,80570,88627,96684,104741,112798,120855,128912,136969,145026,153083,161140,table-of-8057,8056,/table-of-8056,8055,/table-of-8055,8054,/table-of-8054
8058,16116,24174,32232,40290,48348,56406,64464,72522,80580,88638,96696,104754,112812,120870,128928,136986,145044,153102,161160,table-of-8058,8057,/table-of-8057,8056,/table-of-8056,8055,/table-of-8055
8059,16118,24177,32236,40295,48354,56413,64472,72531,80590,88649,96708,104767,112826,120885,128944,137003,145062,153121,161180,table-of-8059,8058,/table-of-8058,8057,/table-of-8057,8056,/table-of-8056
8060,16120,24180,32240,40300,48360,56420,64480,72540,80600,88660,96720,104780,112840,120900,128960,137020,145080,153140,161200,table-of-8060,8059,/table-of-8059,8058,/table-of-8058,8057,/table-of-8057
8061,16122,24183,32244,40305,48366,56427,64488,72549,80610,88671,96732,104793,112854,120915,128976,137037,145098,153159,161220,table-of-8061,8060,/table-of-8060,8059,/table-of-8059,8058,/table-of-8058
8062,16124,24186,32248,40310,48372,56434,64496,72558,80620,88682,96744,104806,112868,120930,128992,137054,145116,153178,161240,table-of-8062,8061,/table-of-8061,8060,/table-of-8060,8059,/table-of-8059
8063,16126,24189,32252,40315,48378,56441,64504,72567,80630,88693,96756,104819,112882,120945,129008,137071,145134,153197,161260,table-of-8063,8062,/table-of-8062,8061,/table-of-8061,8060,/table-of-8060
8064,16128,24192,32256,40320,48384,56448,64512,72576,80640,88704,96768,104832,112896,120960,129024,137088,145152,153216,161280,table-of-8064,8063,/table-of-8063,8062,/table-of-8062,8061,/table-of-8061
8065,16130,24195,32260,40325,48390,56455,64520,72585,80650,88715,96780,104845,112910,120975,129040,137105,145170,153235,161300,table-of-8065,8064,/table-of-8064,8063,/table-of-8063,8062,/table-of-8062
8066,16132,24198,32264,40330,48396,56462,64528,72594,80660,88726,96792,104858,112924,120990,129056,137122,145188,153254,161320,table-of-8066,8065,/table-of-8065,8064,/table-of-8064,8063,/table-of-8063
8067,16134,24201,32268,40335,48402,56469,64536,72603,80670,88737,96804,104871,112938,121005,129072,137139,145206,153273,161340,table-of-8067,8066,/table-of-8066,8065,/table-of-8065,8064,/table-of-8064
8068,16136,24204,32272,40340,48408,56476,64544,72612,80680,88748,96816,104884,112952,121020,129088,137156,145224,153292,161360,table-of-8068,8067,/table-of-8067,8066,/table-of-8066,8065,/table-of-8065
8069,16138,24207,32276,40345,48414,56483,64552,72621,80690,88759,96828,104897,112966,121035,129104,137173,145242,153311,161380,table-of-8069,8068,/table-of-8068,8067,/table-of-8067,8066,/table-of-8066
8070,16140,24210,32280,40350,48420,56490,64560,72630,80700,88770,96840,104910,112980,121050,129120,137190,145260,153330,161400,table-of-8070,8069,/table-of-8069,8068,/table-of-8068,8067,/table-of-8067
8071,16142,24213,32284,40355,48426,56497,64568,72639,80710,88781,96852,104923,112994,121065,129136,137207,145278,153349,161420,table-of-8071,8070,/table-of-8070,8069,/table-of-8069,8068,/table-of-8068
8072,16144,24216,32288,40360,48432,56504,64576,72648,80720,88792,96864,104936,113008,121080,129152,137224,145296,153368,161440,table-of-8072,8071,/table-of-8071,8070,/table-of-8070,8069,/table-of-8069
8073,16146,24219,32292,40365,48438,56511,64584,72657,80730,88803,96876,104949,113022,121095,129168,137241,145314,153387,161460,table-of-8073,8072,/table-of-8072,8071,/table-of-8071,8070,/table-of-8070
8074,16148,24222,32296,40370,48444,56518,64592,72666,80740,88814,96888,104962,113036,121110,129184,137258,145332,153406,161480,table-of-8074,8073,/table-of-8073,8072,/table-of-8072,8071,/table-of-8071
8075,16150,24225,32300,40375,48450,56525,64600,72675,80750,88825,96900,104975,113050,121125,129200,137275,145350,153425,161500,table-of-8075,8074,/table-of-8074,8073,/table-of-8073,8072,/table-of-8072
8076,16152,24228,32304,40380,48456,56532,64608,72684,80760,88836,96912,104988,113064,121140,129216,137292,145368,153444,161520,table-of-8076,8075,/table-of-8075,8074,/table-of-8074,8073,/table-of-8073
8077,16154,24231,32308,40385,48462,56539,64616,72693,80770,88847,96924,105001,113078,121155,129232,137309,145386,153463,161540,table-of-8077,8076,/table-of-8076,8075,/table-of-8075,8074,/table-of-8074
8078,16156,24234,32312,40390,48468,56546,64624,72702,80780,88858,96936,105014,113092,121170,129248,137326,145404,153482,161560,table-of-8078,8077,/table-of-8077,8076,/table-of-8076,8075,/table-of-8075
8079,16158,24237,32316,40395,48474,56553,64632,72711,80790,88869,96948,105027,113106,121185,129264,137343,145422,153501,161580,table-of-8079,8078,/table-of-8078,8077,/table-of-8077,8076,/table-of-8076
8080,16160,24240,32320,40400,48480,56560,64640,72720,80800,88880,96960,105040,113120,121200,129280,137360,145440,153520,161600,table-of-8080,8079,/table-of-8079,8078,/table-of-8078,8077,/table-of-8077
8081,16162,24243,32324,40405,48486,56567,64648,72729,80810,88891,96972,105053,113134,121215,129296,137377,145458,153539,161620,table-of-8081,8080,/table-of-8080,8079,/table-of-8079,8078,/table-of-8078
8082,16164,24246,32328,40410,48492,56574,64656,72738,80820,88902,96984,105066,113148,121230,129312,137394,145476,153558,161640,table-of-8082,8081,/table-of-8081,8080,/table-of-8080,8079,/table-of-8079
8083,16166,24249,32332,40415,48498,56581,64664,72747,80830,88913,96996,105079,113162,121245,129328,137411,145494,153577,161660,table-of-8083,8082,/table-of-8082,8081,/table-of-8081,8080,/table-of-8080
8084,16168,24252,32336,40420,48504,56588,64672,72756,80840,88924,97008,105092,113176,121260,129344,137428,145512,153596,161680,table-of-8084,8083,/table-of-8083,8082,/table-of-8082,8081,/table-of-8081
8085,16170,24255,32340,40425,48510,56595,64680,72765,80850,88935,97020,105105,113190,121275,129360,137445,145530,153615,161700,table-of-8085,8084,/table-of-8084,8083,/table-of-8083,8082,/table-of-8082
8086,16172,24258,32344,40430,48516,56602,64688,72774,80860,88946,97032,105118,113204,121290,129376,137462,145548,153634,161720,table-of-8086,8085,/table-of-8085,8084,/table-of-8084,8083,/table-of-8083
8087,16174,24261,32348,40435,48522,56609,64696,72783,80870,88957,97044,105131,113218,121305,129392,137479,145566,153653,161740,table-of-8087,8086,/table-of-8086,8085,/table-of-8085,8084,/table-of-8084
8088,16176,24264,32352,40440,48528,56616,64704,72792,80880,88968,97056,105144,113232,121320,129408,137496,145584,153672,161760,table-of-8088,8087,/table-of-8087,8086,/table-of-8086,8085,/table-of-8085
8089,16178,24267,32356,40445,48534,56623,64712,72801,80890,88979,97068,105157,113246,121335,129424,137513,145602,153691,161780,table-of-8089,8088,/table-of-8088,8087,/table-of-8087,8086,/table-of-8086
8090,16180,24270,32360,40450,48540,56630,64720,72810,80900,88990,97080,105170,113260,121350,129440,137530,145620,153710,161800,table-of-8090,8089,/table-of-8089,8088,/table-of-8088,8087,/table-of-8087
8091,16182,24273,32364,40455,48546,56637,64728,72819,80910,89001,97092,105183,113274,121365,129456,137547,145638,153729,161820,table-of-8091,8090,/table-of-8090,8089,/table-of-8089,8088,/table-of-8088
8092,16184,24276,32368,40460,48552,56644,64736,72828,80920,89012,97104,105196,113288,121380,129472,137564,145656,153748,161840,table-of-8092,8091,/table-of-8091,8090,/table-of-8090,8089,/table-of-8089
8093,16186,24279,32372,40465,48558,56651,64744,72837,80930,89023,97116,105209,113302,121395,129488,137581,145674,153767,161860,table-of-8093,8092,/table-of-8092,8091,/table-of-8091,8090,/table-of-8090
8094,16188,24282,32376,40470,48564,56658,64752,72846,80940,89034,97128,105222,113316,121410,129504,137598,145692,153786,161880,table-of-8094,8093,/table-of-8093,8092,/table-of-8092,8091,/table-of-8091
8095,16190,24285,32380,40475,48570,56665,64760,72855,80950,89045,97140,105235,113330,121425,129520,137615,145710,153805,161900,table-of-8095,8094,/table-of-8094,8093,/table-of-8093,8092,/table-of-8092
8096,16192,24288,32384,40480,48576,56672,64768,72864,80960,89056,97152,105248,113344,121440,129536,137632,145728,153824,161920,table-of-8096,8095,/table-of-8095,8094,/table-of-8094,8093,/table-of-8093
8097,16194,24291,32388,40485,48582,56679,64776,72873,80970,89067,97164,105261,113358,121455,129552,137649,145746,153843,161940,table-of-8097,8096,/table-of-8096,8095,/table-of-8095,8094,/table-of-8094
8098,16196,24294,32392,40490,48588,56686,64784,72882,80980,89078,97176,105274,113372,121470,129568,137666,145764,153862,161960,table-of-8098,8097,/table-of-8097,8096,/table-of-8096,8095,/table-of-8095
8099,16198,24297,32396,40495,48594,56693,64792,72891,80990,89089,97188,105287,113386,121485,129584,137683,145782,153881,161980,table-of-8099,8098,/table-of-8098,8097,/table-of-8097,8096,/table-of-8096
8100,16200,24300,32400,40500,48600,56700,64800,72900,81000,89100,97200,105300,113400,121500,129600,137700,145800,153900,162000,table-of-8100,8099,/table-of-8099,8098,/table-of-8098,8097,/table-of-8097
8101,16202,24303,32404,40505,48606,56707,64808,72909,81010,89111,97212,105313,113414,121515,129616,137717,145818,153919,162020,table-of-8101,8100,/table-of-8100,8099,/table-of-8099,8098,/table-of-8098
8102,16204,24306,32408,40510,48612,56714,64816,72918,81020,89122,97224,105326,113428,121530,129632,137734,145836,153938,162040,table-of-8102,8101,/table-of-8101,8100,/table-of-8100,8099,/table-of-8099
8103,16206,24309,32412,40515,48618,56721,64824,72927,81030,89133,97236,105339,113442,121545,129648,137751,145854,153957,162060,table-of-8103,8102,/table-of-8102,8101,/table-of-8101,8100,/table-of-8100
8104,16208,24312,32416,40520,48624,56728,64832,72936,81040,89144,97248,105352,113456,121560,129664,137768,145872,153976,162080,table-of-8104,8103,/table-of-8103,8102,/table-of-8102,8101,/table-of-8101
8105,16210,24315,32420,40525,48630,56735,64840,72945,81050,89155,97260,105365,113470,121575,129680,137785,145890,153995,162100,table-of-8105,8104,/table-of-8104,8103,/table-of-8103,8102,/table-of-8102
8106,16212,24318,32424,40530,48636,56742,64848,72954,81060,89166,97272,105378,113484,121590,129696,137802,145908,154014,162120,table-of-8106,8105,/table-of-8105,8104,/table-of-8104,8103,/table-of-8103
8107,16214,24321,32428,40535,48642,56749,64856,72963,81070,89177,97284,105391,113498,121605,129712,137819,145926,154033,162140,table-of-8107,8106,/table-of-8106,8105,/table-of-8105,8104,/table-of-8104
8108,16216,24324,32432,40540,48648,56756,64864,72972,81080,89188,97296,105404,113512,121620,129728,137836,145944,154052,162160,table-of-8108,8107,/table-of-8107,8106,/table-of-8106,8105,/table-of-8105
8109,16218,24327,32436,40545,48654,56763,64872,72981,81090,89199,97308,105417,113526,121635,129744,137853,145962,154071,162180,table-of-8109,8108,/table-of-8108,8107,/table-of-8107,8106,/table-of-8106
8110,16220,24330,32440,40550,48660,56770,64880,72990,81100,89210,97320,105430,113540,121650,129760,137870,145980,154090,162200,table-of-8110,8109,/table-of-8109,8108,/table-of-8108,8107,/table-of-8107
8111,16222,24333,32444,40555,48666,56777,64888,72999,81110,89221,97332,105443,113554,121665,129776,137887,145998,154109,162220,table-of-8111,8110,/table-of-8110,8109,/table-of-8109,8108,/table-of-8108
8112,16224,24336,32448,40560,48672,56784,64896,73008,81120,89232,97344,105456,113568,121680,129792,137904,146016,154128,162240,table-of-8112,8111,/table-of-8111,8110,/table-of-8110,8109,/table-of-8109
8113,16226,24339,32452,40565,48678,56791,64904,73017,81130,89243,97356,105469,113582,121695,129808,137921,146034,154147,162260,table-of-8113,8112,/table-of-8112,8111,/table-of-8111,8110,/table-of-8110
8114,16228,24342,32456,40570,48684,56798,64912,73026,81140,89254,97368,105482,113596,121710,129824,137938,146052,154166,162280,table-of-8114,8113,/table-of-8113,8112,/table-of-8112,8111,/table-of-8111
8115,16230,24345,32460,40575,48690,56805,64920,73035,81150,89265,97380,105495,113610,121725,129840,137955,146070,154185,162300,table-of-8115,8114,/table-of-8114,8113,/table-of-8113,8112,/table-of-8112
8116,16232,24348,32464,40580,48696,56812,64928,73044,81160,89276,97392,105508,113624,121740,129856,137972,146088,154204,162320,table-of-8116,8115,/table-of-8115,8114,/table-of-8114,8113,/table-of-8113
8117,16234,24351,32468,40585,48702,56819,64936,73053,81170,89287,97404,105521,113638,121755,129872,137989,146106,154223,162340,table-of-8117,8116,/table-of-8116,8115,/table-of-8115,8114,/table-of-8114
8118,16236,24354,32472,40590,48708,56826,64944,73062,81180,89298,97416,105534,113652,121770,129888,138006,146124,154242,162360,table-of-8118,8117,/table-of-8117,8116,/table-of-8116,8115,/table-of-8115
8119,16238,24357,32476,40595,48714,56833,64952,73071,81190,89309,97428,105547,113666,121785,129904,138023,146142,154261,162380,table-of-8119,8118,/table-of-8118,8117,/table-of-8117,8116,/table-of-8116
8120,16240,24360,32480,40600,48720,56840,64960,73080,81200,89320,97440,105560,113680,121800,129920,138040,146160,154280,162400,table-of-8120,8119,/table-of-8119,8118,/table-of-8118,8117,/table-of-8117
8121,16242,24363,32484,40605,48726,56847,64968,73089,81210,89331,97452,105573,113694,121815,129936,138057,146178,154299,162420,table-of-8121,8120,/table-of-8120,8119,/table-of-8119,8118,/table-of-8118
8122,16244,24366,32488,40610,48732,56854,64976,73098,81220,89342,97464,105586,113708,121830,129952,138074,146196,154318,162440,table-of-8122,8121,/table-of-8121,8120,/table-of-8120,8119,/table-of-8119
8123,16246,24369,32492,40615,48738,56861,64984,73107,81230,89353,97476,105599,113722,121845,129968,138091,146214,154337,162460,table-of-8123,8122,/table-of-8122,8121,/table-of-8121,8120,/table-of-8120
8124,16248,24372,32496,40620,48744,56868,64992,73116,81240,89364,97488,105612,113736,121860,129984,138108,146232,154356,162480,table-of-8124,8123,/table-of-8123,8122,/table-of-8122,8121,/table-of-8121
8125,16250,24375,32500,40625,48750,56875,65000,73125,81250,89375,97500,105625,113750,121875,130000,138125,146250,154375,162500,table-of-8125,8124,/table-of-8124,8123,/table-of-8123,8122,/table-of-8122
8126,16252,24378,32504,40630,48756,56882,65008,73134,81260,89386,97512,105638,113764,121890,130016,138142,146268,154394,162520,table-of-8126,8125,/table-of-8125,8124,/table-of-8124,8123,/table-of-8123
8127,16254,24381,32508,40635,48762,56889,65016,73143,81270,89397,97524,105651,113778,121905,130032,138159,146286,154413,162540,table-of-8127,8126,/table-of-8126,8125,/table-of-8125,8124,/table-of-8124
8128,16256,24384,32512,40640,48768,56896,65024,73152,81280,89408,97536,105664,113792,121920,130048,138176,146304,154432,162560,table-of-8128,8127,/table-of-8127,8126,/table-of-8126,8125,/table-of-8125
8129,16258,24387,32516,40645,48774,56903,65032,73161,81290,89419,97548,105677,113806,121935,130064,138193,146322,154451,162580,table-of-8129,8128,/table-of-8128,8127,/table-of-8127,8126,/table-of-8126
8130,16260,24390,32520,40650,48780,56910,65040,73170,81300,89430,97560,105690,113820,121950,130080,138210,146340,154470,162600,table-of-8130,8129,/table-of-8129,8128,/table-of-8128,8127,/table-of-8127
8131,16262,24393,32524,40655,48786,56917,65048,73179,81310,89441,97572,105703,113834,121965,130096,138227,146358,154489,162620,table-of-8131,8130,/table-of-8130,8129,/table-of-8129,8128,/table-of-8128
8132,16264,24396,32528,40660,48792,56924,65056,73188,81320,89452,97584,105716,113848,121980,130112,138244,146376,154508,162640,table-of-8132,8131,/table-of-8131,8130,/table-of-8130,8129,/table-of-8129
8133,16266,24399,32532,40665,48798,56931,65064,73197,81330,89463,97596,105729,113862,121995,130128,138261,146394,154527,162660,table-of-8133,8132,/table-of-8132,8131,/table-of-8131,8130,/table-of-8130
8134,16268,24402,32536,40670,48804,56938,65072,73206,81340,89474,97608,105742,113876,122010,130144,138278,146412,154546,162680,table-of-8134,8133,/table-of-8133,8132,/table-of-8132,8131,/table-of-8131
8135,16270,24405,32540,40675,48810,56945,65080,73215,81350,89485,97620,105755,113890,122025,130160,138295,146430,154565,162700,table-of-8135,8134,/table-of-8134,8133,/table-of-8133,8132,/table-of-8132
8136,16272,24408,32544,40680,48816,56952,65088,73224,81360,89496,97632,105768,113904,122040,130176,138312,146448,154584,162720,table-of-8136,8135,/table-of-8135,8134,/table-of-8134,8133,/table-of-8133
8137,16274,24411,32548,40685,48822,56959,65096,73233,81370,89507,97644,105781,113918,122055,130192,138329,146466,154603,162740,table-of-8137,8136,/table-of-8136,8135,/table-of-8135,8134,/table-of-8134
8138,16276,24414,32552,40690,48828,56966,65104,73242,81380,89518,97656,105794,113932,122070,130208,138346,146484,154622,162760,table-of-8138,8137,/table-of-8137,8136,/table-of-8136,8135,/table-of-8135
8139,16278,24417,32556,40695,48834,56973,65112,73251,81390,89529,97668,105807,113946,122085,130224,138363,146502,154641,162780,table-of-8139,8138,/table-of-8138,8137,/table-of-8137,8136,/table-of-8136
8140,16280,24420,32560,40700,48840,56980,65120,73260,81400,89540,97680,105820,113960,122100,130240,138380,146520,154660,162800,table-of-8140,8139,/table-of-8139,8138,/table-of-8138,8137,/table-of-8137
8141,16282,24423,32564,40705,48846,56987,65128,73269,81410,89551,97692,105833,113974,122115,130256,138397,146538,154679,162820,table-of-8141,8140,/table-of-8140,8139,/table-of-8139,8138,/table-of-8138
8142,16284,24426,32568,40710,48852,56994,65136,73278,81420,89562,97704,105846,113988,122130,130272,138414,146556,154698,162840,table-of-8142,8141,/table-of-8141,8140,/table-of-8140,8139,/table-of-8139
8143,16286,24429,32572,40715,48858,57001,65144,73287,81430,89573,97716,105859,114002,122145,130288,138431,146574,154717,162860,table-of-8143,8142,/table-of-8142,8141,/table-of-8141,8140,/table-of-8140
8144,16288,24432,32576,40720,48864,57008,65152,73296,81440,89584,97728,105872,114016,122160,130304,138448,146592,154736,162880,table-of-8144,8143,/table-of-8143,8142,/table-of-8142,8141,/table-of-8141
8145,16290,24435,32580,40725,48870,57015,65160,73305,81450,89595,97740,105885,114030,122175,130320,138465,146610,154755,162900,table-of-8145,8144,/table-of-8144,8143,/table-of-8143,8142,/table-of-8142
8146,16292,24438,32584,40730,48876,57022,65168,73314,81460,89606,97752,105898,114044,122190,130336,138482,146628,154774,162920,table-of-8146,8145,/table-of-8145,8144,/table-of-8144,8143,/table-of-8143
8147,16294,24441,32588,40735,48882,57029,65176,73323,81470,89617,97764,105911,114058,122205,130352,138499,146646,154793,162940,table-of-8147,8146,/table-of-8146,8145,/table-of-8145,8144,/table-of-8144
8148,16296,24444,32592,40740,48888,57036,65184,73332,81480,89628,97776,105924,114072,122220,130368,138516,146664,154812,162960,table-of-8148,8147,/table-of-8147,8146,/table-of-8146,8145,/table-of-8145
8149,16298,24447,32596,40745,48894,57043,65192,73341,81490,89639,97788,105937,114086,122235,130384,138533,146682,154831,162980,table-of-8149,8148,/table-of-8148,8147,/table-of-8147,8146,/table-of-8146
8150,16300,24450,32600,40750,48900,57050,65200,73350,81500,89650,97800,105950,114100,122250,130400,138550,146700,154850,163000,table-of-8150,8149,/table-of-8149,8148,/table-of-8148,8147,/table-of-8147
8151,16302,24453,32604,40755,48906,57057,65208,73359,81510,89661,97812,105963,114114,122265,130416,138567,146718,154869,163020,table-of-8151,8150,/table-of-8150,8149,/table-of-8149,8148,/table-of-8148
8152,16304,24456,32608,40760,48912,57064,65216,73368,81520,89672,97824,105976,114128,122280,130432,138584,146736,154888,163040,table-of-8152,8151,/table-of-8151,8150,/table-of-8150,8149,/table-of-8149
8153,16306,24459,32612,40765,48918,57071,65224,73377,81530,89683,97836,105989,114142,122295,130448,138601,146754,154907,163060,table-of-8153,8152,/table-of-8152,8151,/table-of-8151,8150,/table-of-8150
8154,16308,24462,32616,40770,48924,57078,65232,73386,81540,89694,97848,106002,114156,122310,130464,138618,146772,154926,163080,table-of-8154,8153,/table-of-8153,8152,/table-of-8152,8151,/table-of-8151
8155,16310,24465,32620,40775,48930,57085,65240,73395,81550,89705,97860,106015,114170,122325,130480,138635,146790,154945,163100,table-of-8155,8154,/table-of-8154,8153,/table-of-8153,8152,/table-of-8152
8156,16312,24468,32624,40780,48936,57092,65248,73404,81560,89716,97872,106028,114184,122340,130496,138652,146808,154964,163120,table-of-8156,8155,/table-of-8155,8154,/table-of-8154,8153,/table-of-8153
8157,16314,24471,32628,40785,48942,57099,65256,73413,81570,89727,97884,106041,114198,122355,130512,138669,146826,154983,163140,table-of-8157,8156,/table-of-8156,8155,/table-of-8155,8154,/table-of-8154
8158,16316,24474,32632,40790,48948,57106,65264,73422,81580,89738,97896,106054,114212,122370,130528,138686,146844,155002,163160,table-of-8158,8157,/table-of-8157,8156,/table-of-8156,8155,/table-of-8155
8159,16318,24477,32636,40795,48954,57113,65272,73431,81590,89749,97908,106067,114226,122385,130544,138703,146862,155021,163180,table-of-8159,8158,/table-of-8158,8157,/table-of-8157,8156,/table-of-8156
8160,16320,24480,32640,40800,48960,57120,65280,73440,81600,89760,97920,106080,114240,122400,130560,138720,146880,155040,163200,table-of-8160,8159,/table-of-8159,8158,/table-of-8158,8157,/table-of-8157
8161,16322,24483,32644,40805,48966,57127,65288,73449,81610,89771,97932,106093,114254,122415,130576,138737,146898,155059,163220,table-of-8161,8160,/table-of-8160,8159,/table-of-8159,8158,/table-of-8158
8162,16324,24486,32648,40810,48972,57134,65296,73458,81620,89782,97944,106106,114268,122430,130592,138754,146916,155078,163240,table-of-8162,8161,/table-of-8161,8160,/table-of-8160,8159,/table-of-8159
8163,16326,24489,32652,40815,48978,57141,65304,73467,81630,89793,97956,106119,114282,122445,130608,138771,146934,155097,163260,table-of-8163,8162,/table-of-8162,8161,/table-of-8161,8160,/table-of-8160
8164,16328,24492,32656,40820,48984,57148,65312,73476,81640,89804,97968,106132,114296,122460,130624,138788,146952,155116,163280,table-of-8164,8163,/table-of-8163,8162,/table-of-8162,8161,/table-of-8161
8165,16330,24495,32660,40825,48990,57155,65320,73485,81650,89815,97980,106145,114310,122475,130640,138805,146970,155135,163300,table-of-8165,8164,/table-of-8164,8163,/table-of-8163,8162,/table-of-8162
8166,16332,24498,32664,40830,48996,57162,65328,73494,81660,89826,97992,106158,114324,122490,130656,138822,146988,155154,163320,table-of-8166,8165,/table-of-8165,8164,/table-of-8164,8163,/table-of-8163
8167,16334,24501,32668,40835,49002,57169,65336,73503,81670,89837,98004,106171,114338,122505,130672,138839,147006,155173,163340,table-of-8167,8166,/table-of-8166,8165,/table-of-8165,8164,/table-of-8164
8168,16336,24504,32672,40840,49008,57176,65344,73512,81680,89848,98016,106184,114352,122520,130688,138856,147024,155192,163360,table-of-8168,8167,/table-of-8167,8166,/table-of-8166,8165,/table-of-8165
8169,16338,24507,32676,40845,49014,57183,65352,73521,81690,89859,98028,106197,114366,122535,130704,138873,147042,155211,163380,table-of-8169,8168,/table-of-8168,8167,/table-of-8167,8166,/table-of-8166
8170,16340,24510,32680,40850,49020,57190,65360,73530,81700,89870,98040,106210,114380,122550,130720,138890,147060,155230,163400,table-of-8170,8169,/table-of-8169,8168,/table-of-8168,8167,/table-of-8167
8171,16342,24513,32684,40855,49026,57197,65368,73539,81710,89881,98052,106223,114394,122565,130736,138907,147078,155249,163420,table-of-8171,8170,/table-of-8170,8169,/table-of-8169,8168,/table-of-8168
8172,16344,24516,32688,40860,49032,57204,65376,73548,81720,89892,98064,106236,114408,122580,130752,138924,147096,155268,163440,table-of-8172,8171,/table-of-8171,8170,/table-of-8170,8169,/table-of-8169
8173,16346,24519,32692,40865,49038,57211,65384,73557,81730,89903,98076,106249,114422,122595,130768,138941,147114,155287,163460,table-of-8173,8172,/table-of-8172,8171,/table-of-8171,8170,/table-of-8170
8174,16348,24522,32696,40870,49044,57218,65392,73566,81740,89914,98088,106262,114436,122610,130784,138958,147132,155306,163480,table-of-8174,8173,/table-of-8173,8172,/table-of-8172,8171,/table-of-8171
8175,16350,24525,32700,40875,49050,57225,65400,73575,81750,89925,98100,106275,114450,122625,130800,138975,147150,155325,163500,table-of-8175,8174,/table-of-8174,8173,/table-of-8173,8172,/table-of-8172
8176,16352,24528,32704,40880,49056,57232,65408,73584,81760,89936,98112,106288,114464,122640,130816,138992,147168,155344,163520,table-of-8176,8175,/table-of-8175,8174,/table-of-8174,8173,/table-of-8173
8177,16354,24531,32708,40885,49062,57239,65416,73593,81770,89947,98124,106301,114478,122655,130832,139009,147186,155363,163540,table-of-8177,8176,/table-of-8176,8175,/table-of-8175,8174,/table-of-8174
8178,16356,24534,32712,40890,49068,57246,65424,73602,81780,89958,98136,106314,114492,122670,130848,139026,147204,155382,163560,table-of-8178,8177,/table-of-8177,8176,/table-of-8176,8175,/table-of-8175
8179,16358,24537,32716,40895,49074,57253,65432,73611,81790,89969,98148,106327,114506,122685,130864,139043,147222,155401,163580,table-of-8179,8178,/table-of-8178,8177,/table-of-8177,8176,/table-of-8176
8180,16360,24540,32720,40900,49080,57260,65440,73620,81800,89980,98160,106340,114520,122700,130880,139060,147240,155420,163600,table-of-8180,8179,/table-of-8179,8178,/table-of-8178,8177,/table-of-8177
8181,16362,24543,32724,40905,49086,57267,65448,73629,81810,89991,98172,106353,114534,122715,130896,139077,147258,155439,163620,table-of-8181,8180,/table-of-8180,8179,/table-of-8179,8178,/table-of-8178
8182,16364,24546,32728,40910,49092,57274,65456,73638,81820,90002,98184,106366,114548,122730,130912,139094,147276,155458,163640,table-of-8182,8181,/table-of-8181,8180,/table-of-8180,8179,/table-of-8179
8183,16366,24549,32732,40915,49098,57281,65464,73647,81830,90013,98196,106379,114562,122745,130928,139111,147294,155477,163660,table-of-8183,8182,/table-of-8182,8181,/table-of-8181,8180,/table-of-8180
8184,16368,24552,32736,40920,49104,57288,65472,73656,81840,90024,98208,106392,114576,122760,130944,139128,147312,155496,163680,table-of-8184,8183,/table-of-8183,8182,/table-of-8182,8181,/table-of-8181
8185,16370,24555,32740,40925,49110,57295,65480,73665,81850,90035,98220,106405,114590,122775,130960,139145,147330,155515,163700,table-of-8185,8184,/table-of-8184,8183,/table-of-8183,8182,/table-of-8182
8186,16372,24558,32744,40930,49116,57302,65488,73674,81860,90046,98232,106418,114604,122790,130976,139162,147348,155534,163720,table-of-8186,8185,/table-of-8185,8184,/table-of-8184,8183,/table-of-8183
8187,16374,24561,32748,40935,49122,57309,65496,73683,81870,90057,98244,106431,114618,122805,130992,139179,147366,155553,163740,table-of-8187,8186,/table-of-8186,8185,/table-of-8185,8184,/table-of-8184
8188,16376,24564,32752,40940,49128,57316,65504,73692,81880,90068,98256,106444,114632,122820,131008,139196,147384,155572,163760,table-of-8188,8187,/table-of-8187,8186,/table-of-8186,8185,/table-of-8185
8189,16378,24567,32756,40945,49134,57323,65512,73701,81890,90079,98268,106457,114646,122835,131024,139213,147402,155591,163780,table-of-8189,8188,/table-of-8188,8187,/table-of-8187,8186,/table-of-8186
8190,16380,24570,32760,40950,49140,57330,65520,73710,81900,90090,98280,106470,114660,122850,131040,139230,147420,155610,163800,table-of-8190,8189,/table-of-8189,8188,/table-of-8188,8187,/table-of-8187
8191,16382,24573,32764,40955,49146,57337,65528,73719,81910,90101,98292,106483,114674,122865,131056,139247,147438,155629,163820,table-of-8191,8190,/table-of-8190,8189,/table-of-8189,8188,/table-of-8188
8192,16384,24576,32768,40960,49152,57344,65536,73728,81920,90112,98304,106496,114688,122880,131072,139264,147456,155648,163840,table-of-8192,8191,/table-of-8191,8190,/table-of-8190,8189,/table-of-8189
8193,16386,24579,32772,40965,49158,57351,65544,73737,81930,90123,98316,106509,114702,122895,131088,139281,147474,155667,163860,table-of-8193,8192,/table-of-8192,8191,/table-of-8191,8190,/table-of-8190
8194,16388,24582,32776,40970,49164,57358,65552,73746,81940,90134,98328,106522,114716,122910,131104,139298,147492,155686,163880,table-of-8194,8193,/table-of-8193,8192,/table-of-8192,8191,/table-of-8191
8195,16390,24585,32780,40975,49170,57365,65560,73755,81950,90145,98340,106535,114730,122925,131120,139315,147510,155705,163900,table-of-8195,8194,/table-of-8194,8193,/table-of-8193,8192,/table-of-8192
8196,16392,24588,32784,40980,49176,57372,65568,73764,81960,90156,98352,106548,114744,122940,131136,139332,147528,155724,163920,table-of-8196,8195,/table-of-8195,8194,/table-of-8194,8193,/table-of-8193
8197,16394,24591,32788,40985,49182,57379,65576,73773,81970,90167,98364,106561,114758,122955,131152,139349,147546,155743,163940,table-of-8197,8196,/table-of-8196,8195,/table-of-8195,8194,/table-of-8194
8198,16396,24594,32792,40990,49188,57386,65584,73782,81980,90178,98376,106574,114772,122970,131168,139366,147564,155762,163960,table-of-8198,8197,/table-of-8197,8196,/table-of-8196,8195,/table-of-8195
8199,16398,24597,32796,40995,49194,57393,65592,73791,81990,90189,98388,106587,114786,122985,131184,139383,147582,155781,163980,table-of-8199,8198,/table-of-8198,8197,/table-of-8197,8196,/table-of-8196
8200,16400,24600,32800,41000,49200,57400,65600,73800,82000,90200,98400,106600,114800,123000,131200,139400,147600,155800,164000,table-of-8200,8199,/table-of-8199,8198,/table-of-8198,8197,/table-of-8197
8201,16402,24603,32804,41005,49206,57407,65608,73809,82010,90211,98412,106613,114814,123015,131216,139417,147618,155819,164020,table-of-8201,8200,/table-of-8200,8199,/table-of-8199,8198,/table-of-8198
8202,16404,24606,32808,41010,49212,57414,65616,73818,82020,90222,98424,106626,114828,123030,131232,139434,147636,155838,164040,table-of-8202,8201,/table-of-8201,8200,/table-of-8200,8199,/table-of-8199
8203,16406,24609,32812,41015,49218,57421,65624,73827,82030,90233,98436,106639,114842,123045,131248,139451,147654,155857,164060,table-of-8203,8202,/table-of-8202,8201,/table-of-8201,8200,/table-of-8200
8204,16408,24612,32816,41020,49224,57428,65632,73836,82040,90244,98448,106652,114856,123060,131264,139468,147672,155876,164080,table-of-8204,8203,/table-of-8203,8202,/table-of-8202,8201,/table-of-8201
8205,16410,24615,32820,41025,49230,57435,65640,73845,82050,90255,98460,106665,114870,123075,131280,139485,147690,155895,164100,table-of-8205,8204,/table-of-8204,8203,/table-of-8203,8202,/table-of-8202
8206,16412,24618,32824,41030,49236,57442,65648,73854,82060,90266,98472,106678,114884,123090,131296,139502,147708,155914,164120,table-of-8206,8205,/table-of-8205,8204,/table-of-8204,8203,/table-of-8203
8207,16414,24621,32828,41035,49242,57449,65656,73863,82070,90277,98484,106691,114898,123105,131312,139519,147726,155933,164140,table-of-8207,8206,/table-of-8206,8205,/table-of-8205,8204,/table-of-8204
8208,16416,24624,32832,41040,49248,57456,65664,73872,82080,90288,98496,106704,114912,123120,131328,139536,147744,155952,164160,table-of-8208,8207,/table-of-8207,8206,/table-of-8206,8205,/table-of-8205
8209,16418,24627,32836,41045,49254,57463,65672,73881,82090,90299,98508,106717,114926,123135,131344,139553,147762,155971,164180,table-of-8209,8208,/table-of-8208,8207,/table-of-8207,8206,/table-of-8206
8210,16420,24630,32840,41050,49260,57470,65680,73890,82100,90310,98520,106730,114940,123150,131360,139570,147780,155990,164200,table-of-8210,8209,/table-of-8209,8208,/table-of-8208,8207,/table-of-8207
8211,16422,24633,32844,41055,49266,57477,65688,73899,82110,90321,98532,106743,114954,123165,131376,139587,147798,156009,164220,table-of-8211,8210,/table-of-8210,8209,/table-of-8209,8208,/table-of-8208
8212,16424,24636,32848,41060,49272,57484,65696,73908,82120,90332,98544,106756,114968,123180,131392,139604,147816,156028,164240,table-of-8212,8211,/table-of-8211,8210,/table-of-8210,8209,/table-of-8209
8213,16426,24639,32852,41065,49278,57491,65704,73917,82130,90343,98556,106769,114982,123195,131408,139621,147834,156047,164260,table-of-8213,8212,/table-of-8212,8211,/table-of-8211,8210,/table-of-8210
8214,16428,24642,32856,41070,49284,57498,65712,73926,82140,90354,98568,106782,114996,123210,131424,139638,147852,156066,164280,table-of-8214,8213,/table-of-8213,8212,/table-of-8212,8211,/table-of-8211
8215,16430,24645,32860,41075,49290,57505,65720,73935,82150,90365,98580,106795,115010,123225,131440,139655,147870,156085,164300,table-of-8215,8214,/table-of-8214,8213,/table-of-8213,8212,/table-of-8212
8216,16432,24648,32864,41080,49296,57512,65728,73944,82160,90376,98592,106808,115024,123240,131456,139672,147888,156104,164320,table-of-8216,8215,/table-of-8215,8214,/table-of-8214,8213,/table-of-8213
8217,16434,24651,32868,41085,49302,57519,65736,73953,82170,90387,98604,106821,115038,123255,131472,139689,147906,156123,164340,table-of-8217,8216,/table-of-8216,8215,/table-of-8215,8214,/table-of-8214
8218,16436,24654,32872,41090,49308,57526,65744,73962,82180,90398,98616,106834,115052,123270,131488,139706,147924,156142,164360,table-of-8218,8217,/table-of-8217,8216,/table-of-8216,8215,/table-of-8215
8219,16438,24657,32876,41095,49314,57533,65752,73971,82190,90409,98628,106847,115066,123285,131504,139723,147942,156161,164380,table-of-8219,8218,/table-of-8218,8217,/table-of-8217,8216,/table-of-8216
8220,16440,24660,32880,41100,49320,57540,65760,73980,82200,90420,98640,106860,115080,123300,131520,139740,147960,156180,164400,table-of-8220,8219,/table-of-8219,8218,/table-of-8218,8217,/table-of-8217
8221,16442,24663,32884,41105,49326,57547,65768,73989,82210,90431,98652,106873,115094,123315,131536,139757,147978,156199,164420,table-of-8221,8220,/table-of-8220,8219,/table-of-8219,8218,/table-of-8218
8222,16444,24666,32888,41110,49332,57554,65776,73998,82220,90442,98664,106886,115108,123330,131552,139774,147996,156218,164440,table-of-8222,8221,/table-of-8221,8220,/table-of-8220,8219,/table-of-8219
8223,16446,24669,32892,41115,49338,57561,65784,74007,82230,90453,98676,106899,115122,123345,131568,139791,148014,156237,164460,table-of-8223,8222,/table-of-8222,8221,/table-of-8221,8220,/table-of-8220
8224,16448,24672,32896,41120,49344,57568,65792,74016,82240,90464,98688,106912,115136,123360,131584,139808,148032,156256,164480,table-of-8224,8223,/table-of-8223,8222,/table-of-8222,8221,/table-of-8221
8225,16450,24675,32900,41125,49350,57575,65800,74025,82250,90475,98700,106925,115150,123375,131600,139825,148050,156275,164500,table-of-8225,8224,/table-of-8224,8223,/table-of-8223,8222,/table-of-8222
8226,16452,24678,32904,41130,49356,57582,65808,74034,82260,90486,98712,106938,115164,123390,131616,139842,148068,156294,164520,table-of-8226,8225,/table-of-8225,8224,/table-of-8224,8223,/table-of-8223
8227,16454,24681,32908,41135,49362,57589,65816,74043,82270,90497,98724,106951,115178,123405,131632,139859,148086,156313,164540,table-of-8227,8226,/table-of-8226,8225,/table-of-8225,8224,/table-of-8224
8228,16456,24684,32912,41140,49368,57596,65824,74052,82280,90508,98736,106964,115192,123420,131648,139876,148104,156332,164560,table-of-8228,8227,/table-of-8227,8226,/table-of-8226,8225,/table-of-8225
8229,16458,24687,32916,41145,49374,57603,65832,74061,82290,90519,98748,106977,115206,123435,131664,139893,148122,156351,164580,table-of-8229,8228,/table-of-8228,8227,/table-of-8227,8226,/table-of-8226
8230,16460,24690,32920,41150,49380,57610,65840,74070,82300,90530,98760,106990,115220,123450,131680,139910,148140,156370,164600,table-of-8230,8229,/table-of-8229,8228,/table-of-8228,8227,/table-of-8227
8231,16462,24693,32924,41155,49386,57617,65848,74079,82310,90541,98772,107003,115234,123465,131696,139927,148158,156389,164620,table-of-8231,8230,/table-of-8230,8229,/table-of-8229,8228,/table-of-8228
8232,16464,24696,32928,41160,49392,57624,65856,74088,82320,90552,98784,107016,115248,123480,131712,139944,148176,156408,164640,table-of-8232,8231,/table-of-8231,8230,/table-of-8230,8229,/table-of-8229
8233,16466,24699,32932,41165,49398,57631,65864,74097,82330,90563,98796,107029,115262,123495,131728,139961,148194,156427,164660,table-of-8233,8232,/table-of-8232,8231,/table-of-8231,8230,/table-of-8230
8234,16468,24702,32936,41170,49404,57638,65872,74106,82340,90574,98808,107042,115276,123510,131744,139978,148212,156446,164680,table-of-8234,8233,/table-of-8233,8232,/table-of-8232,8231,/table-of-8231
8235,16470,24705,32940,41175,49410,57645,65880,74115,82350,90585,98820,107055,115290,123525,131760,139995,148230,156465,164700,table-of-8235,8234,/table-of-8234,8233,/table-of-8233,8232,/table-of-8232
8236,16472,24708,32944,41180,49416,57652,65888,74124,82360,90596,98832,107068,115304,123540,131776,140012,148248,156484,164720,table-of-8236,8235,/table-of-8235,8234,/table-of-8234,8233,/table-of-8233
8237,16474,24711,32948,41185,49422,57659,65896,74133,82370,90607,98844,107081,115318,123555,131792,140029,148266,156503,164740,table-of-8237,8236,/table-of-8236,8235,/table-of-8235,8234,/table-of-8234
8238,16476,24714,32952,41190,49428,57666,65904,74142,82380,90618,98856,107094,115332,123570,131808,140046,148284,156522,164760,table-of-8238,8237,/table-of-8237,8236,/table-of-8236,8235,/table-of-8235
8239,16478,24717,32956,41195,49434,57673,65912,74151,82390,90629,98868,107107,115346,123585,131824,140063,148302,156541,164780,table-of-8239,8238,/table-of-8238,8237,/table-of-8237,8236,/table-of-8236
8240,16480,24720,32960,41200,49440,57680,65920,74160,82400,90640,98880,107120,115360,123600,131840,140080,148320,156560,164800,table-of-8240,8239,/table-of-8239,8238,/table-of-8238,8237,/table-of-8237
8241,16482,24723,32964,41205,49446,57687,65928,74169,82410,90651,98892,107133,115374,123615,131856,140097,148338,156579,164820,table-of-8241,8240,/table-of-8240,8239,/table-of-8239,8238,/table-of-8238
8242,16484,24726,32968,41210,49452,57694,65936,74178,82420,90662,98904,107146,115388,123630,131872,140114,148356,156598,164840,table-of-8242,8241,/table-of-8241,8240,/table-of-8240,8239,/table-of-8239
8243,16486,24729,32972,41215,49458,57701,65944,74187,82430,90673,98916,107159,115402,123645,131888,140131,148374,156617,164860,table-of-8243,8242,/table-of-8242,8241,/table-of-8241,8240,/table-of-8240
8244,16488,24732,32976,41220,49464,57708,65952,74196,82440,90684,98928,107172,115416,123660,131904,140148,148392,156636,164880,table-of-8244,8243,/table-of-8243,8242,/table-of-8242,8241,/table-of-8241
8245,16490,24735,32980,41225,49470,57715,65960,74205,82450,90695,98940,107185,115430,123675,131920,140165,148410,156655,164900,table-of-8245,8244,/table-of-8244,8243,/table-of-8243,8242,/table-of-8242
8246,16492,24738,32984,41230,49476,57722,65968,74214,82460,90706,98952,107198,115444,123690,131936,140182,148428,156674,164920,table-of-8246,8245,/table-of-8245,8244,/table-of-8244,8243,/table-of-8243
8247,16494,24741,32988,41235,49482,57729,65976,74223,82470,90717,98964,107211,115458,123705,131952,140199,148446,156693,164940,table-of-8247,8246,/table-of-8246,8245,/table-of-8245,8244,/table-of-8244
8248,16496,24744,32992,41240,49488,57736,65984,74232,82480,90728,98976,107224,115472,123720,131968,140216,148464,156712,164960,table-of-8248,8247,/table-of-8247,8246,/table-of-8246,8245,/table-of-8245
8249,16498,24747,32996,41245,49494,57743,65992,74241,82490,90739,98988,107237,115486,123735,131984,140233,148482,156731,164980,table-of-8249,8248,/table-of-8248,8247,/table-of-8247,8246,/table-of-8246
8250,16500,24750,33000,41250,49500,57750,66000,74250,82500,90750,99000,107250,115500,123750,132000,140250,148500,156750,165000,table-of-8250,8249,/table-of-8249,8248,/table-of-8248,8247,/table-of-8247
8251,16502,24753,33004,41255,49506,57757,66008,74259,82510,90761,99012,107263,115514,123765,132016,140267,148518,156769,165020,table-of-8251,8250,/table-of-8250,8249,/table-of-8249,8248,/table-of-8248
8252,16504,24756,33008,41260,49512,57764,66016,74268,82520,90772,99024,107276,115528,123780,132032,140284,148536,156788,165040,table-of-8252,8251,/table-of-8251,8250,/table-of-8250,8249,/table-of-8249
8253,16506,24759,33012,41265,49518,57771,66024,74277,82530,90783,99036,107289,115542,123795,132048,140301,148554,156807,165060,table-of-8253,8252,/table-of-8252,8251,/table-of-8251,8250,/table-of-8250
8254,16508,24762,33016,41270,49524,57778,66032,74286,82540,90794,99048,107302,115556,123810,132064,140318,148572,156826,165080,table-of-8254,8253,/table-of-8253,8252,/table-of-8252,8251,/table-of-8251
8255,16510,24765,33020,41275,49530,57785,66040,74295,82550,90805,99060,107315,115570,123825,132080,140335,148590,156845,165100,table-of-8255,8254,/table-of-8254,8253,/table-of-8253,8252,/table-of-8252
8256,16512,24768,33024,41280,49536,57792,66048,74304,82560,90816,99072,107328,115584,123840,132096,140352,148608,156864,165120,table-of-8256,8255,/table-of-8255,8254,/table-of-8254,8253,/table-of-8253
8257,16514,24771,33028,41285,49542,57799,66056,74313,82570,90827,99084,107341,115598,123855,132112,140369,148626,156883,165140,table-of-8257,8256,/table-of-8256,8255,/table-of-8255,8254,/table-of-8254
8258,16516,24774,33032,41290,49548,57806,66064,74322,82580,90838,99096,107354,115612,123870,132128,140386,148644,156902,165160,table-of-8258,8257,/table-of-8257,8256,/table-of-8256,8255,/table-of-8255
8259,16518,24777,33036,41295,49554,57813,66072,74331,82590,90849,99108,107367,115626,123885,132144,140403,148662,156921,165180,table-of-8259,8258,/table-of-8258,8257,/table-of-8257,8256,/table-of-8256
8260,16520,24780,33040,41300,49560,57820,66080,74340,82600,90860,99120,107380,115640,123900,132160,140420,148680,156940,165200,table-of-8260,8259,/table-of-8259,8258,/table-of-8258,8257,/table-of-8257
8261,16522,24783,33044,41305,49566,57827,66088,74349,82610,90871,99132,107393,115654,123915,132176,140437,148698,156959,165220,table-of-8261,8260,/table-of-8260,8259,/table-of-8259,8258,/table-of-8258
8262,16524,24786,33048,41310,49572,57834,66096,74358,82620,90882,99144,107406,115668,123930,132192,140454,148716,156978,165240,table-of-8262,8261,/table-of-8261,8260,/table-of-8260,8259,/table-of-8259
8263,16526,24789,33052,41315,49578,57841,66104,74367,82630,90893,99156,107419,115682,123945,132208,140471,148734,156997,165260,table-of-8263,8262,/table-of-8262,8261,/table-of-8261,8260,/table-of-8260
8264,16528,24792,33056,41320,49584,57848,66112,74376,82640,90904,99168,107432,115696,123960,132224,140488,148752,157016,165280,table-of-8264,8263,/table-of-8263,8262,/table-of-8262,8261,/table-of-8261
8265,16530,24795,33060,41325,49590,57855,66120,74385,82650,90915,99180,107445,115710,123975,132240,140505,148770,157035,165300,table-of-8265,8264,/table-of-8264,8263,/table-of-8263,8262,/table-of-8262
8266,16532,24798,33064,41330,49596,57862,66128,74394,82660,90926,99192,107458,115724,123990,132256,140522,148788,157054,165320,table-of-8266,8265,/table-of-8265,8264,/table-of-8264,8263,/table-of-8263
8267,16534,24801,33068,41335,49602,57869,66136,74403,82670,90937,99204,107471,115738,124005,132272,140539,148806,157073,165340,table-of-8267,8266,/table-of-8266,8265,/table-of-8265,8264,/table-of-8264
8268,16536,24804,33072,41340,49608,57876,66144,74412,82680,90948,99216,107484,115752,124020,132288,140556,148824,157092,165360,table-of-8268,8267,/table-of-8267,8266,/table-of-8266,8265,/table-of-8265
8269,16538,24807,33076,41345,49614,57883,66152,74421,82690,90959,99228,107497,115766,124035,132304,140573,148842,157111,165380,table-of-8269,8268,/table-of-8268,8267,/table-of-8267,8266,/table-of-8266
8270,16540,24810,33080,41350,49620,57890,66160,74430,82700,90970,99240,107510,115780,124050,132320,140590,148860,157130,165400,table-of-8270,8269,/table-of-8269,8268,/table-of-8268,8267,/table-of-8267
8271,16542,24813,33084,41355,49626,57897,66168,74439,82710,90981,99252,107523,115794,124065,132336,140607,148878,157149,165420,table-of-8271,8270,/table-of-8270,8269,/table-of-8269,8268,/table-of-8268
8272,16544,24816,33088,41360,49632,57904,66176,74448,82720,90992,99264,107536,115808,124080,132352,140624,148896,157168,165440,table-of-8272,8271,/table-of-8271,8270,/table-of-8270,8269,/table-of-8269
8273,16546,24819,33092,41365,49638,57911,66184,74457,82730,91003,99276,107549,115822,124095,132368,140641,148914,157187,165460,table-of-8273,8272,/table-of-8272,8271,/table-of-8271,8270,/table-of-8270
8274,16548,24822,33096,41370,49644,57918,66192,74466,82740,91014,99288,107562,115836,124110,132384,140658,148932,157206,165480,table-of-8274,8273,/table-of-8273,8272,/table-of-8272,8271,/table-of-8271
8275,16550,24825,33100,41375,49650,57925,66200,74475,82750,91025,99300,107575,115850,124125,132400,140675,148950,157225,165500,table-of-8275,8274,/table-of-8274,8273,/table-of-8273,8272,/table-of-8272
8276,16552,24828,33104,41380,49656,57932,66208,74484,82760,91036,99312,107588,115864,124140,132416,140692,148968,157244,165520,table-of-8276,8275,/table-of-8275,8274,/table-of-8274,8273,/table-of-8273
8277,16554,24831,33108,41385,49662,57939,66216,74493,82770,91047,99324,107601,115878,124155,132432,140709,148986,157263,165540,table-of-8277,8276,/table-of-8276,8275,/table-of-8275,8274,/table-of-8274
8278,16556,24834,33112,41390,49668,57946,66224,74502,82780,91058,99336,107614,115892,124170,132448,140726,149004,157282,165560,table-of-8278,8277,/table-of-8277,8276,/table-of-8276,8275,/table-of-8275
8279,16558,24837,33116,41395,49674,57953,66232,74511,82790,91069,99348,107627,115906,124185,132464,140743,149022,157301,165580,table-of-8279,8278,/table-of-8278,8277,/table-of-8277,8276,/table-of-8276
8280,16560,24840,33120,41400,49680,57960,66240,74520,82800,91080,99360,107640,115920,124200,132480,140760,149040,157320,165600,table-of-8280,8279,/table-of-8279,8278,/table-of-8278,8277,/table-of-8277
8281,16562,24843,33124,41405,49686,57967,66248,74529,82810,91091,99372,107653,115934,124215,132496,140777,149058,157339,165620,table-of-8281,8280,/table-of-8280,8279,/table-of-8279,8278,/table-of-8278
8282,16564,24846,33128,41410,49692,57974,66256,74538,82820,91102,99384,107666,115948,124230,132512,140794,149076,157358,165640,table-of-8282,8281,/table-of-8281,8280,/table-of-8280,8279,/table-of-8279
8283,16566,24849,33132,41415,49698,57981,66264,74547,82830,91113,99396,107679,115962,124245,132528,140811,149094,157377,165660,table-of-8283,8282,/table-of-8282,8281,/table-of-8281,8280,/table-of-8280
8284,16568,24852,33136,41420,49704,57988,66272,74556,82840,91124,99408,107692,115976,124260,132544,140828,149112,157396,165680,table-of-8284,8283,/table-of-8283,8282,/table-of-8282,8281,/table-of-8281
8285,16570,24855,33140,41425,49710,57995,66280,74565,82850,91135,99420,107705,115990,124275,132560,140845,149130,157415,165700,table-of-8285,8284,/table-of-8284,8283,/table-of-8283,8282,/table-of-8282
8286,16572,24858,33144,41430,49716,58002,66288,74574,82860,91146,99432,107718,116004,124290,132576,140862,149148,157434,165720,table-of-8286,8285,/table-of-8285,8284,/table-of-8284,8283,/table-of-8283
8287,16574,24861,33148,41435,49722,58009,66296,74583,82870,91157,99444,107731,116018,124305,132592,140879,149166,157453,165740,table-of-8287,8286,/table-of-8286,8285,/table-of-8285,8284,/table-of-8284
8288,16576,24864,33152,41440,49728,58016,66304,74592,82880,91168,99456,107744,116032,124320,132608,140896,149184,157472,165760,table-of-8288,8287,/table-of-8287,8286,/table-of-8286,8285,/table-of-8285
8289,16578,24867,33156,41445,49734,58023,66312,74601,82890,91179,99468,107757,116046,124335,132624,140913,149202,157491,165780,table-of-8289,8288,/table-of-8288,8287,/table-of-8287,8286,/table-of-8286
8290,16580,24870,33160,41450,49740,58030,66320,74610,82900,91190,99480,107770,116060,124350,132640,140930,149220,157510,165800,table-of-8290,8289,/table-of-8289,8288,/table-of-8288,8287,/table-of-8287
8291,16582,24873,33164,41455,49746,58037,66328,74619,82910,91201,99492,107783,116074,124365,132656,140947,149238,157529,165820,table-of-8291,8290,/table-of-8290,8289,/table-of-8289,8288,/table-of-8288
8292,16584,24876,33168,41460,49752,58044,66336,74628,82920,91212,99504,107796,116088,124380,132672,140964,149256,157548,165840,table-of-8292,8291,/table-of-8291,8290,/table-of-8290,8289,/table-of-8289
8293,16586,24879,33172,41465,49758,58051,66344,74637,82930,91223,99516,107809,116102,124395,132688,140981,149274,157567,165860,table-of-8293,8292,/table-of-8292,8291,/table-of-8291,8290,/table-of-8290
8294,16588,24882,33176,41470,49764,58058,66352,74646,82940,91234,99528,107822,116116,124410,132704,140998,149292,157586,165880,table-of-8294,8293,/table-of-8293,8292,/table-of-8292,8291,/table-of-8291
8295,16590,24885,33180,41475,49770,58065,66360,74655,82950,91245,99540,107835,116130,124425,132720,141015,149310,157605,165900,table-of-8295,8294,/table-of-8294,8293,/table-of-8293,8292,/table-of-8292
8296,16592,24888,33184,41480,49776,58072,66368,74664,82960,91256,99552,107848,116144,124440,132736,141032,149328,157624,165920,table-of-8296,8295,/table-of-8295,8294,/table-of-8294,8293,/table-of-8293
8297,16594,24891,33188,41485,49782,58079,66376,74673,82970,91267,99564,107861,116158,124455,132752,141049,149346,157643,165940,table-of-8297,8296,/table-of-8296,8295,/table-of-8295,8294,/table-of-8294
8298,16596,24894,33192,41490,49788,58086,66384,74682,82980,91278,99576,107874,116172,124470,132768,141066,149364,157662,165960,table-of-8298,8297,/table-of-8297,8296,/table-of-8296,8295,/table-of-8295
8299,16598,24897,33196,41495,49794,58093,66392,74691,82990,91289,99588,107887,116186,124485,132784,141083,149382,157681,165980,table-of-8299,8298,/table-of-8298,8297,/table-of-8297,8296,/table-of-8296
8300,16600,24900,33200,41500,49800,58100,66400,74700,83000,91300,99600,107900,116200,124500,132800,141100,149400,157700,166000,table-of-8300,8299,/table-of-8299,8298,/table-of-8298,8297,/table-of-8297
8301,16602,24903,33204,41505,49806,58107,66408,74709,83010,91311,99612,107913,116214,124515,132816,141117,149418,157719,166020,table-of-8301,8300,/table-of-8300,8299,/table-of-8299,8298,/table-of-8298
8302,16604,24906,33208,41510,49812,58114,66416,74718,83020,91322,99624,107926,116228,124530,132832,141134,149436,157738,166040,table-of-8302,8301,/table-of-8301,8300,/table-of-8300,8299,/table-of-8299
8303,16606,24909,33212,41515,49818,58121,66424,74727,83030,91333,99636,107939,116242,124545,132848,141151,149454,157757,166060,table-of-8303,8302,/table-of-8302,8301,/table-of-8301,8300,/table-of-8300
8304,16608,24912,33216,41520,49824,58128,66432,74736,83040,91344,99648,107952,116256,124560,132864,141168,149472,157776,166080,table-of-8304,8303,/table-of-8303,8302,/table-of-8302,8301,/table-of-8301
8305,16610,24915,33220,41525,49830,58135,66440,74745,83050,91355,99660,107965,116270,124575,132880,141185,149490,157795,166100,table-of-8305,8304,/table-of-8304,8303,/table-of-8303,8302,/table-of-8302
8306,16612,24918,33224,41530,49836,58142,66448,74754,83060,91366,99672,107978,116284,124590,132896,141202,149508,157814,166120,table-of-8306,8305,/table-of-8305,8304,/table-of-8304,8303,/table-of-8303
8307,16614,24921,33228,41535,49842,58149,66456,74763,83070,91377,99684,107991,116298,124605,132912,141219,149526,157833,166140,table-of-8307,8306,/table-of-8306,8305,/table-of-8305,8304,/table-of-8304
8308,16616,24924,33232,41540,49848,58156,66464,74772,83080,91388,99696,108004,116312,124620,132928,141236,149544,157852,166160,table-of-8308,8307,/table-of-8307,8306,/table-of-8306,8305,/table-of-8305
8309,16618,24927,33236,41545,49854,58163,66472,74781,83090,91399,99708,108017,116326,124635,132944,141253,149562,157871,166180,table-of-8309,8308,/table-of-8308,8307,/table-of-8307,8306,/table-of-8306
8310,16620,24930,33240,41550,49860,58170,66480,74790,83100,91410,99720,108030,116340,124650,132960,141270,149580,157890,166200,table-of-8310,8309,/table-of-8309,8308,/table-of-8308,8307,/table-of-8307
8311,16622,24933,33244,41555,49866,58177,66488,74799,83110,91421,99732,108043,116354,124665,132976,141287,149598,157909,166220,table-of-8311,8310,/table-of-8310,8309,/table-of-8309,8308,/table-of-8308
8312,16624,24936,33248,41560,49872,58184,66496,74808,83120,91432,99744,108056,116368,124680,132992,141304,149616,157928,166240,table-of-8312,8311,/table-of-8311,8310,/table-of-8310,8309,/table-of-8309
8313,16626,24939,33252,41565,49878,58191,66504,74817,83130,91443,99756,108069,116382,124695,133008,141321,149634,157947,166260,table-of-8313,8312,/table-of-8312,8311,/table-of-8311,8310,/table-of-8310
8314,16628,24942,33256,41570,49884,58198,66512,74826,83140,91454,99768,108082,116396,124710,133024,141338,149652,157966,166280,table-of-8314,8313,/table-of-8313,8312,/table-of-8312,8311,/table-of-8311
8315,16630,24945,33260,41575,49890,58205,66520,74835,83150,91465,99780,108095,116410,124725,133040,141355,149670,157985,166300,table-of-8315,8314,/table-of-8314,8313,/table-of-8313,8312,/table-of-8312
8316,16632,24948,33264,41580,49896,58212,66528,74844,83160,91476,99792,108108,116424,124740,133056,141372,149688,158004,166320,table-of-8316,8315,/table-of-8315,8314,/table-of-8314,8313,/table-of-8313
8317,16634,24951,33268,41585,49902,58219,66536,74853,83170,91487,99804,108121,116438,124755,133072,141389,149706,158023,166340,table-of-8317,8316,/table-of-8316,8315,/table-of-8315,8314,/table-of-8314
8318,16636,24954,33272,41590,49908,58226,66544,74862,83180,91498,99816,108134,116452,124770,133088,141406,149724,158042,166360,table-of-8318,8317,/table-of-8317,8316,/table-of-8316,8315,/table-of-8315
8319,16638,24957,33276,41595,49914,58233,66552,74871,83190,91509,99828,108147,116466,124785,133104,141423,149742,158061,166380,table-of-8319,8318,/table-of-8318,8317,/table-of-8317,8316,/table-of-8316
8320,16640,24960,33280,41600,49920,58240,66560,74880,83200,91520,99840,108160,116480,124800,133120,141440,149760,158080,166400,table-of-8320,8319,/table-of-8319,8318,/table-of-8318,8317,/table-of-8317
8321,16642,24963,33284,41605,49926,58247,66568,74889,83210,91531,99852,108173,116494,124815,133136,141457,149778,158099,166420,table-of-8321,8320,/table-of-8320,8319,/table-of-8319,8318,/table-of-8318
8322,16644,24966,33288,41610,49932,58254,66576,74898,83220,91542,99864,108186,116508,124830,133152,141474,149796,158118,166440,table-of-8322,8321,/table-of-8321,8320,/table-of-8320,8319,/table-of-8319
8323,16646,24969,33292,41615,49938,58261,66584,74907,83230,91553,99876,108199,116522,124845,133168,141491,149814,158137,166460,table-of-8323,8322,/table-of-8322,8321,/table-of-8321,8320,/table-of-8320
8324,16648,24972,33296,41620,49944,58268,66592,74916,83240,91564,99888,108212,116536,124860,133184,141508,149832,158156,166480,table-of-8324,8323,/table-of-8323,8322,/table-of-8322,8321,/table-of-8321
8325,16650,24975,33300,41625,49950,58275,66600,74925,83250,91575,99900,108225,116550,124875,133200,141525,149850,158175,166500,table-of-8325,8324,/table-of-8324,8323,/table-of-8323,8322,/table-of-8322
8326,16652,24978,33304,41630,49956,58282,66608,74934,83260,91586,99912,108238,116564,124890,133216,141542,149868,158194,166520,table-of-8326,8325,/table-of-8325,8324,/table-of-8324,8323,/table-of-8323
8327,16654,24981,33308,41635,49962,58289,66616,74943,83270,91597,99924,108251,116578,124905,133232,141559,149886,158213,166540,table-of-8327,8326,/table-of-8326,8325,/table-of-8325,8324,/table-of-8324
8328,16656,24984,33312,41640,49968,58296,66624,74952,83280,91608,99936,108264,116592,124920,133248,141576,149904,158232,166560,table-of-8328,8327,/table-of-8327,8326,/table-of-8326,8325,/table-of-8325
8329,16658,24987,33316,41645,49974,58303,66632,74961,83290,91619,99948,108277,116606,124935,133264,141593,149922,158251,166580,table-of-8329,8328,/table-of-8328,8327,/table-of-8327,8326,/table-of-8326
8330,16660,24990,33320,41650,49980,58310,66640,74970,83300,91630,99960,108290,116620,124950,133280,141610,149940,158270,166600,table-of-8330,8329,/table-of-8329,8328,/table-of-8328,8327,/table-of-8327
8331,16662,24993,33324,41655,49986,58317,66648,74979,83310,91641,99972,108303,116634,124965,133296,141627,149958,158289,166620,table-of-8331,8330,/table-of-8330,8329,/table-of-8329,8328,/table-of-8328
8332,16664,24996,33328,41660,49992,58324,66656,74988,83320,91652,99984,108316,116648,124980,133312,141644,149976,158308,166640,table-of-8332,8331,/table-of-8331,8330,/table-of-8330,8329,/table-of-8329
8333,16666,24999,33332,41665,49998,58331,66664,74997,83330,91663,99996,108329,116662,124995,133328,141661,149994,158327,166660,table-of-8333,8332,/table-of-8332,8331,/table-of-8331,8330,/table-of-8330
8334,16668,25002,33336,41670,50004,58338,66672,75006,83340,91674,100008,108342,116676,125010,133344,141678,150012,158346,166680,table-of-8334,8333,/table-of-8333,8332,/table-of-8332,8331,/table-of-8331
8335,16670,25005,33340,41675,50010,58345,66680,75015,83350,91685,100020,108355,116690,125025,133360,141695,150030,158365,166700,table-of-8335,8334,/table-of-8334,8333,/table-of-8333,8332,/table-of-8332
8336,16672,25008,33344,41680,50016,58352,66688,75024,83360,91696,100032,108368,116704,125040,133376,141712,150048,158384,166720,table-of-8336,8335,/table-of-8335,8334,/table-of-8334,8333,/table-of-8333
8337,16674,25011,33348,41685,50022,58359,66696,75033,83370,91707,100044,108381,116718,125055,133392,141729,150066,158403,166740,table-of-8337,8336,/table-of-8336,8335,/table-of-8335,8334,/table-of-8334
8338,16676,25014,33352,41690,50028,58366,66704,75042,83380,91718,100056,108394,116732,125070,133408,141746,150084,158422,166760,table-of-8338,8337,/table-of-8337,8336,/table-of-8336,8335,/table-of-8335
8339,16678,25017,33356,41695,50034,58373,66712,75051,83390,91729,100068,108407,116746,125085,133424,141763,150102,158441,166780,table-of-8339,8338,/table-of-8338,8337,/table-of-8337,8336,/table-of-8336
8340,16680,25020,33360,41700,50040,58380,66720,75060,83400,91740,100080,108420,116760,125100,133440,141780,150120,158460,166800,table-of-8340,8339,/table-of-8339,8338,/table-of-8338,8337,/table-of-8337
8341,16682,25023,33364,41705,50046,58387,66728,75069,83410,91751,100092,108433,116774,125115,133456,141797,150138,158479,166820,table-of-8341,8340,/table-of-8340,8339,/table-of-8339,8338,/table-of-8338
8342,16684,25026,33368,41710,50052,58394,66736,75078,83420,91762,100104,108446,116788,125130,133472,141814,150156,158498,166840,table-of-8342,8341,/table-of-8341,8340,/table-of-8340,8339,/table-of-8339
8343,16686,25029,33372,41715,50058,58401,66744,75087,83430,91773,100116,108459,116802,125145,133488,141831,150174,158517,166860,table-of-8343,8342,/table-of-8342,8341,/table-of-8341,8340,/table-of-8340
8344,16688,25032,33376,41720,50064,58408,66752,75096,83440,91784,100128,108472,116816,125160,133504,141848,150192,158536,166880,table-of-8344,8343,/table-of-8343,8342,/table-of-8342,8341,/table-of-8341
8345,16690,25035,33380,41725,50070,58415,66760,75105,83450,91795,100140,108485,116830,125175,133520,141865,150210,158555,166900,table-of-8345,8344,/table-of-8344,8343,/table-of-8343,8342,/table-of-8342
8346,16692,25038,33384,41730,50076,58422,66768,75114,83460,91806,100152,108498,116844,125190,133536,141882,150228,158574,166920,table-of-8346,8345,/table-of-8345,8344,/table-of-8344,8343,/table-of-8343
8347,16694,25041,33388,41735,50082,58429,66776,75123,83470,91817,100164,108511,116858,125205,133552,141899,150246,158593,166940,table-of-8347,8346,/table-of-8346,8345,/table-of-8345,8344,/table-of-8344
8348,16696,25044,33392,41740,50088,58436,66784,75132,83480,91828,100176,108524,116872,125220,133568,141916,150264,158612,166960,table-of-8348,8347,/table-of-8347,8346,/table-of-8346,8345,/table-of-8345
8349,16698,25047,33396,41745,50094,58443,66792,75141,83490,91839,100188,108537,116886,125235,133584,141933,150282,158631,166980,table-of-8349,8348,/table-of-8348,8347,/table-of-8347,8346,/table-of-8346
8350,16700,25050,33400,41750,50100,58450,66800,75150,83500,91850,100200,108550,116900,125250,133600,141950,150300,158650,167000,table-of-8350,8349,/table-of-8349,8348,/table-of-8348,8347,/table-of-8347
8351,16702,25053,33404,41755,50106,58457,66808,75159,83510,91861,100212,108563,116914,125265,133616,141967,150318,158669,167020,table-of-8351,8350,/table-of-8350,8349,/table-of-8349,8348,/table-of-8348
8352,16704,25056,33408,41760,50112,58464,66816,75168,83520,91872,100224,108576,116928,125280,133632,141984,150336,158688,167040,table-of-8352,8351,/table-of-8351,8350,/table-of-8350,8349,/table-of-8349
8353,16706,25059,33412,41765,50118,58471,66824,75177,83530,91883,100236,108589,116942,125295,133648,142001,150354,158707,167060,table-of-8353,8352,/table-of-8352,8351,/table-of-8351,8350,/table-of-8350
8354,16708,25062,33416,41770,50124,58478,66832,75186,83540,91894,100248,108602,116956,125310,133664,142018,150372,158726,167080,table-of-8354,8353,/table-of-8353,8352,/table-of-8352,8351,/table-of-8351
8355,16710,25065,33420,41775,50130,58485,66840,75195,83550,91905,100260,108615,116970,125325,133680,142035,150390,158745,167100,table-of-8355,8354,/table-of-8354,8353,/table-of-8353,8352,/table-of-8352
8356,16712,25068,33424,41780,50136,58492,66848,75204,83560,91916,100272,108628,116984,125340,133696,142052,150408,158764,167120,table-of-8356,8355,/table-of-8355,8354,/table-of-8354,8353,/table-of-8353
8357,16714,25071,33428,41785,50142,58499,66856,75213,83570,91927,100284,108641,116998,125355,133712,142069,150426,158783,167140,table-of-8357,8356,/table-of-8356,8355,/table-of-8355,8354,/table-of-8354
8358,16716,25074,33432,41790,50148,58506,66864,75222,83580,91938,100296,108654,117012,125370,133728,142086,150444,158802,167160,table-of-8358,8357,/table-of-8357,8356,/table-of-8356,8355,/table-of-8355
8359,16718,25077,33436,41795,50154,58513,66872,75231,83590,91949,100308,108667,117026,125385,133744,142103,150462,158821,167180,table-of-8359,8358,/table-of-8358,8357,/table-of-8357,8356,/table-of-8356
8360,16720,25080,33440,41800,50160,58520,66880,75240,83600,91960,100320,108680,117040,125400,133760,142120,150480,158840,167200,table-of-8360,8359,/table-of-8359,8358,/table-of-8358,8357,/table-of-8357
8361,16722,25083,33444,41805,50166,58527,66888,75249,83610,91971,100332,108693,117054,125415,133776,142137,150498,158859,167220,table-of-8361,8360,/table-of-8360,8359,/table-of-8359,8358,/table-of-8358
8362,16724,25086,33448,41810,50172,58534,66896,75258,83620,91982,100344,108706,117068,125430,133792,142154,150516,158878,167240,table-of-8362,8361,/table-of-8361,8360,/table-of-8360,8359,/table-of-8359
8363,16726,25089,33452,41815,50178,58541,66904,75267,83630,91993,100356,108719,117082,125445,133808,142171,150534,158897,167260,table-of-8363,8362,/table-of-8362,8361,/table-of-8361,8360,/table-of-8360
8364,16728,25092,33456,41820,50184,58548,66912,75276,83640,92004,100368,108732,117096,125460,133824,142188,150552,158916,167280,table-of-8364,8363,/table-of-8363,8362,/table-of-8362,8361,/table-of-8361
8365,16730,25095,33460,41825,50190,58555,66920,75285,83650,92015,100380,108745,117110,125475,133840,142205,150570,158935,167300,table-of-8365,8364,/table-of-8364,8363,/table-of-8363,8362,/table-of-8362
8366,16732,25098,33464,41830,50196,58562,66928,75294,83660,92026,100392,108758,117124,125490,133856,142222,150588,158954,167320,table-of-8366,8365,/table-of-8365,8364,/table-of-8364,8363,/table-of-8363
8367,16734,25101,33468,41835,50202,58569,66936,75303,83670,92037,100404,108771,117138,125505,133872,142239,150606,158973,167340,table-of-8367,8366,/table-of-8366,8365,/table-of-8365,8364,/table-of-8364
8368,16736,25104,33472,41840,50208,58576,66944,75312,83680,92048,100416,108784,117152,125520,133888,142256,150624,158992,167360,table-of-8368,8367,/table-of-8367,8366,/table-of-8366,8365,/table-of-8365
8369,16738,25107,33476,41845,50214,58583,66952,75321,83690,92059,100428,108797,117166,125535,133904,142273,150642,159011,167380,table-of-8369,8368,/table-of-8368,8367,/table-of-8367,8366,/table-of-8366
8370,16740,25110,33480,41850,50220,58590,66960,75330,83700,92070,100440,108810,117180,125550,133920,142290,150660,159030,167400,table-of-8370,8369,/table-of-8369,8368,/table-of-8368,8367,/table-of-8367
8371,16742,25113,33484,41855,50226,58597,66968,75339,83710,92081,100452,108823,117194,125565,133936,142307,150678,159049,167420,table-of-8371,8370,/table-of-8370,8369,/table-of-8369,8368,/table-of-8368
8372,16744,25116,33488,41860,50232,58604,66976,75348,83720,92092,100464,108836,117208,125580,133952,142324,150696,159068,167440,table-of-8372,8371,/table-of-8371,8370,/table-of-8370,8369,/table-of-8369
8373,16746,25119,33492,41865,50238,58611,66984,75357,83730,92103,100476,108849,117222,125595,133968,142341,150714,159087,167460,table-of-8373,8372,/table-of-8372,8371,/table-of-8371,8370,/table-of-8370
8374,16748,25122,33496,41870,50244,58618,66992,75366,83740,92114,100488,108862,117236,125610,133984,142358,150732,159106,167480,table-of-8374,8373,/table-of-8373,8372,/table-of-8372,8371,/table-of-8371
8375,16750,25125,33500,41875,50250,58625,67000,75375,83750,92125,100500,108875,117250,125625,134000,142375,150750,159125,167500,table-of-8375,8374,/table-of-8374,8373,/table-of-8373,8372,/table-of-8372
8376,16752,25128,33504,41880,50256,58632,67008,75384,83760,92136,100512,108888,117264,125640,134016,142392,150768,159144,167520,table-of-8376,8375,/table-of-8375,8374,/table-of-8374,8373,/table-of-8373
8377,16754,25131,33508,41885,50262,58639,67016,75393,83770,92147,100524,108901,117278,125655,134032,142409,150786,159163,167540,table-of-8377,8376,/table-of-8376,8375,/table-of-8375,8374,/table-of-8374
8378,16756,25134,33512,41890,50268,58646,67024,75402,83780,92158,100536,108914,117292,125670,134048,142426,150804,159182,167560,table-of-8378,8377,/table-of-8377,8376,/table-of-8376,8375,/table-of-8375
8379,16758,25137,33516,41895,50274,58653,67032,75411,83790,92169,100548,108927,117306,125685,134064,142443,150822,159201,167580,table-of-8379,8378,/table-of-8378,8377,/table-of-8377,8376,/table-of-8376
8380,16760,25140,33520,41900,50280,58660,67040,75420,83800,92180,100560,108940,117320,125700,134080,142460,150840,159220,167600,table-of-8380,8379,/table-of-8379,8378,/table-of-8378,8377,/table-of-8377
8381,16762,25143,33524,41905,50286,58667,67048,75429,83810,92191,100572,108953,117334,125715,134096,142477,150858,159239,167620,table-of-8381,8380,/table-of-8380,8379,/table-of-8379,8378,/table-of-8378
8382,16764,25146,33528,41910,50292,58674,67056,75438,83820,92202,100584,108966,117348,125730,134112,142494,150876,159258,167640,table-of-8382,8381,/table-of-8381,8380,/table-of-8380,8379,/table-of-8379
8383,16766,25149,33532,41915,50298,58681,67064,75447,83830,92213,100596,108979,117362,125745,134128,142511,150894,159277,167660,table-of-8383,8382,/table-of-8382,8381,/table-of-8381,8380,/table-of-8380
8384,16768,25152,33536,41920,50304,58688,67072,75456,83840,92224,100608,108992,117376,125760,134144,142528,150912,159296,167680,table-of-8384,8383,/table-of-8383,8382,/table-of-8382,8381,/table-of-8381
8385,16770,25155,33540,41925,50310,58695,67080,75465,83850,92235,100620,109005,117390,125775,134160,142545,150930,159315,167700,table-of-8385,8384,/table-of-8384,8383,/table-of-8383,8382,/table-of-8382
8386,16772,25158,33544,41930,50316,58702,67088,75474,83860,92246,100632,109018,117404,125790,134176,142562,150948,159334,167720,table-of-8386,8385,/table-of-8385,8384,/table-of-8384,8383,/table-of-8383
8387,16774,25161,33548,41935,50322,58709,67096,75483,83870,92257,100644,109031,117418,125805,134192,142579,150966,159353,167740,table-of-8387,8386,/table-of-8386,8385,/table-of-8385,8384,/table-of-8384
8388,16776,25164,33552,41940,50328,58716,67104,75492,83880,92268,100656,109044,117432,125820,134208,142596,150984,159372,167760,table-of-8388,8387,/table-of-8387,8386,/table-of-8386,8385,/table-of-8385
8389,16778,25167,33556,41945,50334,58723,67112,75501,83890,92279,100668,109057,117446,125835,134224,142613,151002,159391,167780,table-of-8389,8388,/table-of-8388,8387,/table-of-8387,8386,/table-of-8386
8390,16780,25170,33560,41950,50340,58730,67120,75510,83900,92290,100680,109070,117460,125850,134240,142630,151020,159410,167800,table-of-8390,8389,/table-of-8389,8388,/table-of-8388,8387,/table-of-8387
8391,16782,25173,33564,41955,50346,58737,67128,75519,83910,92301,100692,109083,117474,125865,134256,142647,151038,159429,167820,table-of-8391,8390,/table-of-8390,8389,/table-of-8389,8388,/table-of-8388
8392,16784,25176,33568,41960,50352,58744,67136,75528,83920,92312,100704,109096,117488,125880,134272,142664,151056,159448,167840,table-of-8392,8391,/table-of-8391,8390,/table-of-8390,8389,/table-of-8389
8393,16786,25179,33572,41965,50358,58751,67144,75537,83930,92323,100716,109109,117502,125895,134288,142681,151074,159467,167860,table-of-8393,8392,/table-of-8392,8391,/table-of-8391,8390,/table-of-8390
8394,16788,25182,33576,41970,50364,58758,67152,75546,83940,92334,100728,109122,117516,125910,134304,142698,151092,159486,167880,table-of-8394,8393,/table-of-8393,8392,/table-of-8392,8391,/table-of-8391
8395,16790,25185,33580,41975,50370,58765,67160,75555,83950,92345,100740,109135,117530,125925,134320,142715,151110,159505,167900,table-of-8395,8394,/table-of-8394,8393,/table-of-8393,8392,/table-of-8392
8396,16792,25188,33584,41980,50376,58772,67168,75564,83960,92356,100752,109148,117544,125940,134336,142732,151128,159524,167920,table-of-8396,8395,/table-of-8395,8394,/table-of-8394,8393,/table-of-8393
8397,16794,25191,33588,41985,50382,58779,67176,75573,83970,92367,100764,109161,117558,125955,134352,142749,151146,159543,167940,table-of-8397,8396,/table-of-8396,8395,/table-of-8395,8394,/table-of-8394
8398,16796,25194,33592,41990,50388,58786,67184,75582,83980,92378,100776,109174,117572,125970,134368,142766,151164,159562,167960,table-of-8398,8397,/table-of-8397,8396,/table-of-8396,8395,/table-of-8395
8399,16798,25197,33596,41995,50394,58793,67192,75591,83990,92389,100788,109187,117586,125985,134384,142783,151182,159581,167980,table-of-8399,8398,/table-of-8398,8397,/table-of-8397,8396,/table-of-8396
8400,16800,25200,33600,42000,50400,58800,67200,75600,84000,92400,100800,109200,117600,126000,134400,142800,151200,159600,168000,table-of-8400,8399,/table-of-8399,8398,/table-of-8398,8397,/table-of-8397
8401,16802,25203,33604,42005,50406,58807,67208,75609,84010,92411,100812,109213,117614,126015,134416,142817,151218,159619,168020,table-of-8401,8400,/table-of-8400,8399,/table-of-8399,8398,/table-of-8398
8402,16804,25206,33608,42010,50412,58814,67216,75618,84020,92422,100824,109226,117628,126030,134432,142834,151236,159638,168040,table-of-8402,8401,/table-of-8401,8400,/table-of-8400,8399,/table-of-8399
8403,16806,25209,33612,42015,50418,58821,67224,75627,84030,92433,100836,109239,117642,126045,134448,142851,151254,159657,168060,table-of-8403,8402,/table-of-8402,8401,/table-of-8401,8400,/table-of-8400
8404,16808,25212,33616,42020,50424,58828,67232,75636,84040,92444,100848,109252,117656,126060,134464,142868,151272,159676,168080,table-of-8404,8403,/table-of-8403,8402,/table-of-8402,8401,/table-of-8401
8405,16810,25215,33620,42025,50430,58835,67240,75645,84050,92455,100860,109265,117670,126075,134480,142885,151290,159695,168100,table-of-8405,8404,/table-of-8404,8403,/table-of-8403,8402,/table-of-8402
8406,16812,25218,33624,42030,50436,58842,67248,75654,84060,92466,100872,109278,117684,126090,134496,142902,151308,159714,168120,table-of-8406,8405,/table-of-8405,8404,/table-of-8404,8403,/table-of-8403
8407,16814,25221,33628,42035,50442,58849,67256,75663,84070,92477,100884,109291,117698,126105,134512,142919,151326,159733,168140,table-of-8407,8406,/table-of-8406,8405,/table-of-8405,8404,/table-of-8404
8408,16816,25224,33632,42040,50448,58856,67264,75672,84080,92488,100896,109304,117712,126120,134528,142936,151344,159752,168160,table-of-8408,8407,/table-of-8407,8406,/table-of-8406,8405,/table-of-8405
8409,16818,25227,33636,42045,50454,58863,67272,75681,84090,92499,100908,109317,117726,126135,134544,142953,151362,159771,168180,table-of-8409,8408,/table-of-8408,8407,/table-of-8407,8406,/table-of-8406
8410,16820,25230,33640,42050,50460,58870,67280,75690,84100,92510,100920,109330,117740,126150,134560,142970,151380,159790,168200,table-of-8410,8409,/table-of-8409,8408,/table-of-8408,8407,/table-of-8407
8411,16822,25233,33644,42055,50466,58877,67288,75699,84110,92521,100932,109343,117754,126165,134576,142987,151398,159809,168220,table-of-8411,8410,/table-of-8410,8409,/table-of-8409,8408,/table-of-8408
8412,16824,25236,33648,42060,50472,58884,67296,75708,84120,92532,100944,109356,117768,126180,134592,143004,151416,159828,168240,table-of-8412,8411,/table-of-8411,8410,/table-of-8410,8409,/table-of-8409
8413,16826,25239,33652,42065,50478,58891,67304,75717,84130,92543,100956,109369,117782,126195,134608,143021,151434,159847,168260,table-of-8413,8412,/table-of-8412,8411,/table-of-8411,8410,/table-of-8410
8414,16828,25242,33656,42070,50484,58898,67312,75726,84140,92554,100968,109382,117796,126210,134624,143038,151452,159866,168280,table-of-8414,8413,/table-of-8413,8412,/table-of-8412,8411,/table-of-8411
8415,16830,25245,33660,42075,50490,58905,67320,75735,84150,92565,100980,109395,117810,126225,134640,143055,151470,159885,168300,table-of-8415,8414,/table-of-8414,8413,/table-of-8413,8412,/table-of-8412
8416,16832,25248,33664,42080,50496,58912,67328,75744,84160,92576,100992,109408,117824,126240,134656,143072,151488,159904,168320,table-of-8416,8415,/table-of-8415,8414,/table-of-8414,8413,/table-of-8413
8417,16834,25251,33668,42085,50502,58919,67336,75753,84170,92587,101004,109421,117838,126255,134672,143089,151506,159923,168340,table-of-8417,8416,/table-of-8416,8415,/table-of-8415,8414,/table-of-8414
8418,16836,25254,33672,42090,50508,58926,67344,75762,84180,92598,101016,109434,117852,126270,134688,143106,151524,159942,168360,table-of-8418,8417,/table-of-8417,8416,/table-of-8416,8415,/table-of-8415
8419,16838,25257,33676,42095,50514,58933,67352,75771,84190,92609,101028,109447,117866,126285,134704,143123,151542,159961,168380,table-of-8419,8418,/table-of-8418,8417,/table-of-8417,8416,/table-of-8416
8420,16840,25260,33680,42100,50520,58940,67360,75780,84200,92620,101040,109460,117880,126300,134720,143140,151560,159980,168400,table-of-8420,8419,/table-of-8419,8418,/table-of-8418,8417,/table-of-8417
8421,16842,25263,33684,42105,50526,58947,67368,75789,84210,92631,101052,109473,117894,126315,134736,143157,151578,159999,168420,table-of-8421,8420,/table-of-8420,8419,/table-of-8419,8418,/table-of-8418
8422,16844,25266,33688,42110,50532,58954,67376,75798,84220,92642,101064,109486,117908,126330,134752,143174,151596,160018,168440,table-of-8422,8421,/table-of-8421,8420,/table-of-8420,8419,/table-of-8419
8423,16846,25269,33692,42115,50538,58961,67384,75807,84230,92653,101076,109499,117922,126345,134768,143191,151614,160037,168460,table-of-8423,8422,/table-of-8422,8421,/table-of-8421,8420,/table-of-8420
8424,16848,25272,33696,42120,50544,58968,67392,75816,84240,92664,101088,109512,117936,126360,134784,143208,151632,160056,168480,table-of-8424,8423,/table-of-8423,8422,/table-of-8422,8421,/table-of-8421
8425,16850,25275,33700,42125,50550,58975,67400,75825,84250,92675,101100,109525,117950,126375,134800,143225,151650,160075,168500,table-of-8425,8424,/table-of-8424,8423,/table-of-8423,8422,/table-of-8422
8426,16852,25278,33704,42130,50556,58982,67408,75834,84260,92686,101112,109538,117964,126390,134816,143242,151668,160094,168520,table-of-8426,8425,/table-of-8425,8424,/table-of-8424,8423,/table-of-8423
8427,16854,25281,33708,42135,50562,58989,67416,75843,84270,92697,101124,109551,117978,126405,134832,143259,151686,160113,168540,table-of-8427,8426,/table-of-8426,8425,/table-of-8425,8424,/table-of-8424
8428,16856,25284,33712,42140,50568,58996,67424,75852,84280,92708,101136,109564,117992,126420,134848,143276,151704,160132,168560,table-of-8428,8427,/table-of-8427,8426,/table-of-8426,8425,/table-of-8425
8429,16858,25287,33716,42145,50574,59003,67432,75861,84290,92719,101148,109577,118006,126435,134864,143293,151722,160151,168580,table-of-8429,8428,/table-of-8428,8427,/table-of-8427,8426,/table-of-8426
8430,16860,25290,33720,42150,50580,59010,67440,75870,84300,92730,101160,109590,118020,126450,134880,143310,151740,160170,168600,table-of-8430,8429,/table-of-8429,8428,/table-of-8428,8427,/table-of-8427
8431,16862,25293,33724,42155,50586,59017,67448,75879,84310,92741,101172,109603,118034,126465,134896,143327,151758,160189,168620,table-of-8431,8430,/table-of-8430,8429,/table-of-8429,8428,/table-of-8428
8432,16864,25296,33728,42160,50592,59024,67456,75888,84320,92752,101184,109616,118048,126480,134912,143344,151776,160208,168640,table-of-8432,8431,/table-of-8431,8430,/table-of-8430,8429,/table-of-8429
8433,16866,25299,33732,42165,50598,59031,67464,75897,84330,92763,101196,109629,118062,126495,134928,143361,151794,160227,168660,table-of-8433,8432,/table-of-8432,8431,/table-of-8431,8430,/table-of-8430
8434,16868,25302,33736,42170,50604,59038,67472,75906,84340,92774,101208,109642,118076,126510,134944,143378,151812,160246,168680,table-of-8434,8433,/table-of-8433,8432,/table-of-8432,8431,/table-of-8431
8435,16870,25305,33740,42175,50610,59045,67480,75915,84350,92785,101220,109655,118090,126525,134960,143395,151830,160265,168700,table-of-8435,8434,/table-of-8434,8433,/table-of-8433,8432,/table-of-8432
8436,16872,25308,33744,42180,50616,59052,67488,75924,84360,92796,101232,109668,118104,126540,134976,143412,151848,160284,168720,table-of-8436,8435,/table-of-8435,8434,/table-of-8434,8433,/table-of-8433
8437,16874,25311,33748,42185,50622,59059,67496,75933,84370,92807,101244,109681,118118,126555,134992,143429,151866,160303,168740,table-of-8437,8436,/table-of-8436,8435,/table-of-8435,8434,/table-of-8434
8438,16876,25314,33752,42190,50628,59066,67504,75942,84380,92818,101256,109694,118132,126570,135008,143446,151884,160322,168760,table-of-8438,8437,/table-of-8437,8436,/table-of-8436,8435,/table-of-8435
8439,16878,25317,33756,42195,50634,59073,67512,75951,84390,92829,101268,109707,118146,126585,135024,143463,151902,160341,168780,table-of-8439,8438,/table-of-8438,8437,/table-of-8437,8436,/table-of-8436
8440,16880,25320,33760,42200,50640,59080,67520,75960,84400,92840,101280,109720,118160,126600,135040,143480,151920,160360,168800,table-of-8440,8439,/table-of-8439,8438,/table-of-8438,8437,/table-of-8437
8441,16882,25323,33764,42205,50646,59087,67528,75969,84410,92851,101292,109733,118174,126615,135056,143497,151938,160379,168820,table-of-8441,8440,/table-of-8440,8439,/table-of-8439,8438,/table-of-8438
8442,16884,25326,33768,42210,50652,59094,67536,75978,84420,92862,101304,109746,118188,126630,135072,143514,151956,160398,168840,table-of-8442,8441,/table-of-8441,8440,/table-of-8440,8439,/table-of-8439
8443,16886,25329,33772,42215,50658,59101,67544,75987,84430,92873,101316,109759,118202,126645,135088,143531,151974,160417,168860,table-of-8443,8442,/table-of-8442,8441,/table-of-8441,8440,/table-of-8440
8444,16888,25332,33776,42220,50664,59108,67552,75996,84440,92884,101328,109772,118216,126660,135104,143548,151992,160436,168880,table-of-8444,8443,/table-of-8443,8442,/table-of-8442,8441,/table-of-8441
8445,16890,25335,33780,42225,50670,59115,67560,76005,84450,92895,101340,109785,118230,126675,135120,143565,152010,160455,168900,table-of-8445,8444,/table-of-8444,8443,/table-of-8443,8442,/table-of-8442
8446,16892,25338,33784,42230,50676,59122,67568,76014,84460,92906,101352,109798,118244,126690,135136,143582,152028,160474,168920,table-of-8446,8445,/table-of-8445,8444,/table-of-8444,8443,/table-of-8443
8447,16894,25341,33788,42235,50682,59129,67576,76023,84470,92917,101364,109811,118258,126705,135152,143599,152046,160493,168940,table-of-8447,8446,/table-of-8446,8445,/table-of-8445,8444,/table-of-8444
8448,16896,25344,33792,42240,50688,59136,67584,76032,84480,92928,101376,109824,118272,126720,135168,143616,152064,160512,168960,table-of-8448,8447,/table-of-8447,8446,/table-of-8446,8445,/table-of-8445
8449,16898,25347,33796,42245,50694,59143,67592,76041,84490,92939,101388,109837,118286,126735,135184,143633,152082,160531,168980,table-of-8449,8448,/table-of-8448,8447,/table-of-8447,8446,/table-of-8446
8450,16900,25350,33800,42250,50700,59150,67600,76050,84500,92950,101400,109850,118300,126750,135200,143650,152100,160550,169000,table-of-8450,8449,/table-of-8449,8448,/table-of-8448,8447,/table-of-8447
8451,16902,25353,33804,42255,50706,59157,67608,76059,84510,92961,101412,109863,118314,126765,135216,143667,152118,160569,169020,table-of-8451,8450,/table-of-8450,8449,/table-of-8449,8448,/table-of-8448
8452,16904,25356,33808,42260,50712,59164,67616,76068,84520,92972,101424,109876,118328,126780,135232,143684,152136,160588,169040,table-of-8452,8451,/table-of-8451,8450,/table-of-8450,8449,/table-of-8449
8453,16906,25359,33812,42265,50718,59171,67624,76077,84530,92983,101436,109889,118342,126795,135248,143701,152154,160607,169060,table-of-8453,8452,/table-of-8452,8451,/table-of-8451,8450,/table-of-8450
8454,16908,25362,33816,42270,50724,59178,67632,76086,84540,92994,101448,109902,118356,126810,135264,143718,152172,160626,169080,table-of-8454,8453,/table-of-8453,8452,/table-of-8452,8451,/table-of-8451
8455,16910,25365,33820,42275,50730,59185,67640,76095,84550,93005,101460,109915,118370,126825,135280,143735,152190,160645,169100,table-of-8455,8454,/table-of-8454,8453,/table-of-8453,8452,/table-of-8452
8456,16912,25368,33824,42280,50736,59192,67648,76104,84560,93016,101472,109928,118384,126840,135296,143752,152208,160664,169120,table-of-8456,8455,/table-of-8455,8454,/table-of-8454,8453,/table-of-8453
8457,16914,25371,33828,42285,50742,59199,67656,76113,84570,93027,101484,109941,118398,126855,135312,143769,152226,160683,169140,table-of-8457,8456,/table-of-8456,8455,/table-of-8455,8454,/table-of-8454
8458,16916,25374,33832,42290,50748,59206,67664,76122,84580,93038,101496,109954,118412,126870,135328,143786,152244,160702,169160,table-of-8458,8457,/table-of-8457,8456,/table-of-8456,8455,/table-of-8455
8459,16918,25377,33836,42295,50754,59213,67672,76131,84590,93049,101508,109967,118426,126885,135344,143803,152262,160721,169180,table-of-8459,8458,/table-of-8458,8457,/table-of-8457,8456,/table-of-8456
8460,16920,25380,33840,42300,50760,59220,67680,76140,84600,93060,101520,109980,118440,126900,135360,143820,152280,160740,169200,table-of-8460,8459,/table-of-8459,8458,/table-of-8458,8457,/table-of-8457
8461,16922,25383,33844,42305,50766,59227,67688,76149,84610,93071,101532,109993,118454,126915,135376,143837,152298,160759,169220,table-of-8461,8460,/table-of-8460,8459,/table-of-8459,8458,/table-of-8458
8462,16924,25386,33848,42310,50772,59234,67696,76158,84620,93082,101544,110006,118468,126930,135392,143854,152316,160778,169240,table-of-8462,8461,/table-of-8461,8460,/table-of-8460,8459,/table-of-8459
8463,16926,25389,33852,42315,50778,59241,67704,76167,84630,93093,101556,110019,118482,126945,135408,143871,152334,160797,169260,table-of-8463,8462,/table-of-8462,8461,/table-of-8461,8460,/table-of-8460
8464,16928,25392,33856,42320,50784,59248,67712,76176,84640,93104,101568,110032,118496,126960,135424,143888,152352,160816,169280,table-of-8464,8463,/table-of-8463,8462,/table-of-8462,8461,/table-of-8461
8465,16930,25395,33860,42325,50790,59255,67720,76185,84650,93115,101580,110045,118510,126975,135440,143905,152370,160835,169300,table-of-8465,8464,/table-of-8464,8463,/table-of-8463,8462,/table-of-8462
8466,16932,25398,33864,42330,50796,59262,67728,76194,84660,93126,101592,110058,118524,126990,135456,143922,152388,160854,169320,table-of-8466,8465,/table-of-8465,8464,/table-of-8464,8463,/table-of-8463
8467,16934,25401,33868,42335,50802,59269,67736,76203,84670,93137,101604,110071,118538,127005,135472,143939,152406,160873,169340,table-of-8467,8466,/table-of-8466,8465,/table-of-8465,8464,/table-of-8464
8468,16936,25404,33872,42340,50808,59276,67744,76212,84680,93148,101616,110084,118552,127020,135488,143956,152424,160892,169360,table-of-8468,8467,/table-of-8467,8466,/table-of-8466,8465,/table-of-8465
8469,16938,25407,33876,42345,50814,59283,67752,76221,84690,93159,101628,110097,118566,127035,135504,143973,152442,160911,169380,table-of-8469,8468,/table-of-8468,8467,/table-of-8467,8466,/table-of-8466
8470,16940,25410,33880,42350,50820,59290,67760,76230,84700,93170,101640,110110,118580,127050,135520,143990,152460,160930,169400,table-of-8470,8469,/table-of-8469,8468,/table-of-8468,8467,/table-of-8467
8471,16942,25413,33884,42355,50826,59297,67768,76239,84710,93181,101652,110123,118594,127065,135536,144007,152478,160949,169420,table-of-8471,8470,/table-of-8470,8469,/table-of-8469,8468,/table-of-8468
8472,16944,25416,33888,42360,50832,59304,67776,76248,84720,93192,101664,110136,118608,127080,135552,144024,152496,160968,169440,table-of-8472,8471,/table-of-8471,8470,/table-of-8470,8469,/table-of-8469
8473,16946,25419,33892,42365,50838,59311,67784,76257,84730,93203,101676,110149,118622,127095,135568,144041,152514,160987,169460,table-of-8473,8472,/table-of-8472,8471,/table-of-8471,8470,/table-of-8470
8474,16948,25422,33896,42370,50844,59318,67792,76266,84740,93214,101688,110162,118636,127110,135584,144058,152532,161006,169480,table-of-8474,8473,/table-of-8473,8472,/table-of-8472,8471,/table-of-8471
8475,16950,25425,33900,42375,50850,59325,67800,76275,84750,93225,101700,110175,118650,127125,135600,144075,152550,161025,169500,table-of-8475,8474,/table-of-8474,8473,/table-of-8473,8472,/table-of-8472
8476,16952,25428,33904,42380,50856,59332,67808,76284,84760,93236,101712,110188,118664,127140,135616,144092,152568,161044,169520,table-of-8476,8475,/table-of-8475,8474,/table-of-8474,8473,/table-of-8473
8477,16954,25431,33908,42385,50862,59339,67816,76293,84770,93247,101724,110201,118678,127155,135632,144109,152586,161063,169540,table-of-8477,8476,/table-of-8476,8475,/table-of-8475,8474,/table-of-8474
8478,16956,25434,33912,42390,50868,59346,67824,76302,84780,93258,101736,110214,118692,127170,135648,144126,152604,161082,169560,table-of-8478,8477,/table-of-8477,8476,/table-of-8476,8475,/table-of-8475
8479,16958,25437,33916,42395,50874,59353,67832,76311,84790,93269,101748,110227,118706,127185,135664,144143,152622,161101,169580,table-of-8479,8478,/table-of-8478,8477,/table-of-8477,8476,/table-of-8476
8480,16960,25440,33920,42400,50880,59360,67840,76320,84800,93280,101760,110240,118720,127200,135680,144160,152640,161120,169600,table-of-8480,8479,/table-of-8479,8478,/table-of-8478,8477,/table-of-8477
8481,16962,25443,33924,42405,50886,59367,67848,76329,84810,93291,101772,110253,118734,127215,135696,144177,152658,161139,169620,table-of-8481,8480,/table-of-8480,8479,/table-of-8479,8478,/table-of-8478
8482,16964,25446,33928,42410,50892,59374,67856,76338,84820,93302,101784,110266,118748,127230,135712,144194,152676,161158,169640,table-of-8482,8481,/table-of-8481,8480,/table-of-8480,8479,/table-of-8479
8483,16966,25449,33932,42415,50898,59381,67864,76347,84830,93313,101796,110279,118762,127245,135728,144211,152694,161177,169660,table-of-8483,8482,/table-of-8482,8481,/table-of-8481,8480,/table-of-8480
8484,16968,25452,33936,42420,50904,59388,67872,76356,84840,93324,101808,110292,118776,127260,135744,144228,152712,161196,169680,table-of-8484,8483,/table-of-8483,8482,/table-of-8482,8481,/table-of-8481
8485,16970,25455,33940,42425,50910,59395,67880,76365,84850,93335,101820,110305,118790,127275,135760,144245,152730,161215,169700,table-of-8485,8484,/table-of-8484,8483,/table-of-8483,8482,/table-of-8482
8486,16972,25458,33944,42430,50916,59402,67888,76374,84860,93346,101832,110318,118804,127290,135776,144262,152748,161234,169720,table-of-8486,8485,/table-of-8485,8484,/table-of-8484,8483,/table-of-8483
8487,16974,25461,33948,42435,50922,59409,67896,76383,84870,93357,101844,110331,118818,127305,135792,144279,152766,161253,169740,table-of-8487,8486,/table-of-8486,8485,/table-of-8485,8484,/table-of-8484
8488,16976,25464,33952,42440,50928,59416,67904,76392,84880,93368,101856,110344,118832,127320,135808,144296,152784,161272,169760,table-of-8488,8487,/table-of-8487,8486,/table-of-8486,8485,/table-of-8485
8489,16978,25467,33956,42445,50934,59423,67912,76401,84890,93379,101868,110357,118846,127335,135824,144313,152802,161291,169780,table-of-8489,8488,/table-of-8488,8487,/table-of-8487,8486,/table-of-8486
8490,16980,25470,33960,42450,50940,59430,67920,76410,84900,93390,101880,110370,118860,127350,135840,144330,152820,161310,169800,table-of-8490,8489,/table-of-8489,8488,/table-of-8488,8487,/table-of-8487
8491,16982,25473,33964,42455,50946,59437,67928,76419,84910,93401,101892,110383,118874,127365,135856,144347,152838,161329,169820,table-of-8491,8490,/table-of-8490,8489,/table-of-8489,8488,/table-of-8488
8492,16984,25476,33968,42460,50952,59444,67936,76428,84920,93412,101904,110396,118888,127380,135872,144364,152856,161348,169840,table-of-8492,8491,/table-of-8491,8490,/table-of-8490,8489,/table-of-8489
8493,16986,25479,33972,42465,50958,59451,67944,76437,84930,93423,101916,110409,118902,127395,135888,144381,152874,161367,169860,table-of-8493,8492,/table-of-8492,8491,/table-of-8491,8490,/table-of-8490
8494,16988,25482,33976,42470,50964,59458,67952,76446,84940,93434,101928,110422,118916,127410,135904,144398,152892,161386,169880,table-of-8494,8493,/table-of-8493,8492,/table-of-8492,8491,/table-of-8491
8495,16990,25485,33980,42475,50970,59465,67960,76455,84950,93445,101940,110435,118930,127425,135920,144415,152910,161405,169900,table-of-8495,8494,/table-of-8494,8493,/table-of-8493,8492,/table-of-8492
8496,16992,25488,33984,42480,50976,59472,67968,76464,84960,93456,101952,110448,118944,127440,135936,144432,152928,161424,169920,table-of-8496,8495,/table-of-8495,8494,/table-of-8494,8493,/table-of-8493
8497,16994,25491,33988,42485,50982,59479,67976,76473,84970,93467,101964,110461,118958,127455,135952,144449,152946,161443,169940,table-of-8497,8496,/table-of-8496,8495,/table-of-8495,8494,/table-of-8494
8498,16996,25494,33992,42490,50988,59486,67984,76482,84980,93478,101976,110474,118972,127470,135968,144466,152964,161462,169960,table-of-8498,8497,/table-of-8497,8496,/table-of-8496,8495,/table-of-8495
8499,16998,25497,33996,42495,50994,59493,67992,76491,84990,93489,101988,110487,118986,127485,135984,144483,152982,161481,169980,table-of-8499,8498,/table-of-8498,8497,/table-of-8497,8496,/table-of-8496
8500,17000,25500,34000,42500,51000,59500,68000,76500,85000,93500,102000,110500,119000,127500,136000,144500,153000,161500,170000,table-of-8500,8499,/table-of-8499,8498,/table-of-8498,8497,/table-of-8497
8501,17002,25503,34004,42505,51006,59507,68008,76509,85010,93511,102012,110513,119014,127515,136016,144517,153018,161519,170020,table-of-8501,8500,/table-of-8500,8499,/table-of-8499,8498,/table-of-8498
8502,17004,25506,34008,42510,51012,59514,68016,76518,85020,93522,102024,110526,119028,127530,136032,144534,153036,161538,170040,table-of-8502,8501,/table-of-8501,8500,/table-of-8500,8499,/table-of-8499
8503,17006,25509,34012,42515,51018,59521,68024,76527,85030,93533,102036,110539,119042,127545,136048,144551,153054,161557,170060,table-of-8503,8502,/table-of-8502,8501,/table-of-8501,8500,/table-of-8500
8504,17008,25512,34016,42520,51024,59528,68032,76536,85040,93544,102048,110552,119056,127560,136064,144568,153072,161576,170080,table-of-8504,8503,/table-of-8503,8502,/table-of-8502,8501,/table-of-8501
8505,17010,25515,34020,42525,51030,59535,68040,76545,85050,93555,102060,110565,119070,127575,136080,144585,153090,161595,170100,table-of-8505,8504,/table-of-8504,8503,/table-of-8503,8502,/table-of-8502
8506,17012,25518,34024,42530,51036,59542,68048,76554,85060,93566,102072,110578,119084,127590,136096,144602,153108,161614,170120,table-of-8506,8505,/table-of-8505,8504,/table-of-8504,8503,/table-of-8503
8507,17014,25521,34028,42535,51042,59549,68056,76563,85070,93577,102084,110591,119098,127605,136112,144619,153126,161633,170140,table-of-8507,8506,/table-of-8506,8505,/table-of-8505,8504,/table-of-8504
8508,17016,25524,34032,42540,51048,59556,68064,76572,85080,93588,102096,110604,119112,127620,136128,144636,153144,161652,170160,table-of-8508,8507,/table-of-8507,8506,/table-of-8506,8505,/table-of-8505
8509,17018,25527,34036,42545,51054,59563,68072,76581,85090,93599,102108,110617,119126,127635,136144,144653,153162,161671,170180,table-of-8509,8508,/table-of-8508,8507,/table-of-8507,8506,/table-of-8506
8510,17020,25530,34040,42550,51060,59570,68080,76590,85100,93610,102120,110630,119140,127650,136160,144670,153180,161690,170200,table-of-8510,8509,/table-of-8509,8508,/table-of-8508,8507,/table-of-8507
8511,17022,25533,34044,42555,51066,59577,68088,76599,85110,93621,102132,110643,119154,127665,136176,144687,153198,161709,170220,table-of-8511,8510,/table-of-8510,8509,/table-of-8509,8508,/table-of-8508
8512,17024,25536,34048,42560,51072,59584,68096,76608,85120,93632,102144,110656,119168,127680,136192,144704,153216,161728,170240,table-of-8512,8511,/table-of-8511,8510,/table-of-8510,8509,/table-of-8509
8513,17026,25539,34052,42565,51078,59591,68104,76617,85130,93643,102156,110669,119182,127695,136208,144721,153234,161747,170260,table-of-8513,8512,/table-of-8512,8511,/table-of-8511,8510,/table-of-8510
8514,17028,25542,34056,42570,51084,59598,68112,76626,85140,93654,102168,110682,119196,127710,136224,144738,153252,161766,170280,table-of-8514,8513,/table-of-8513,8512,/table-of-8512,8511,/table-of-8511
8515,17030,25545,34060,42575,51090,59605,68120,76635,85150,93665,102180,110695,119210,127725,136240,144755,153270,161785,170300,table-of-8515,8514,/table-of-8514,8513,/table-of-8513,8512,/table-of-8512
8516,17032,25548,34064,42580,51096,59612,68128,76644,85160,93676,102192,110708,119224,127740,136256,144772,153288,161804,170320,table-of-8516,8515,/table-of-8515,8514,/table-of-8514,8513,/table-of-8513
8517,17034,25551,34068,42585,51102,59619,68136,76653,85170,93687,102204,110721,119238,127755,136272,144789,153306,161823,170340,table-of-8517,8516,/table-of-8516,8515,/table-of-8515,8514,/table-of-8514
8518,17036,25554,34072,42590,51108,59626,68144,76662,85180,93698,102216,110734,119252,127770,136288,144806,153324,161842,170360,table-of-8518,8517,/table-of-8517,8516,/table-of-8516,8515,/table-of-8515
8519,17038,25557,34076,42595,51114,59633,68152,76671,85190,93709,102228,110747,119266,127785,136304,144823,153342,161861,170380,table-of-8519,8518,/table-of-8518,8517,/table-of-8517,8516,/table-of-8516
8520,17040,25560,34080,42600,51120,59640,68160,76680,85200,93720,102240,110760,119280,127800,136320,144840,153360,161880,170400,table-of-8520,8519,/table-of-8519,8518,/table-of-8518,8517,/table-of-8517
8521,17042,25563,34084,42605,51126,59647,68168,76689,85210,93731,102252,110773,119294,127815,136336,144857,153378,161899,170420,table-of-8521,8520,/table-of-8520,8519,/table-of-8519,8518,/table-of-8518
8522,17044,25566,34088,42610,51132,59654,68176,76698,85220,93742,102264,110786,119308,127830,136352,144874,153396,161918,170440,table-of-8522,8521,/table-of-8521,8520,/table-of-8520,8519,/table-of-8519
8523,17046,25569,34092,42615,51138,59661,68184,76707,85230,93753,102276,110799,119322,127845,136368,144891,153414,161937,170460,table-of-8523,8522,/table-of-8522,8521,/table-of-8521,8520,/table-of-8520
8524,17048,25572,34096,42620,51144,59668,68192,76716,85240,93764,102288,110812,119336,127860,136384,144908,153432,161956,170480,table-of-8524,8523,/table-of-8523,8522,/table-of-8522,8521,/table-of-8521
8525,17050,25575,34100,42625,51150,59675,68200,76725,85250,93775,102300,110825,119350,127875,136400,144925,153450,161975,170500,table-of-8525,8524,/table-of-8524,8523,/table-of-8523,8522,/table-of-8522
8526,17052,25578,34104,42630,51156,59682,68208,76734,85260,93786,102312,110838,119364,127890,136416,144942,153468,161994,170520,table-of-8526,8525,/table-of-8525,8524,/table-of-8524,8523,/table-of-8523
8527,17054,25581,34108,42635,51162,59689,68216,76743,85270,93797,102324,110851,119378,127905,136432,144959,153486,162013,170540,table-of-8527,8526,/table-of-8526,8525,/table-of-8525,8524,/table-of-8524
8528,17056,25584,34112,42640,51168,59696,68224,76752,85280,93808,102336,110864,119392,127920,136448,144976,153504,162032,170560,table-of-8528,8527,/table-of-8527,8526,/table-of-8526,8525,/table-of-8525
8529,17058,25587,34116,42645,51174,59703,68232,76761,85290,93819,102348,110877,119406,127935,136464,144993,153522,162051,170580,table-of-8529,8528,/table-of-8528,8527,/table-of-8527,8526,/table-of-8526
8530,17060,25590,34120,42650,51180,59710,68240,76770,85300,93830,102360,110890,119420,127950,136480,145010,153540,162070,170600,table-of-8530,8529,/table-of-8529,8528,/table-of-8528,8527,/table-of-8527
8531,17062,25593,34124,42655,51186,59717,68248,76779,85310,93841,102372,110903,119434,127965,136496,145027,153558,162089,170620,table-of-8531,8530,/table-of-8530,8529,/table-of-8529,8528,/table-of-8528
8532,17064,25596,34128,42660,51192,59724,68256,76788,85320,93852,102384,110916,119448,127980,136512,145044,153576,162108,170640,table-of-8532,8531,/table-of-8531,8530,/table-of-8530,8529,/table-of-8529
8533,17066,25599,34132,42665,51198,59731,68264,76797,85330,93863,102396,110929,119462,127995,136528,145061,153594,162127,170660,table-of-8533,8532,/table-of-8532,8531,/table-of-8531,8530,/table-of-8530
8534,17068,25602,34136,42670,51204,59738,68272,76806,85340,93874,102408,110942,119476,128010,136544,145078,153612,162146,170680,table-of-8534,8533,/table-of-8533,8532,/table-of-8532,8531,/table-of-8531
8535,17070,25605,34140,42675,51210,59745,68280,76815,85350,93885,102420,110955,119490,128025,136560,145095,153630,162165,170700,table-of-8535,8534,/table-of-8534,8533,/table-of-8533,8532,/table-of-8532
8536,17072,25608,34144,42680,51216,59752,68288,76824,85360,93896,102432,110968,119504,128040,136576,145112,153648,162184,170720,table-of-8536,8535,/table-of-8535,8534,/table-of-8534,8533,/table-of-8533
8537,17074,25611,34148,42685,51222,59759,68296,76833,85370,93907,102444,110981,119518,128055,136592,145129,153666,162203,170740,table-of-8537,8536,/table-of-8536,8535,/table-of-8535,8534,/table-of-8534
8538,17076,25614,34152,42690,51228,59766,68304,76842,85380,93918,102456,110994,119532,128070,136608,145146,153684,162222,170760,table-of-8538,8537,/table-of-8537,8536,/table-of-8536,8535,/table-of-8535
8539,17078,25617,34156,42695,51234,59773,68312,76851,85390,93929,102468,111007,119546,128085,136624,145163,153702,162241,170780,table-of-8539,8538,/table-of-8538,8537,/table-of-8537,8536,/table-of-8536
8540,17080,25620,34160,42700,51240,59780,68320,76860,85400,93940,102480,111020,119560,128100,136640,145180,153720,162260,170800,table-of-8540,8539,/table-of-8539,8538,/table-of-8538,8537,/table-of-8537
8541,17082,25623,34164,42705,51246,59787,68328,76869,85410,93951,102492,111033,119574,128115,136656,145197,153738,162279,170820,table-of-8541,8540,/table-of-8540,8539,/table-of-8539,8538,/table-of-8538
8542,17084,25626,34168,42710,51252,59794,68336,76878,85420,93962,102504,111046,119588,128130,136672,145214,153756,162298,170840,table-of-8542,8541,/table-of-8541,8540,/table-of-8540,8539,/table-of-8539
8543,17086,25629,34172,42715,51258,59801,68344,76887,85430,93973,102516,111059,119602,128145,136688,145231,153774,162317,170860,table-of-8543,8542,/table-of-8542,8541,/table-of-8541,8540,/table-of-8540
8544,17088,25632,34176,42720,51264,59808,68352,76896,85440,93984,102528,111072,119616,128160,136704,145248,153792,162336,170880,table-of-8544,8543,/table-of-8543,8542,/table-of-8542,8541,/table-of-8541
8545,17090,25635,34180,42725,51270,59815,68360,76905,85450,93995,102540,111085,119630,128175,136720,145265,153810,162355,170900,table-of-8545,8544,/table-of-8544,8543,/table-of-8543,8542,/table-of-8542
8546,17092,25638,34184,42730,51276,59822,68368,76914,85460,94006,102552,111098,119644,128190,136736,145282,153828,162374,170920,table-of-8546,8545,/table-of-8545,8544,/table-of-8544,8543,/table-of-8543
8547,17094,25641,34188,42735,51282,59829,68376,76923,85470,94017,102564,111111,119658,128205,136752,145299,153846,162393,170940,table-of-8547,8546,/table-of-8546,8545,/table-of-8545,8544,/table-of-8544
8548,17096,25644,34192,42740,51288,59836,68384,76932,85480,94028,102576,111124,119672,128220,136768,145316,153864,162412,170960,table-of-8548,8547,/table-of-8547,8546,/table-of-8546,8545,/table-of-8545
8549,17098,25647,34196,42745,51294,59843,68392,76941,85490,94039,102588,111137,119686,128235,136784,145333,153882,162431,170980,table-of-8549,8548,/table-of-8548,8547,/table-of-8547,8546,/table-of-8546
8550,17100,25650,34200,42750,51300,59850,68400,76950,85500,94050,102600,111150,119700,128250,136800,145350,153900,162450,171000,table-of-8550,8549,/table-of-8549,8548,/table-of-8548,8547,/table-of-8547
8551,17102,25653,34204,42755,51306,59857,68408,76959,85510,94061,102612,111163,119714,128265,136816,145367,153918,162469,171020,table-of-8551,8550,/table-of-8550,8549,/table-of-8549,8548,/table-of-8548
8552,17104,25656,34208,42760,51312,59864,68416,76968,85520,94072,102624,111176,119728,128280,136832,145384,153936,162488,171040,table-of-8552,8551,/table-of-8551,8550,/table-of-8550,8549,/table-of-8549
8553,17106,25659,34212,42765,51318,59871,68424,76977,85530,94083,102636,111189,119742,128295,136848,145401,153954,162507,171060,table-of-8553,8552,/table-of-8552,8551,/table-of-8551,8550,/table-of-8550
8554,17108,25662,34216,42770,51324,59878,68432,76986,85540,94094,102648,111202,119756,128310,136864,145418,153972,162526,171080,table-of-8554,8553,/table-of-8553,8552,/table-of-8552,8551,/table-of-8551
8555,17110,25665,34220,42775,51330,59885,68440,76995,85550,94105,102660,111215,119770,128325,136880,145435,153990,162545,171100,table-of-8555,8554,/table-of-8554,8553,/table-of-8553,8552,/table-of-8552
8556,17112,25668,34224,42780,51336,59892,68448,77004,85560,94116,102672,111228,119784,128340,136896,145452,154008,162564,171120,table-of-8556,8555,/table-of-8555,8554,/table-of-8554,8553,/table-of-8553
8557,17114,25671,34228,42785,51342,59899,68456,77013,85570,94127,102684,111241,119798,128355,136912,145469,154026,162583,171140,table-of-8557,8556,/table-of-8556,8555,/table-of-8555,8554,/table-of-8554
8558,17116,25674,34232,42790,51348,59906,68464,77022,85580,94138,102696,111254,119812,128370,136928,145486,154044,162602,171160,table-of-8558,8557,/table-of-8557,8556,/table-of-8556,8555,/table-of-8555
8559,17118,25677,34236,42795,51354,59913,68472,77031,85590,94149,102708,111267,119826,128385,136944,145503,154062,162621,171180,table-of-8559,8558,/table-of-8558,8557,/table-of-8557,8556,/table-of-8556
8560,17120,25680,34240,42800,51360,59920,68480,77040,85600,94160,102720,111280,119840,128400,136960,145520,154080,162640,171200,table-of-8560,8559,/table-of-8559,8558,/table-of-8558,8557,/table-of-8557
8561,17122,25683,34244,42805,51366,59927,68488,77049,85610,94171,102732,111293,119854,128415,136976,145537,154098,162659,171220,table-of-8561,8560,/table-of-8560,8559,/table-of-8559,8558,/table-of-8558
8562,17124,25686,34248,42810,51372,59934,68496,77058,85620,94182,102744,111306,119868,128430,136992,145554,154116,162678,171240,table-of-8562,8561,/table-of-8561,8560,/table-of-8560,8559,/table-of-8559
8563,17126,25689,34252,42815,51378,59941,68504,77067,85630,94193,102756,111319,119882,128445,137008,145571,154134,162697,171260,table-of-8563,8562,/table-of-8562,8561,/table-of-8561,8560,/table-of-8560
8564,17128,25692,34256,42820,51384,59948,68512,77076,85640,94204,102768,111332,119896,128460,137024,145588,154152,162716,171280,table-of-8564,8563,/table-of-8563,8562,/table-of-8562,8561,/table-of-8561
8565,17130,25695,34260,42825,51390,59955,68520,77085,85650,94215,102780,111345,119910,128475,137040,145605,154170,162735,171300,table-of-8565,8564,/table-of-8564,8563,/table-of-8563,8562,/table-of-8562
8566,17132,25698,34264,42830,51396,59962,68528,77094,85660,94226,102792,111358,119924,128490,137056,145622,154188,162754,171320,table-of-8566,8565,/table-of-8565,8564,/table-of-8564,8563,/table-of-8563
8567,17134,25701,34268,42835,51402,59969,68536,77103,85670,94237,102804,111371,119938,128505,137072,145639,154206,162773,171340,table-of-8567,8566,/table-of-8566,8565,/table-of-8565,8564,/table-of-8564
8568,17136,25704,34272,42840,51408,59976,68544,77112,85680,94248,102816,111384,119952,128520,137088,145656,154224,162792,171360,table-of-8568,8567,/table-of-8567,8566,/table-of-8566,8565,/table-of-8565
8569,17138,25707,34276,42845,51414,59983,68552,77121,85690,94259,102828,111397,119966,128535,137104,145673,154242,162811,171380,table-of-8569,8568,/table-of-8568,8567,/table-of-8567,8566,/table-of-8566
8570,17140,25710,34280,42850,51420,59990,68560,77130,85700,94270,102840,111410,119980,128550,137120,145690,154260,162830,171400,table-of-8570,8569,/table-of-8569,8568,/table-of-8568,8567,/table-of-8567
8571,17142,25713,34284,42855,51426,59997,68568,77139,85710,94281,102852,111423,119994,128565,137136,145707,154278,162849,171420,table-of-8571,8570,/table-of-8570,8569,/table-of-8569,8568,/table-of-8568
8572,17144,25716,34288,42860,51432,60004,68576,77148,85720,94292,102864,111436,120008,128580,137152,145724,154296,162868,171440,table-of-8572,8571,/table-of-8571,8570,/table-of-8570,8569,/table-of-8569
8573,17146,25719,34292,42865,51438,60011,68584,77157,85730,94303,102876,111449,120022,128595,137168,145741,154314,162887,171460,table-of-8573,8572,/table-of-8572,8571,/table-of-8571,8570,/table-of-8570
8574,17148,25722,34296,42870,51444,60018,68592,77166,85740,94314,102888,111462,120036,128610,137184,145758,154332,162906,171480,table-of-8574,8573,/table-of-8573,8572,/table-of-8572,8571,/table-of-8571
8575,17150,25725,34300,42875,51450,60025,68600,77175,85750,94325,102900,111475,120050,128625,137200,145775,154350,162925,171500,table-of-8575,8574,/table-of-8574,8573,/table-of-8573,8572,/table-of-8572
8576,17152,25728,34304,42880,51456,60032,68608,77184,85760,94336,102912,111488,120064,128640,137216,145792,154368,162944,171520,table-of-8576,8575,/table-of-8575,8574,/table-of-8574,8573,/table-of-8573
8577,17154,25731,34308,42885,51462,60039,68616,77193,85770,94347,102924,111501,120078,128655,137232,145809,154386,162963,171540,table-of-8577,8576,/table-of-8576,8575,/table-of-8575,8574,/table-of-8574
8578,17156,25734,34312,42890,51468,60046,68624,77202,85780,94358,102936,111514,120092,128670,137248,145826,154404,162982,171560,table-of-8578,8577,/table-of-8577,8576,/table-of-8576,8575,/table-of-8575
8579,17158,25737,34316,42895,51474,60053,68632,77211,85790,94369,102948,111527,120106,128685,137264,145843,154422,163001,171580,table-of-8579,8578,/table-of-8578,8577,/table-of-8577,8576,/table-of-8576
8580,17160,25740,34320,42900,51480,60060,68640,77220,85800,94380,102960,111540,120120,128700,137280,145860,154440,163020,171600,table-of-8580,8579,/table-of-8579,8578,/table-of-8578,8577,/table-of-8577
8581,17162,25743,34324,42905,51486,60067,68648,77229,85810,94391,102972,111553,120134,128715,137296,145877,154458,163039,171620,table-of-8581,8580,/table-of-8580,8579,/table-of-8579,8578,/table-of-8578
8582,17164,25746,34328,42910,51492,60074,68656,77238,85820,94402,102984,111566,120148,128730,137312,145894,154476,163058,171640,table-of-8582,8581,/table-of-8581,8580,/table-of-8580,8579,/table-of-8579
8583,17166,25749,34332,42915,51498,60081,68664,77247,85830,94413,102996,111579,120162,128745,137328,145911,154494,163077,171660,table-of-8583,8582,/table-of-8582,8581,/table-of-8581,8580,/table-of-8580
8584,17168,25752,34336,42920,51504,60088,68672,77256,85840,94424,103008,111592,120176,128760,137344,145928,154512,163096,171680,table-of-8584,8583,/table-of-8583,8582,/table-of-8582,8581,/table-of-8581
8585,17170,25755,34340,42925,51510,60095,68680,77265,85850,94435,103020,111605,120190,128775,137360,145945,154530,163115,171700,table-of-8585,8584,/table-of-8584,8583,/table-of-8583,8582,/table-of-8582
8586,17172,25758,34344,42930,51516,60102,68688,77274,85860,94446,103032,111618,120204,128790,137376,145962,154548,163134,171720,table-of-8586,8585,/table-of-8585,8584,/table-of-8584,8583,/table-of-8583
8587,17174,25761,34348,42935,51522,60109,68696,77283,85870,94457,103044,111631,120218,128805,137392,145979,154566,163153,171740,table-of-8587,8586,/table-of-8586,8585,/table-of-8585,8584,/table-of-8584
8588,17176,25764,34352,42940,51528,60116,68704,77292,85880,94468,103056,111644,120232,128820,137408,145996,154584,163172,171760,table-of-8588,8587,/table-of-8587,8586,/table-of-8586,8585,/table-of-8585
8589,17178,25767,34356,42945,51534,60123,68712,77301,85890,94479,103068,111657,120246,128835,137424,146013,154602,163191,171780,table-of-8589,8588,/table-of-8588,8587,/table-of-8587,8586,/table-of-8586
8590,17180,25770,34360,42950,51540,60130,68720,77310,85900,94490,103080,111670,120260,128850,137440,146030,154620,163210,171800,table-of-8590,8589,/table-of-8589,8588,/table-of-8588,8587,/table-of-8587
8591,17182,25773,34364,42955,51546,60137,68728,77319,85910,94501,103092,111683,120274,128865,137456,146047,154638,163229,171820,table-of-8591,8590,/table-of-8590,8589,/table-of-8589,8588,/table-of-8588
8592,17184,25776,34368,42960,51552,60144,68736,77328,85920,94512,103104,111696,120288,128880,137472,146064,154656,163248,171840,table-of-8592,8591,/table-of-8591,8590,/table-of-8590,8589,/table-of-8589
8593,17186,25779,34372,42965,51558,60151,68744,77337,85930,94523,103116,111709,120302,128895,137488,146081,154674,163267,171860,table-of-8593,8592,/table-of-8592,8591,/table-of-8591,8590,/table-of-8590
8594,17188,25782,34376,42970,51564,60158,68752,77346,85940,94534,103128,111722,120316,128910,137504,146098,154692,163286,171880,table-of-8594,8593,/table-of-8593,8592,/table-of-8592,8591,/table-of-8591
8595,17190,25785,34380,42975,51570,60165,68760,77355,85950,94545,103140,111735,120330,128925,137520,146115,154710,163305,171900,table-of-8595,8594,/table-of-8594,8593,/table-of-8593,8592,/table-of-8592
8596,17192,25788,34384,42980,51576,60172,68768,77364,85960,94556,103152,111748,120344,128940,137536,146132,154728,163324,171920,table-of-8596,8595,/table-of-8595,8594,/table-of-8594,8593,/table-of-8593
8597,17194,25791,34388,42985,51582,60179,68776,77373,85970,94567,103164,111761,120358,128955,137552,146149,154746,163343,171940,table-of-8597,8596,/table-of-8596,8595,/table-of-8595,8594,/table-of-8594
8598,17196,25794,34392,42990,51588,60186,68784,77382,85980,94578,103176,111774,120372,128970,137568,146166,154764,163362,171960,table-of-8598,8597,/table-of-8597,8596,/table-of-8596,8595,/table-of-8595
8599,17198,25797,34396,42995,51594,60193,68792,77391,85990,94589,103188,111787,120386,128985,137584,146183,154782,163381,171980,table-of-8599,8598,/table-of-8598,8597,/table-of-8597,8596,/table-of-8596
8600,17200,25800,34400,43000,51600,60200,68800,77400,86000,94600,103200,111800,120400,129000,137600,146200,154800,163400,172000,table-of-8600,8599,/table-of-8599,8598,/table-of-8598,8597,/table-of-8597
8601,17202,25803,34404,43005,51606,60207,68808,77409,86010,94611,103212,111813,120414,129015,137616,146217,154818,163419,172020,table-of-8601,8600,/table-of-8600,8599,/table-of-8599,8598,/table-of-8598
8602,17204,25806,34408,43010,51612,60214,68816,77418,86020,94622,103224,111826,120428,129030,137632,146234,154836,163438,172040,table-of-8602,8601,/table-of-8601,8600,/table-of-8600,8599,/table-of-8599
8603,17206,25809,34412,43015,51618,60221,68824,77427,86030,94633,103236,111839,120442,129045,137648,146251,154854,163457,172060,table-of-8603,8602,/table-of-8602,8601,/table-of-8601,8600,/table-of-8600
8604,17208,25812,34416,43020,51624,60228,68832,77436,86040,94644,103248,111852,120456,129060,137664,146268,154872,163476,172080,table-of-8604,8603,/table-of-8603,8602,/table-of-8602,8601,/table-of-8601
8605,17210,25815,34420,43025,51630,60235,68840,77445,86050,94655,103260,111865,120470,129075,137680,146285,154890,163495,172100,table-of-8605,8604,/table-of-8604,8603,/table-of-8603,8602,/table-of-8602
8606,17212,25818,34424,43030,51636,60242,68848,77454,86060,94666,103272,111878,120484,129090,137696,146302,154908,163514,172120,table-of-8606,8605,/table-of-8605,8604,/table-of-8604,8603,/table-of-8603
8607,17214,25821,34428,43035,51642,60249,68856,77463,86070,94677,103284,111891,120498,129105,137712,146319,154926,163533,172140,table-of-8607,8606,/table-of-8606,8605,/table-of-8605,8604,/table-of-8604
8608,17216,25824,34432,43040,51648,60256,68864,77472,86080,94688,103296,111904,120512,129120,137728,146336,154944,163552,172160,table-of-8608,8607,/table-of-8607,8606,/table-of-8606,8605,/table-of-8605
8609,17218,25827,34436,43045,51654,60263,68872,77481,86090,94699,103308,111917,120526,129135,137744,146353,154962,163571,172180,table-of-8609,8608,/table-of-8608,8607,/table-of-8607,8606,/table-of-8606
8610,17220,25830,34440,43050,51660,60270,68880,77490,86100,94710,103320,111930,120540,129150,137760,146370,154980,163590,172200,table-of-8610,8609,/table-of-8609,8608,/table-of-8608,8607,/table-of-8607
8611,17222,25833,34444,43055,51666,60277,68888,77499,86110,94721,103332,111943,120554,129165,137776,146387,154998,163609,172220,table-of-8611,8610,/table-of-8610,8609,/table-of-8609,8608,/table-of-8608
8612,17224,25836,34448,43060,51672,60284,68896,77508,86120,94732,103344,111956,120568,129180,137792,146404,155016,163628,172240,table-of-8612,8611,/table-of-8611,8610,/table-of-8610,8609,/table-of-8609
8613,17226,25839,34452,43065,51678,60291,68904,77517,86130,94743,103356,111969,120582,129195,137808,146421,155034,163647,172260,table-of-8613,8612,/table-of-8612,8611,/table-of-8611,8610,/table-of-8610
8614,17228,25842,34456,43070,51684,60298,68912,77526,86140,94754,103368,111982,120596,129210,137824,146438,155052,163666,172280,table-of-8614,8613,/table-of-8613,8612,/table-of-8612,8611,/table-of-8611
8615,17230,25845,34460,43075,51690,60305,68920,77535,86150,94765,103380,111995,120610,129225,137840,146455,155070,163685,172300,table-of-8615,8614,/table-of-8614,8613,/table-of-8613,8612,/table-of-8612
8616,17232,25848,34464,43080,51696,60312,68928,77544,86160,94776,103392,112008,120624,129240,137856,146472,155088,163704,172320,table-of-8616,8615,/table-of-8615,8614,/table-of-8614,8613,/table-of-8613
8617,17234,25851,34468,43085,51702,60319,68936,77553,86170,94787,103404,112021,120638,129255,137872,146489,155106,163723,172340,table-of-8617,8616,/table-of-8616,8615,/table-of-8615,8614,/table-of-8614
8618,17236,25854,34472,43090,51708,60326,68944,77562,86180,94798,103416,112034,120652,129270,137888,146506,155124,163742,172360,table-of-8618,8617,/table-of-8617,8616,/table-of-8616,8615,/table-of-8615
8619,17238,25857,34476,43095,51714,60333,68952,77571,86190,94809,103428,112047,120666,129285,137904,146523,155142,163761,172380,table-of-8619,8618,/table-of-8618,8617,/table-of-8617,8616,/table-of-8616
8620,17240,25860,34480,43100,51720,60340,68960,77580,86200,94820,103440,112060,120680,129300,137920,146540,155160,163780,172400,table-of-8620,8619,/table-of-8619,8618,/table-of-8618,8617,/table-of-8617
8621,17242,25863,34484,43105,51726,60347,68968,77589,86210,94831,103452,112073,120694,129315,137936,146557,155178,163799,172420,table-of-8621,8620,/table-of-8620,8619,/table-of-8619,8618,/table-of-8618
8622,17244,25866,34488,43110,51732,60354,68976,77598,86220,94842,103464,112086,120708,129330,137952,146574,155196,163818,172440,table-of-8622,8621,/table-of-8621,8620,/table-of-8620,8619,/table-of-8619
8623,17246,25869,34492,43115,51738,60361,68984,77607,86230,94853,103476,112099,120722,129345,137968,146591,155214,163837,172460,table-of-8623,8622,/table-of-8622,8621,/table-of-8621,8620,/table-of-8620
8624,17248,25872,34496,43120,51744,60368,68992,77616,86240,94864,103488,112112,120736,129360,137984,146608,155232,163856,172480,table-of-8624,8623,/table-of-8623,8622,/table-of-8622,8621,/table-of-8621
8625,17250,25875,34500,43125,51750,60375,69000,77625,86250,94875,103500,112125,120750,129375,138000,146625,155250,163875,172500,table-of-8625,8624,/table-of-8624,8623,/table-of-8623,8622,/table-of-8622
8626,17252,25878,34504,43130,51756,60382,69008,77634,86260,94886,103512,112138,120764,129390,138016,146642,155268,163894,172520,table-of-8626,8625,/table-of-8625,8624,/table-of-8624,8623,/table-of-8623
8627,17254,25881,34508,43135,51762,60389,69016,77643,86270,94897,103524,112151,120778,129405,138032,146659,155286,163913,172540,table-of-8627,8626,/table-of-8626,8625,/table-of-8625,8624,/table-of-8624
8628,17256,25884,34512,43140,51768,60396,69024,77652,86280,94908,103536,112164,120792,129420,138048,146676,155304,163932,172560,table-of-8628,8627,/table-of-8627,8626,/table-of-8626,8625,/table-of-8625
8629,17258,25887,34516,43145,51774,60403,69032,77661,86290,94919,103548,112177,120806,129435,138064,146693,155322,163951,172580,table-of-8629,8628,/table-of-8628,8627,/table-of-8627,8626,/table-of-8626
8630,17260,25890,34520,43150,51780,60410,69040,77670,86300,94930,103560,112190,120820,129450,138080,146710,155340,163970,172600,table-of-8630,8629,/table-of-8629,8628,/table-of-8628,8627,/table-of-8627
8631,17262,25893,34524,43155,51786,60417,69048,77679,86310,94941,103572,112203,120834,129465,138096,146727,155358,163989,172620,table-of-8631,8630,/table-of-8630,8629,/table-of-8629,8628,/table-of-8628
8632,17264,25896,34528,43160,51792,60424,69056,77688,86320,94952,103584,112216,120848,129480,138112,146744,155376,164008,172640,table-of-8632,8631,/table-of-8631,8630,/table-of-8630,8629,/table-of-8629
8633,17266,25899,34532,43165,51798,60431,69064,77697,86330,94963,103596,112229,120862,129495,138128,146761,155394,164027,172660,table-of-8633,8632,/table-of-8632,8631,/table-of-8631,8630,/table-of-8630
8634,17268,25902,34536,43170,51804,60438,69072,77706,86340,94974,103608,112242,120876,129510,138144,146778,155412,164046,172680,table-of-8634,8633,/table-of-8633,8632,/table-of-8632,8631,/table-of-8631
8635,17270,25905,34540,43175,51810,60445,69080,77715,86350,94985,103620,112255,120890,129525,138160,146795,155430,164065,172700,table-of-8635,8634,/table-of-8634,8633,/table-of-8633,8632,/table-of-8632
8636,17272,25908,34544,43180,51816,60452,69088,77724,86360,94996,103632,112268,120904,129540,138176,146812,155448,164084,172720,table-of-8636,8635,/table-of-8635,8634,/table-of-8634,8633,/table-of-8633
8637,17274,25911,34548,43185,51822,60459,69096,77733,86370,95007,103644,112281,120918,129555,138192,146829,155466,164103,172740,table-of-8637,8636,/table-of-8636,8635,/table-of-8635,8634,/table-of-8634
8638,17276,25914,34552,43190,51828,60466,69104,77742,86380,95018,103656,112294,120932,129570,138208,146846,155484,164122,172760,table-of-8638,8637,/table-of-8637,8636,/table-of-8636,8635,/table-of-8635
8639,17278,25917,34556,43195,51834,60473,69112,77751,86390,95029,103668,112307,120946,129585,138224,146863,155502,164141,172780,table-of-8639,8638,/table-of-8638,8637,/table-of-8637,8636,/table-of-8636
8640,17280,25920,34560,43200,51840,60480,69120,77760,86400,95040,103680,112320,120960,129600,138240,146880,155520,164160,172800,table-of-8640,8639,/table-of-8639,8638,/table-of-8638,8637,/table-of-8637
8641,17282,25923,34564,43205,51846,60487,69128,77769,86410,95051,103692,112333,120974,129615,138256,146897,155538,164179,172820,table-of-8641,8640,/table-of-8640,8639,/table-of-8639,8638,/table-of-8638
8642,17284,25926,34568,43210,51852,60494,69136,77778,86420,95062,103704,112346,120988,129630,138272,146914,155556,164198,172840,table-of-8642,8641,/table-of-8641,8640,/table-of-8640,8639,/table-of-8639
8643,17286,25929,34572,43215,51858,60501,69144,77787,86430,95073,103716,112359,121002,129645,138288,146931,155574,164217,172860,table-of-8643,8642,/table-of-8642,8641,/table-of-8641,8640,/table-of-8640
8644,17288,25932,34576,43220,51864,60508,69152,77796,86440,95084,103728,112372,121016,129660,138304,146948,155592,164236,172880,table-of-8644,8643,/table-of-8643,8642,/table-of-8642,8641,/table-of-8641
8645,17290,25935,34580,43225,51870,60515,69160,77805,86450,95095,103740,112385,121030,129675,138320,146965,155610,164255,172900,table-of-8645,8644,/table-of-8644,8643,/table-of-8643,8642,/table-of-8642
8646,17292,25938,34584,43230,51876,60522,69168,77814,86460,95106,103752,112398,121044,129690,138336,146982,155628,164274,172920,table-of-8646,8645,/table-of-8645,8644,/table-of-8644,8643,/table-of-8643
8647,17294,25941,34588,43235,51882,60529,69176,77823,86470,95117,103764,112411,121058,129705,138352,146999,155646,164293,172940,table-of-8647,8646,/table-of-8646,8645,/table-of-8645,8644,/table-of-8644
8648,17296,25944,34592,43240,51888,60536,69184,77832,86480,95128,103776,112424,121072,129720,138368,147016,155664,164312,172960,table-of-8648,8647,/table-of-8647,8646,/table-of-8646,8645,/table-of-8645
8649,17298,25947,34596,43245,51894,60543,69192,77841,86490,95139,103788,112437,121086,129735,138384,147033,155682,164331,172980,table-of-8649,8648,/table-of-8648,8647,/table-of-8647,8646,/table-of-8646
8650,17300,25950,34600,43250,51900,60550,69200,77850,86500,95150,103800,112450,121100,129750,138400,147050,155700,164350,173000,table-of-8650,8649,/table-of-8649,8648,/table-of-8648,8647,/table-of-8647
8651,17302,25953,34604,43255,51906,60557,69208,77859,86510,95161,103812,112463,121114,129765,138416,147067,155718,164369,173020,table-of-8651,8650,/table-of-8650,8649,/table-of-8649,8648,/table-of-8648
8652,17304,25956,34608,43260,51912,60564,69216,77868,86520,95172,103824,112476,121128,129780,138432,147084,155736,164388,173040,table-of-8652,8651,/table-of-8651,8650,/table-of-8650,8649,/table-of-8649
8653,17306,25959,34612,43265,51918,60571,69224,77877,86530,95183,103836,112489,121142,129795,138448,147101,155754,164407,173060,table-of-8653,8652,/table-of-8652,8651,/table-of-8651,8650,/table-of-8650
8654,17308,25962,34616,43270,51924,60578,69232,77886,86540,95194,103848,112502,121156,129810,138464,147118,155772,164426,173080,table-of-8654,8653,/table-of-8653,8652,/table-of-8652,8651,/table-of-8651
8655,17310,25965,34620,43275,51930,60585,69240,77895,86550,95205,103860,112515,121170,129825,138480,147135,155790,164445,173100,table-of-8655,8654,/table-of-8654,8653,/table-of-8653,8652,/table-of-8652
8656,17312,25968,34624,43280,51936,60592,69248,77904,86560,95216,103872,112528,121184,129840,138496,147152,155808,164464,173120,table-of-8656,8655,/table-of-8655,8654,/table-of-8654,8653,/table-of-8653
8657,17314,25971,34628,43285,51942,60599,69256,77913,86570,95227,103884,112541,121198,129855,138512,147169,155826,164483,173140,table-of-8657,8656,/table-of-8656,8655,/table-of-8655,8654,/table-of-8654
8658,17316,25974,34632,43290,51948,60606,69264,77922,86580,95238,103896,112554,121212,129870,138528,147186,155844,164502,173160,table-of-8658,8657,/table-of-8657,8656,/table-of-8656,8655,/table-of-8655
8659,17318,25977,34636,43295,51954,60613,69272,77931,86590,95249,103908,112567,121226,129885,138544,147203,155862,164521,173180,table-of-8659,8658,/table-of-8658,8657,/table-of-8657,8656,/table-of-8656
8660,17320,25980,34640,43300,51960,60620,69280,77940,86600,95260,103920,112580,121240,129900,138560,147220,155880,164540,173200,table-of-8660,8659,/table-of-8659,8658,/table-of-8658,8657,/table-of-8657
8661,17322,25983,34644,43305,51966,60627,69288,77949,86610,95271,103932,112593,121254,129915,138576,147237,155898,164559,173220,table-of-8661,8660,/table-of-8660,8659,/table-of-8659,8658,/table-of-8658
8662,17324,25986,34648,43310,51972,60634,69296,77958,86620,95282,103944,112606,121268,129930,138592,147254,155916,164578,173240,table-of-8662,8661,/table-of-8661,8660,/table-of-8660,8659,/table-of-8659
8663,17326,25989,34652,43315,51978,60641,69304,77967,86630,95293,103956,112619,121282,129945,138608,147271,155934,164597,173260,table-of-8663,8662,/table-of-8662,8661,/table-of-8661,8660,/table-of-8660
8664,17328,25992,34656,43320,51984,60648,69312,77976,86640,95304,103968,112632,121296,129960,138624,147288,155952,164616,173280,table-of-8664,8663,/table-of-8663,8662,/table-of-8662,8661,/table-of-8661
8665,17330,25995,34660,43325,51990,60655,69320,77985,86650,95315,103980,112645,121310,129975,138640,147305,155970,164635,173300,table-of-8665,8664,/table-of-8664,8663,/table-of-8663,8662,/table-of-8662
8666,17332,25998,34664,43330,51996,60662,69328,77994,86660,95326,103992,112658,121324,129990,138656,147322,155988,164654,173320,table-of-8666,8665,/table-of-8665,8664,/table-of-8664,8663,/table-of-8663
8667,17334,26001,34668,43335,52002,60669,69336,78003,86670,95337,104004,112671,121338,130005,138672,147339,156006,164673,173340,table-of-8667,8666,/table-of-8666,8665,/table-of-8665,8664,/table-of-8664
8668,17336,26004,34672,43340,52008,60676,69344,78012,86680,95348,104016,112684,121352,130020,138688,147356,156024,164692,173360,table-of-8668,8667,/table-of-8667,8666,/table-of-8666,8665,/table-of-8665
8669,17338,26007,34676,43345,52014,60683,69352,78021,86690,95359,104028,112697,121366,130035,138704,147373,156042,164711,173380,table-of-8669,8668,/table-of-8668,8667,/table-of-8667,8666,/table-of-8666
8670,17340,26010,34680,43350,52020,60690,69360,78030,86700,95370,104040,112710,121380,130050,138720,147390,156060,164730,173400,table-of-8670,8669,/table-of-8669,8668,/table-of-8668,8667,/table-of-8667
8671,17342,26013,34684,43355,52026,60697,69368,78039,86710,95381,104052,112723,121394,130065,138736,147407,156078,164749,173420,table-of-8671,8670,/table-of-8670,8669,/table-of-8669,8668,/table-of-8668
8672,17344,26016,34688,43360,52032,60704,69376,78048,86720,95392,104064,112736,121408,130080,138752,147424,156096,164768,173440,table-of-8672,8671,/table-of-8671,8670,/table-of-8670,8669,/table-of-8669
8673,17346,26019,34692,43365,52038,60711,69384,78057,86730,95403,104076,112749,121422,130095,138768,147441,156114,164787,173460,table-of-8673,8672,/table-of-8672,8671,/table-of-8671,8670,/table-of-8670
8674,17348,26022,34696,43370,52044,60718,69392,78066,86740,95414,104088,112762,121436,130110,138784,147458,156132,164806,173480,table-of-8674,8673,/table-of-8673,8672,/table-of-8672,8671,/table-of-8671
8675,17350,26025,34700,43375,52050,60725,69400,78075,86750,95425,104100,112775,121450,130125,138800,147475,156150,164825,173500,table-of-8675,8674,/table-of-8674,8673,/table-of-8673,8672,/table-of-8672
8676,17352,26028,34704,43380,52056,60732,69408,78084,86760,95436,104112,112788,121464,130140,138816,147492,156168,164844,173520,table-of-8676,8675,/table-of-8675,8674,/table-of-8674,8673,/table-of-8673
8677,17354,26031,34708,43385,52062,60739,69416,78093,86770,95447,104124,112801,121478,130155,138832,147509,156186,164863,173540,table-of-8677,8676,/table-of-8676,8675,/table-of-8675,8674,/table-of-8674
8678,17356,26034,34712,43390,52068,60746,69424,78102,86780,95458,104136,112814,121492,130170,138848,147526,156204,164882,173560,table-of-8678,8677,/table-of-8677,8676,/table-of-8676,8675,/table-of-8675
8679,17358,26037,34716,43395,52074,60753,69432,78111,86790,95469,104148,112827,121506,130185,138864,147543,156222,164901,173580,table-of-8679,8678,/table-of-8678,8677,/table-of-8677,8676,/table-of-8676
8680,17360,26040,34720,43400,52080,60760,69440,78120,86800,95480,104160,112840,121520,130200,138880,147560,156240,164920,173600,table-of-8680,8679,/table-of-8679,8678,/table-of-8678,8677,/table-of-8677
8681,17362,26043,34724,43405,52086,60767,69448,78129,86810,95491,104172,112853,121534,130215,138896,147577,156258,164939,173620,table-of-8681,8680,/table-of-8680,8679,/table-of-8679,8678,/table-of-8678
8682,17364,26046,34728,43410,52092,60774,69456,78138,86820,95502,104184,112866,121548,130230,138912,147594,156276,164958,173640,table-of-8682,8681,/table-of-8681,8680,/table-of-8680,8679,/table-of-8679
8683,17366,26049,34732,43415,52098,60781,69464,78147,86830,95513,104196,112879,121562,130245,138928,147611,156294,164977,173660,table-of-8683,8682,/table-of-8682,8681,/table-of-8681,8680,/table-of-8680
8684,17368,26052,34736,43420,52104,60788,69472,78156,86840,95524,104208,112892,121576,130260,138944,147628,156312,164996,173680,table-of-8684,8683,/table-of-8683,8682,/table-of-8682,8681,/table-of-8681
8685,17370,26055,34740,43425,52110,60795,69480,78165,86850,95535,104220,112905,121590,130275,138960,147645,156330,165015,173700,table-of-8685,8684,/table-of-8684,8683,/table-of-8683,8682,/table-of-8682
8686,17372,26058,34744,43430,52116,60802,69488,78174,86860,95546,104232,112918,121604,130290,138976,147662,156348,165034,173720,table-of-8686,8685,/table-of-8685,8684,/table-of-8684,8683,/table-of-8683
8687,17374,26061,34748,43435,52122,60809,69496,78183,86870,95557,104244,112931,121618,130305,138992,147679,156366,165053,173740,table-of-8687,8686,/table-of-8686,8685,/table-of-8685,8684,/table-of-8684
8688,17376,26064,34752,43440,52128,60816,69504,78192,86880,95568,104256,112944,121632,130320,139008,147696,156384,165072,173760,table-of-8688,8687,/table-of-8687,8686,/table-of-8686,8685,/table-of-8685
8689,17378,26067,34756,43445,52134,60823,69512,78201,86890,95579,104268,112957,121646,130335,139024,147713,156402,165091,173780,table-of-8689,8688,/table-of-8688,8687,/table-of-8687,8686,/table-of-8686
8690,17380,26070,34760,43450,52140,60830,69520,78210,86900,95590,104280,112970,121660,130350,139040,147730,156420,165110,173800,table-of-8690,8689,/table-of-8689,8688,/table-of-8688,8687,/table-of-8687
8691,17382,26073,34764,43455,52146,60837,69528,78219,86910,95601,104292,112983,121674,130365,139056,147747,156438,165129,173820,table-of-8691,8690,/table-of-8690,8689,/table-of-8689,8688,/table-of-8688
8692,17384,26076,34768,43460,52152,60844,69536,78228,86920,95612,104304,112996,121688,130380,139072,147764,156456,165148,173840,table-of-8692,8691,/table-of-8691,8690,/table-of-8690,8689,/table-of-8689
8693,17386,26079,34772,43465,52158,60851,69544,78237,86930,95623,104316,113009,121702,130395,139088,147781,156474,165167,173860,table-of-8693,8692,/table-of-8692,8691,/table-of-8691,8690,/table-of-8690
8694,17388,26082,34776,43470,52164,60858,69552,78246,86940,95634,104328,113022,121716,130410,139104,147798,156492,165186,173880,table-of-8694,8693,/table-of-8693,8692,/table-of-8692,8691,/table-of-8691
8695,17390,26085,34780,43475,52170,60865,69560,78255,86950,95645,104340,113035,121730,130425,139120,147815,156510,165205,173900,table-of-8695,8694,/table-of-8694,8693,/table-of-8693,8692,/table-of-8692
8696,17392,26088,34784,43480,52176,60872,69568,78264,86960,95656,104352,113048,121744,130440,139136,147832,156528,165224,173920,table-of-8696,8695,/table-of-8695,8694,/table-of-8694,8693,/table-of-8693
8697,17394,26091,34788,43485,52182,60879,69576,78273,86970,95667,104364,113061,121758,130455,139152,147849,156546,165243,173940,table-of-8697,8696,/table-of-8696,8695,/table-of-8695,8694,/table-of-8694
8698,17396,26094,34792,43490,52188,60886,69584,78282,86980,95678,104376,113074,121772,130470,139168,147866,156564,165262,173960,table-of-8698,8697,/table-of-8697,8696,/table-of-8696,8695,/table-of-8695
8699,17398,26097,34796,43495,52194,60893,69592,78291,86990,95689,104388,113087,121786,130485,139184,147883,156582,165281,173980,table-of-8699,8698,/table-of-8698,8697,/table-of-8697,8696,/table-of-8696
8700,17400,26100,34800,43500,52200,60900,69600,78300,87000,95700,104400,113100,121800,130500,139200,147900,156600,165300,174000,table-of-8700,8699,/table-of-8699,8698,/table-of-8698,8697,/table-of-8697
8701,17402,26103,34804,43505,52206,60907,69608,78309,87010,95711,104412,113113,121814,130515,139216,147917,156618,165319,174020,table-of-8701,8700,/table-of-8700,8699,/table-of-8699,8698,/table-of-8698
8702,17404,26106,34808,43510,52212,60914,69616,78318,87020,95722,104424,113126,121828,130530,139232,147934,156636,165338,174040,table-of-8702,8701,/table-of-8701,8700,/table-of-8700,8699,/table-of-8699
8703,17406,26109,34812,43515,52218,60921,69624,78327,87030,95733,104436,113139,121842,130545,139248,147951,156654,165357,174060,table-of-8703,8702,/table-of-8702,8701,/table-of-8701,8700,/table-of-8700
8704,17408,26112,34816,43520,52224,60928,69632,78336,87040,95744,104448,113152,121856,130560,139264,147968,156672,165376,174080,table-of-8704,8703,/table-of-8703,8702,/table-of-8702,8701,/table-of-8701
8705,17410,26115,34820,43525,52230,60935,69640,78345,87050,95755,104460,113165,121870,130575,139280,147985,156690,165395,174100,table-of-8705,8704,/table-of-8704,8703,/table-of-8703,8702,/table-of-8702
8706,17412,26118,34824,43530,52236,60942,69648,78354,87060,95766,104472,113178,121884,130590,139296,148002,156708,165414,174120,table-of-8706,8705,/table-of-8705,8704,/table-of-8704,8703,/table-of-8703
8707,17414,26121,34828,43535,52242,60949,69656,78363,87070,95777,104484,113191,121898,130605,139312,148019,156726,165433,174140,table-of-8707,8706,/table-of-8706,8705,/table-of-8705,8704,/table-of-8704
8708,17416,26124,34832,43540,52248,60956,69664,78372,87080,95788,104496,113204,121912,130620,139328,148036,156744,165452,174160,table-of-8708,8707,/table-of-8707,8706,/table-of-8706,8705,/table-of-8705
8709,17418,26127,34836,43545,52254,60963,69672,78381,87090,95799,104508,113217,121926,130635,139344,148053,156762,165471,174180,table-of-8709,8708,/table-of-8708,8707,/table-of-8707,8706,/table-of-8706
8710,17420,26130,34840,43550,52260,60970,69680,78390,87100,95810,104520,113230,121940,130650,139360,148070,156780,165490,174200,table-of-8710,8709,/table-of-8709,8708,/table-of-8708,8707,/table-of-8707
8711,17422,26133,34844,43555,52266,60977,69688,78399,87110,95821,104532,113243,121954,130665,139376,148087,156798,165509,174220,table-of-8711,8710,/table-of-8710,8709,/table-of-8709,8708,/table-of-8708
8712,17424,26136,34848,43560,52272,60984,69696,78408,87120,95832,104544,113256,121968,130680,139392,148104,156816,165528,174240,table-of-8712,8711,/table-of-8711,8710,/table-of-8710,8709,/table-of-8709
8713,17426,26139,34852,43565,52278,60991,69704,78417,87130,95843,104556,113269,121982,130695,139408,148121,156834,165547,174260,table-of-8713,8712,/table-of-8712,8711,/table-of-8711,8710,/table-of-8710
8714,17428,26142,34856,43570,52284,60998,69712,78426,87140,95854,104568,113282,121996,130710,139424,148138,156852,165566,174280,table-of-8714,8713,/table-of-8713,8712,/table-of-8712,8711,/table-of-8711
8715,17430,26145,34860,43575,52290,61005,69720,78435,87150,95865,104580,113295,122010,130725,139440,148155,156870,165585,174300,table-of-8715,8714,/table-of-8714,8713,/table-of-8713,8712,/table-of-8712
8716,17432,26148,34864,43580,52296,61012,69728,78444,87160,95876,104592,113308,122024,130740,139456,148172,156888,165604,174320,table-of-8716,8715,/table-of-8715,8714,/table-of-8714,8713,/table-of-8713
8717,17434,26151,34868,43585,52302,61019,69736,78453,87170,95887,104604,113321,122038,130755,139472,148189,156906,165623,174340,table-of-8717,8716,/table-of-8716,8715,/table-of-8715,8714,/table-of-8714
8718,17436,26154,34872,43590,52308,61026,69744,78462,87180,95898,104616,113334,122052,130770,139488,148206,156924,165642,174360,table-of-8718,8717,/table-of-8717,8716,/table-of-8716,8715,/table-of-8715
8719,17438,26157,34876,43595,52314,61033,69752,78471,87190,95909,104628,113347,122066,130785,139504,148223,156942,165661,174380,table-of-8719,8718,/table-of-8718,8717,/table-of-8717,8716,/table-of-8716
8720,17440,26160,34880,43600,52320,61040,69760,78480,87200,95920,104640,113360,122080,130800,139520,148240,156960,165680,174400,table-of-8720,8719,/table-of-8719,8718,/table-of-8718,8717,/table-of-8717
8721,17442,26163,34884,43605,52326,61047,69768,78489,87210,95931,104652,113373,122094,130815,139536,148257,156978,165699,174420,table-of-8721,8720,/table-of-8720,8719,/table-of-8719,8718,/table-of-8718
8722,17444,26166,34888,43610,52332,61054,69776,78498,87220,95942,104664,113386,122108,130830,139552,148274,156996,165718,174440,table-of-8722,8721,/table-of-8721,8720,/table-of-8720,8719,/table-of-8719
8723,17446,26169,34892,43615,52338,61061,69784,78507,87230,95953,104676,113399,122122,130845,139568,148291,157014,165737,174460,table-of-8723,8722,/table-of-8722,8721,/table-of-8721,8720,/table-of-8720
8724,17448,26172,34896,43620,52344,61068,69792,78516,87240,95964,104688,113412,122136,130860,139584,148308,157032,165756,174480,table-of-8724,8723,/table-of-8723,8722,/table-of-8722,8721,/table-of-8721
8725,17450,26175,34900,43625,52350,61075,69800,78525,87250,95975,104700,113425,122150,130875,139600,148325,157050,165775,174500,table-of-8725,8724,/table-of-8724,8723,/table-of-8723,8722,/table-of-8722
8726,17452,26178,34904,43630,52356,61082,69808,78534,87260,95986,104712,113438,122164,130890,139616,148342,157068,165794,174520,table-of-8726,8725,/table-of-8725,8724,/table-of-8724,8723,/table-of-8723
8727,17454,26181,34908,43635,52362,61089,69816,78543,87270,95997,104724,113451,122178,130905,139632,148359,157086,165813,174540,table-of-8727,8726,/table-of-8726,8725,/table-of-8725,8724,/table-of-8724
8728,17456,26184,34912,43640,52368,61096,69824,78552,87280,96008,104736,113464,122192,130920,139648,148376,157104,165832,174560,table-of-8728,8727,/table-of-8727,8726,/table-of-8726,8725,/table-of-8725
8729,17458,26187,34916,43645,52374,61103,69832,78561,87290,96019,104748,113477,122206,130935,139664,148393,157122,165851,174580,table-of-8729,8728,/table-of-8728,8727,/table-of-8727,8726,/table-of-8726
8730,17460,26190,34920,43650,52380,61110,69840,78570,87300,96030,104760,113490,122220,130950,139680,148410,157140,165870,174600,table-of-8730,8729,/table-of-8729,8728,/table-of-8728,8727,/table-of-8727
8731,17462,26193,34924,43655,52386,61117,69848,78579,87310,96041,104772,113503,122234,130965,139696,148427,157158,165889,174620,table-of-8731,8730,/table-of-8730,8729,/table-of-8729,8728,/table-of-8728
8732,17464,26196,34928,43660,52392,61124,69856,78588,87320,96052,104784,113516,122248,130980,139712,148444,157176,165908,174640,table-of-8732,8731,/table-of-8731,8730,/table-of-8730,8729,/table-of-8729
8733,17466,26199,34932,43665,52398,61131,69864,78597,87330,96063,104796,113529,122262,130995,139728,148461,157194,165927,174660,table-of-8733,8732,/table-of-8732,8731,/table-of-8731,8730,/table-of-8730
8734,17468,26202,34936,43670,52404,61138,69872,78606,87340,96074,104808,113542,122276,131010,139744,148478,157212,165946,174680,table-of-8734,8733,/table-of-8733,8732,/table-of-8732,8731,/table-of-8731
8735,17470,26205,34940,43675,52410,61145,69880,78615,87350,96085,104820,113555,122290,131025,139760,148495,157230,165965,174700,table-of-8735,8734,/table-of-8734,8733,/table-of-8733,8732,/table-of-8732
8736,17472,26208,34944,43680,52416,61152,69888,78624,87360,96096,104832,113568,122304,131040,139776,148512,157248,165984,174720,table-of-8736,8735,/table-of-8735,8734,/table-of-8734,8733,/table-of-8733
8737,17474,26211,34948,43685,52422,61159,69896,78633,87370,96107,104844,113581,122318,131055,139792,148529,157266,166003,174740,table-of-8737,8736,/table-of-8736,8735,/table-of-8735,8734,/table-of-8734
8738,17476,26214,34952,43690,52428,61166,69904,78642,87380,96118,104856,113594,122332,131070,139808,148546,157284,166022,174760,table-of-8738,8737,/table-of-8737,8736,/table-of-8736,8735,/table-of-8735
8739,17478,26217,34956,43695,52434,61173,69912,78651,87390,96129,104868,113607,122346,131085,139824,148563,157302,166041,174780,table-of-8739,8738,/table-of-8738,8737,/table-of-8737,8736,/table-of-8736
8740,17480,26220,34960,43700,52440,61180,69920,78660,87400,96140,104880,113620,122360,131100,139840,148580,157320,166060,174800,table-of-8740,8739,/table-of-8739,8738,/table-of-8738,8737,/table-of-8737
8741,17482,26223,34964,43705,52446,61187,69928,78669,87410,96151,104892,113633,122374,131115,139856,148597,157338,166079,174820,table-of-8741,8740,/table-of-8740,8739,/table-of-8739,8738,/table-of-8738
8742,17484,26226,34968,43710,52452,61194,69936,78678,87420,96162,104904,113646,122388,131130,139872,148614,157356,166098,174840,table-of-8742,8741,/table-of-8741,8740,/table-of-8740,8739,/table-of-8739
8743,17486,26229,34972,43715,52458,61201,69944,78687,87430,96173,104916,113659,122402,131145,139888,148631,157374,166117,174860,table-of-8743,8742,/table-of-8742,8741,/table-of-8741,8740,/table-of-8740
8744,17488,26232,34976,43720,52464,61208,69952,78696,87440,96184,104928,113672,122416,131160,139904,148648,157392,166136,174880,table-of-8744,8743,/table-of-8743,8742,/table-of-8742,8741,/table-of-8741
8745,17490,26235,34980,43725,52470,61215,69960,78705,87450,96195,104940,113685,122430,131175,139920,148665,157410,166155,174900,table-of-8745,8744,/table-of-8744,8743,/table-of-8743,8742,/table-of-8742
8746,17492,26238,34984,43730,52476,61222,69968,78714,87460,96206,104952,113698,122444,131190,139936,148682,157428,166174,174920,table-of-8746,8745,/table-of-8745,8744,/table-of-8744,8743,/table-of-8743
8747,17494,26241,34988,43735,52482,61229,69976,78723,87470,96217,104964,113711,122458,131205,139952,148699,157446,166193,174940,table-of-8747,8746,/table-of-8746,8745,/table-of-8745,8744,/table-of-8744
8748,17496,26244,34992,43740,52488,61236,69984,78732,87480,96228,104976,113724,122472,131220,139968,148716,157464,166212,174960,table-of-8748,8747,/table-of-8747,8746,/table-of-8746,8745,/table-of-8745
8749,17498,26247,34996,43745,52494,61243,69992,78741,87490,96239,104988,113737,122486,131235,139984,148733,157482,166231,174980,table-of-8749,8748,/table-of-8748,8747,/table-of-8747,8746,/table-of-8746
8750,17500,26250,35000,43750,52500,61250,70000,78750,87500,96250,105000,113750,122500,131250,140000,148750,157500,166250,175000,table-of-8750,8749,/table-of-8749,8748,/table-of-8748,8747,/table-of-8747
8751,17502,26253,35004,43755,52506,61257,70008,78759,87510,96261,105012,113763,122514,131265,140016,148767,157518,166269,175020,table-of-8751,8750,/table-of-8750,8749,/table-of-8749,8748,/table-of-8748
8752,17504,26256,35008,43760,52512,61264,70016,78768,87520,96272,105024,113776,122528,131280,140032,148784,157536,166288,175040,table-of-8752,8751,/table-of-8751,8750,/table-of-8750,8749,/table-of-8749
8753,17506,26259,35012,43765,52518,61271,70024,78777,87530,96283,105036,113789,122542,131295,140048,148801,157554,166307,175060,table-of-8753,8752,/table-of-8752,8751,/table-of-8751,8750,/table-of-8750
8754,17508,26262,35016,43770,52524,61278,70032,78786,87540,96294,105048,113802,122556,131310,140064,148818,157572,166326,175080,table-of-8754,8753,/table-of-8753,8752,/table-of-8752,8751,/table-of-8751
8755,17510,26265,35020,43775,52530,61285,70040,78795,87550,96305,105060,113815,122570,131325,140080,148835,157590,166345,175100,table-of-8755,8754,/table-of-8754,8753,/table-of-8753,8752,/table-of-8752
8756,17512,26268,35024,43780,52536,61292,70048,78804,87560,96316,105072,113828,122584,131340,140096,148852,157608,166364,175120,table-of-8756,8755,/table-of-8755,8754,/table-of-8754,8753,/table-of-8753
8757,17514,26271,35028,43785,52542,61299,70056,78813,87570,96327,105084,113841,122598,131355,140112,148869,157626,166383,175140,table-of-8757,8756,/table-of-8756,8755,/table-of-8755,8754,/table-of-8754
8758,17516,26274,35032,43790,52548,61306,70064,78822,87580,96338,105096,113854,122612,131370,140128,148886,157644,166402,175160,table-of-8758,8757,/table-of-8757,8756,/table-of-8756,8755,/table-of-8755
8759,17518,26277,35036,43795,52554,61313,70072,78831,87590,96349,105108,113867,122626,131385,140144,148903,157662,166421,175180,table-of-8759,8758,/table-of-8758,8757,/table-of-8757,8756,/table-of-8756
8760,17520,26280,35040,43800,52560,61320,70080,78840,87600,96360,105120,113880,122640,131400,140160,148920,157680,166440,175200,table-of-8760,8759,/table-of-8759,8758,/table-of-8758,8757,/table-of-8757
8761,17522,26283,35044,43805,52566,61327,70088,78849,87610,96371,105132,113893,122654,131415,140176,148937,157698,166459,175220,table-of-8761,8760,/table-of-8760,8759,/table-of-8759,8758,/table-of-8758
8762,17524,26286,35048,43810,52572,61334,70096,78858,87620,96382,105144,113906,122668,131430,140192,148954,157716,166478,175240,table-of-8762,8761,/table-of-8761,8760,/table-of-8760,8759,/table-of-8759
8763,17526,26289,35052,43815,52578,61341,70104,78867,87630,96393,105156,113919,122682,131445,140208,148971,157734,166497,175260,table-of-8763,8762,/table-of-8762,8761,/table-of-8761,8760,/table-of-8760
8764,17528,26292,35056,43820,52584,61348,70112,78876,87640,96404,105168,113932,122696,131460,140224,148988,157752,166516,175280,table-of-8764,8763,/table-of-8763,8762,/table-of-8762,8761,/table-of-8761
8765,17530,26295,35060,43825,52590,61355,70120,78885,87650,96415,105180,113945,122710,131475,140240,149005,157770,166535,175300,table-of-8765,8764,/table-of-8764,8763,/table-of-8763,8762,/table-of-8762
8766,17532,26298,35064,43830,52596,61362,70128,78894,87660,96426,105192,113958,122724,131490,140256,149022,157788,166554,175320,table-of-8766,8765,/table-of-8765,8764,/table-of-8764,8763,/table-of-8763
8767,17534,26301,35068,43835,52602,61369,70136,78903,87670,96437,105204,113971,122738,131505,140272,149039,157806,166573,175340,table-of-8767,8766,/table-of-8766,8765,/table-of-8765,8764,/table-of-8764
8768,17536,26304,35072,43840,52608,61376,70144,78912,87680,96448,105216,113984,122752,131520,140288,149056,157824,166592,175360,table-of-8768,8767,/table-of-8767,8766,/table-of-8766,8765,/table-of-8765
8769,17538,26307,35076,43845,52614,61383,70152,78921,87690,96459,105228,113997,122766,131535,140304,149073,157842,166611,175380,table-of-8769,8768,/table-of-8768,8767,/table-of-8767,8766,/table-of-8766
8770,17540,26310,35080,43850,52620,61390,70160,78930,87700,96470,105240,114010,122780,131550,140320,149090,157860,166630,175400,table-of-8770,8769,/table-of-8769,8768,/table-of-8768,8767,/table-of-8767
8771,17542,26313,35084,43855,52626,61397,70168,78939,87710,96481,105252,114023,122794,131565,140336,149107,157878,166649,175420,table-of-8771,8770,/table-of-8770,8769,/table-of-8769,8768,/table-of-8768
8772,17544,26316,35088,43860,52632,61404,70176,78948,87720,96492,105264,114036,122808,131580,140352,149124,157896,166668,175440,table-of-8772,8771,/table-of-8771,8770,/table-of-8770,8769,/table-of-8769
8773,17546,26319,35092,43865,52638,61411,70184,78957,87730,96503,105276,114049,122822,131595,140368,149141,157914,166687,175460,table-of-8773,8772,/table-of-8772,8771,/table-of-8771,8770,/table-of-8770
8774,17548,26322,35096,43870,52644,61418,70192,78966,87740,96514,105288,114062,122836,131610,140384,149158,157932,166706,175480,table-of-8774,8773,/table-of-8773,8772,/table-of-8772,8771,/table-of-8771
8775,17550,26325,35100,43875,52650,61425,70200,78975,87750,96525,105300,114075,122850,131625,140400,149175,157950,166725,175500,table-of-8775,8774,/table-of-8774,8773,/table-of-8773,8772,/table-of-8772
8776,17552,26328,35104,43880,52656,61432,70208,78984,87760,96536,105312,114088,122864,131640,140416,149192,157968,166744,175520,table-of-8776,8775,/table-of-8775,8774,/table-of-8774,8773,/table-of-8773
8777,17554,26331,35108,43885,52662,61439,70216,78993,87770,96547,105324,114101,122878,131655,140432,149209,157986,166763,175540,table-of-8777,8776,/table-of-8776,8775,/table-of-8775,8774,/table-of-8774
8778,17556,26334,35112,43890,52668,61446,70224,79002,87780,96558,105336,114114,122892,131670,140448,149226,158004,166782,175560,table-of-8778,8777,/table-of-8777,8776,/table-of-8776,8775,/table-of-8775
8779,17558,26337,35116,43895,52674,61453,70232,79011,87790,96569,105348,114127,122906,131685,140464,149243,158022,166801,175580,table-of-8779,8778,/table-of-8778,8777,/table-of-8777,8776,/table-of-8776
8780,17560,26340,35120,43900,52680,61460,70240,79020,87800,96580,105360,114140,122920,131700,140480,149260,158040,166820,175600,table-of-8780,8779,/table-of-8779,8778,/table-of-8778,8777,/table-of-8777
8781,17562,26343,35124,43905,52686,61467,70248,79029,87810,96591,105372,114153,122934,131715,140496,149277,158058,166839,175620,table-of-8781,8780,/table-of-8780,8779,/table-of-8779,8778,/table-of-8778
8782,17564,26346,35128,43910,52692,61474,70256,79038,87820,96602,105384,114166,122948,131730,140512,149294,158076,166858,175640,table-of-8782,8781,/table-of-8781,8780,/table-of-8780,8779,/table-of-8779
8783,17566,26349,35132,43915,52698,61481,70264,79047,87830,96613,105396,114179,122962,131745,140528,149311,158094,166877,175660,table-of-8783,8782,/table-of-8782,8781,/table-of-8781,8780,/table-of-8780
8784,17568,26352,35136,43920,52704,61488,70272,79056,87840,96624,105408,114192,122976,131760,140544,149328,158112,166896,175680,table-of-8784,8783,/table-of-8783,8782,/table-of-8782,8781,/table-of-8781
8785,17570,26355,35140,43925,52710,61495,70280,79065,87850,96635,105420,114205,122990,131775,140560,149345,158130,166915,175700,table-of-8785,8784,/table-of-8784,8783,/table-of-8783,8782,/table-of-8782
8786,17572,26358,35144,43930,52716,61502,70288,79074,87860,96646,105432,114218,123004,131790,140576,149362,158148,166934,175720,table-of-8786,8785,/table-of-8785,8784,/table-of-8784,8783,/table-of-8783
8787,17574,26361,35148,43935,52722,61509,70296,79083,87870,96657,105444,114231,123018,131805,140592,149379,158166,166953,175740,table-of-8787,8786,/table-of-8786,8785,/table-of-8785,8784,/table-of-8784
8788,17576,26364,35152,43940,52728,61516,70304,79092,87880,96668,105456,114244,123032,131820,140608,149396,158184,166972,175760,table-of-8788,8787,/table-of-8787,8786,/table-of-8786,8785,/table-of-8785
8789,17578,26367,35156,43945,52734,61523,70312,79101,87890,96679,105468,114257,123046,131835,140624,149413,158202,166991,175780,table-of-8789,8788,/table-of-8788,8787,/table-of-8787,8786,/table-of-8786
8790,17580,26370,35160,43950,52740,61530,70320,79110,87900,96690,105480,114270,123060,131850,140640,149430,158220,167010,175800,table-of-8790,8789,/table-of-8789,8788,/table-of-8788,8787,/table-of-8787
8791,17582,26373,35164,43955,52746,61537,70328,79119,87910,96701,105492,114283,123074,131865,140656,149447,158238,167029,175820,table-of-8791,8790,/table-of-8790,8789,/table-of-8789,8788,/table-of-8788
8792,17584,26376,35168,43960,52752,61544,70336,79128,87920,96712,105504,114296,123088,131880,140672,149464,158256,167048,175840,table-of-8792,8791,/table-of-8791,8790,/table-of-8790,8789,/table-of-8789
8793,17586,26379,35172,43965,52758,61551,70344,79137,87930,96723,105516,114309,123102,131895,140688,149481,158274,167067,175860,table-of-8793,8792,/table-of-8792,8791,/table-of-8791,8790,/table-of-8790
8794,17588,26382,35176,43970,52764,61558,70352,79146,87940,96734,105528,114322,123116,131910,140704,149498,158292,167086,175880,table-of-8794,8793,/table-of-8793,8792,/table-of-8792,8791,/table-of-8791
8795,17590,26385,35180,43975,52770,61565,70360,79155,87950,96745,105540,114335,123130,131925,140720,149515,158310,167105,175900,table-of-8795,8794,/table-of-8794,8793,/table-of-8793,8792,/table-of-8792
8796,17592,26388,35184,43980,52776,61572,70368,79164,87960,96756,105552,114348,123144,131940,140736,149532,158328,167124,175920,table-of-8796,8795,/table-of-8795,8794,/table-of-8794,8793,/table-of-8793
8797,17594,26391,35188,43985,52782,61579,70376,79173,87970,96767,105564,114361,123158,131955,140752,149549,158346,167143,175940,table-of-8797,8796,/table-of-8796,8795,/table-of-8795,8794,/table-of-8794
8798,17596,26394,35192,43990,52788,61586,70384,79182,87980,96778,105576,114374,123172,131970,140768,149566,158364,167162,175960,table-of-8798,8797,/table-of-8797,8796,/table-of-8796,8795,/table-of-8795
8799,17598,26397,35196,43995,52794,61593,70392,79191,87990,96789,105588,114387,123186,131985,140784,149583,158382,167181,175980,table-of-8799,8798,/table-of-8798,8797,/table-of-8797,8796,/table-of-8796
8800,17600,26400,35200,44000,52800,61600,70400,79200,88000,96800,105600,114400,123200,132000,140800,149600,158400,167200,176000,table-of-8800,8799,/table-of-8799,8798,/table-of-8798,8797,/table-of-8797
8801,17602,26403,35204,44005,52806,61607,70408,79209,88010,96811,105612,114413,123214,132015,140816,149617,158418,167219,176020,table-of-8801,8800,/table-of-8800,8799,/table-of-8799,8798,/table-of-8798
8802,17604,26406,35208,44010,52812,61614,70416,79218,88020,96822,105624,114426,123228,132030,140832,149634,158436,167238,176040,table-of-8802,8801,/table-of-8801,8800,/table-of-8800,8799,/table-of-8799
8803,17606,26409,35212,44015,52818,61621,70424,79227,88030,96833,105636,114439,123242,132045,140848,149651,158454,167257,176060,table-of-8803,8802,/table-of-8802,8801,/table-of-8801,8800,/table-of-8800
8804,17608,26412,35216,44020,52824,61628,70432,79236,88040,96844,105648,114452,123256,132060,140864,149668,158472,167276,176080,table-of-8804,8803,/table-of-8803,8802,/table-of-8802,8801,/table-of-8801
8805,17610,26415,35220,44025,52830,61635,70440,79245,88050,96855,105660,114465,123270,132075,140880,149685,158490,167295,176100,table-of-8805,8804,/table-of-8804,8803,/table-of-8803,8802,/table-of-8802
8806,17612,26418,35224,44030,52836,61642,70448,79254,88060,96866,105672,114478,123284,132090,140896,149702,158508,167314,176120,table-of-8806,8805,/table-of-8805,8804,/table-of-8804,8803,/table-of-8803
8807,17614,26421,35228,44035,52842,61649,70456,79263,88070,96877,105684,114491,123298,132105,140912,149719,158526,167333,176140,table-of-8807,8806,/table-of-8806,8805,/table-of-8805,8804,/table-of-8804
8808,17616,26424,35232,44040,52848,61656,70464,79272,88080,96888,105696,114504,123312,132120,140928,149736,158544,167352,176160,table-of-8808,8807,/table-of-8807,8806,/table-of-8806,8805,/table-of-8805
8809,17618,26427,35236,44045,52854,61663,70472,79281,88090,96899,105708,114517,123326,132135,140944,149753,158562,167371,176180,table-of-8809,8808,/table-of-8808,8807,/table-of-8807,8806,/table-of-8806
8810,17620,26430,35240,44050,52860,61670,70480,79290,88100,96910,105720,114530,123340,132150,140960,149770,158580,167390,176200,table-of-8810,8809,/table-of-8809,8808,/table-of-8808,8807,/table-of-8807
8811,17622,26433,35244,44055,52866,61677,70488,79299,88110,96921,105732,114543,123354,132165,140976,149787,158598,167409,176220,table-of-8811,8810,/table-of-8810,8809,/table-of-8809,8808,/table-of-8808
8812,17624,26436,35248,44060,52872,61684,70496,79308,88120,96932,105744,114556,123368,132180,140992,149804,158616,167428,176240,table-of-8812,8811,/table-of-8811,8810,/table-of-8810,8809,/table-of-8809
8813,17626,26439,35252,44065,52878,61691,70504,79317,88130,96943,105756,114569,123382,132195,141008,149821,158634,167447,176260,table-of-8813,8812,/table-of-8812,8811,/table-of-8811,8810,/table-of-8810
8814,17628,26442,35256,44070,52884,61698,70512,79326,88140,96954,105768,114582,123396,132210,141024,149838,158652,167466,176280,table-of-8814,8813,/table-of-8813,8812,/table-of-8812,8811,/table-of-8811
8815,17630,26445,35260,44075,52890,61705,70520,79335,88150,96965,105780,114595,123410,132225,141040,149855,158670,167485,176300,table-of-8815,8814,/table-of-8814,8813,/table-of-8813,8812,/table-of-8812
8816,17632,26448,35264,44080,52896,61712,70528,79344,88160,96976,105792,114608,123424,132240,141056,149872,158688,167504,176320,table-of-8816,8815,/table-of-8815,8814,/table-of-8814,8813,/table-of-8813
8817,17634,26451,35268,44085,52902,61719,70536,79353,88170,96987,105804,114621,123438,132255,141072,149889,158706,167523,176340,table-of-8817,8816,/table-of-8816,8815,/table-of-8815,8814,/table-of-8814
8818,17636,26454,35272,44090,52908,61726,70544,79362,88180,96998,105816,114634,123452,132270,141088,149906,158724,167542,176360,table-of-8818,8817,/table-of-8817,8816,/table-of-8816,8815,/table-of-8815
8819,17638,26457,35276,44095,52914,61733,70552,79371,88190,97009,105828,114647,123466,132285,141104,149923,158742,167561,176380,table-of-8819,8818,/table-of-8818,8817,/table-of-8817,8816,/table-of-8816
8820,17640,26460,35280,44100,52920,61740,70560,79380,88200,97020,105840,114660,123480,132300,141120,149940,158760,167580,176400,table-of-8820,8819,/table-of-8819,8818,/table-of-8818,8817,/table-of-8817
8821,17642,26463,35284,44105,52926,61747,70568,79389,88210,97031,105852,114673,123494,132315,141136,149957,158778,167599,176420,table-of-8821,8820,/table-of-8820,8819,/table-of-8819,8818,/table-of-8818
8822,17644,26466,35288,44110,52932,61754,70576,79398,88220,97042,105864,114686,123508,132330,141152,149974,158796,167618,176440,table-of-8822,8821,/table-of-8821,8820,/table-of-8820,8819,/table-of-8819
8823,17646,26469,35292,44115,52938,61761,70584,79407,88230,97053,105876,114699,123522,132345,141168,149991,158814,167637,176460,table-of-8823,8822,/table-of-8822,8821,/table-of-8821,8820,/table-of-8820
8824,17648,26472,35296,44120,52944,61768,70592,79416,88240,97064,105888,114712,123536,132360,141184,150008,158832,167656,176480,table-of-8824,8823,/table-of-8823,8822,/table-of-8822,8821,/table-of-8821
8825,17650,26475,35300,44125,52950,61775,70600,79425,88250,97075,105900,114725,123550,132375,141200,150025,158850,167675,176500,table-of-8825,8824,/table-of-8824,8823,/table-of-8823,8822,/table-of-8822
8826,17652,26478,35304,44130,52956,61782,70608,79434,88260,97086,105912,114738,123564,132390,141216,150042,158868,167694,176520,table-of-8826,8825,/table-of-8825,8824,/table-of-8824,8823,/table-of-8823
8827,17654,26481,35308,44135,52962,61789,70616,79443,88270,97097,105924,114751,123578,132405,141232,150059,158886,167713,176540,table-of-8827,8826,/table-of-8826,8825,/table-of-8825,8824,/table-of-8824
8828,17656,26484,35312,44140,52968,61796,70624,79452,88280,97108,105936,114764,123592,132420,141248,150076,158904,167732,176560,table-of-8828,8827,/table-of-8827,8826,/table-of-8826,8825,/table-of-8825
8829,17658,26487,35316,44145,52974,61803,70632,79461,88290,97119,105948,114777,123606,132435,141264,150093,158922,167751,176580,table-of-8829,8828,/table-of-8828,8827,/table-of-8827,8826,/table-of-8826
8830,17660,26490,35320,44150,52980,61810,70640,79470,88300,97130,105960,114790,123620,132450,141280,150110,158940,167770,176600,table-of-8830,8829,/table-of-8829,8828,/table-of-8828,8827,/table-of-8827
8831,17662,26493,35324,44155,52986,61817,70648,79479,88310,97141,105972,114803,123634,132465,141296,150127,158958,167789,176620,table-of-8831,8830,/table-of-8830,8829,/table-of-8829,8828,/table-of-8828
8832,17664,26496,35328,44160,52992,61824,70656,79488,88320,97152,105984,114816,123648,132480,141312,150144,158976,167808,176640,table-of-8832,8831,/table-of-8831,8830,/table-of-8830,8829,/table-of-8829
8833,17666,26499,35332,44165,52998,61831,70664,79497,88330,97163,105996,114829,123662,132495,141328,150161,158994,167827,176660,table-of-8833,8832,/table-of-8832,8831,/table-of-8831,8830,/table-of-8830
8834,17668,26502,35336,44170,53004,61838,70672,79506,88340,97174,106008,114842,123676,132510,141344,150178,159012,167846,176680,table-of-8834,8833,/table-of-8833,8832,/table-of-8832,8831,/table-of-8831
8835,17670,26505,35340,44175,53010,61845,70680,79515,88350,97185,106020,114855,123690,132525,141360,150195,159030,167865,176700,table-of-8835,8834,/table-of-8834,8833,/table-of-8833,8832,/table-of-8832
8836,17672,26508,35344,44180,53016,61852,70688,79524,88360,97196,106032,114868,123704,132540,141376,150212,159048,167884,176720,table-of-8836,8835,/table-of-8835,8834,/table-of-8834,8833,/table-of-8833
8837,17674,26511,35348,44185,53022,61859,70696,79533,88370,97207,106044,114881,123718,132555,141392,150229,159066,167903,176740,table-of-8837,8836,/table-of-8836,8835,/table-of-8835,8834,/table-of-8834
8838,17676,26514,35352,44190,53028,61866,70704,79542,88380,97218,106056,114894,123732,132570,141408,150246,159084,167922,176760,table-of-8838,8837,/table-of-8837,8836,/table-of-8836,8835,/table-of-8835
8839,17678,26517,35356,44195,53034,61873,70712,79551,88390,97229,106068,114907,123746,132585,141424,150263,159102,167941,176780,table-of-8839,8838,/table-of-8838,8837,/table-of-8837,8836,/table-of-8836
8840,17680,26520,35360,44200,53040,61880,70720,79560,88400,97240,106080,114920,123760,132600,141440,150280,159120,167960,176800,table-of-8840,8839,/table-of-8839,8838,/table-of-8838,8837,/table-of-8837
8841,17682,26523,35364,44205,53046,61887,70728,79569,88410,97251,106092,114933,123774,132615,141456,150297,159138,167979,176820,table-of-8841,8840,/table-of-8840,8839,/table-of-8839,8838,/table-of-8838
8842,17684,26526,35368,44210,53052,61894,70736,79578,88420,97262,106104,114946,123788,132630,141472,150314,159156,167998,176840,table-of-8842,8841,/table-of-8841,8840,/table-of-8840,8839,/table-of-8839
8843,17686,26529,35372,44215,53058,61901,70744,79587,88430,97273,106116,114959,123802,132645,141488,150331,159174,168017,176860,table-of-8843,8842,/table-of-8842,8841,/table-of-8841,8840,/table-of-8840
8844,17688,26532,35376,44220,53064,61908,70752,79596,88440,97284,106128,114972,123816,132660,141504,150348,159192,168036,176880,table-of-8844,8843,/table-of-8843,8842,/table-of-8842,8841,/table-of-8841
8845,17690,26535,35380,44225,53070,61915,70760,79605,88450,97295,106140,114985,123830,132675,141520,150365,159210,168055,176900,table-of-8845,8844,/table-of-8844,8843,/table-of-8843,8842,/table-of-8842
8846,17692,26538,35384,44230,53076,61922,70768,79614,88460,97306,106152,114998,123844,132690,141536,150382,159228,168074,176920,table-of-8846,8845,/table-of-8845,8844,/table-of-8844,8843,/table-of-8843
8847,17694,26541,35388,44235,53082,61929,70776,79623,88470,97317,106164,115011,123858,132705,141552,150399,159246,168093,176940,table-of-8847,8846,/table-of-8846,8845,/table-of-8845,8844,/table-of-8844
8848,17696,26544,35392,44240,53088,61936,70784,79632,88480,97328,106176,115024,123872,132720,141568,150416,159264,168112,176960,table-of-8848,8847,/table-of-8847,8846,/table-of-8846,8845,/table-of-8845
8849,17698,26547,35396,44245,53094,61943,70792,79641,88490,97339,106188,115037,123886,132735,141584,150433,159282,168131,176980,table-of-8849,8848,/table-of-8848,8847,/table-of-8847,8846,/table-of-8846
8850,17700,26550,35400,44250,53100,61950,70800,79650,88500,97350,106200,115050,123900,132750,141600,150450,159300,168150,177000,table-of-8850,8849,/table-of-8849,8848,/table-of-8848,8847,/table-of-8847
8851,17702,26553,35404,44255,53106,61957,70808,79659,88510,97361,106212,115063,123914,132765,141616,150467,159318,168169,177020,table-of-8851,8850,/table-of-8850,8849,/table-of-8849,8848,/table-of-8848
8852,17704,26556,35408,44260,53112,61964,70816,79668,88520,97372,106224,115076,123928,132780,141632,150484,159336,168188,177040,table-of-8852,8851,/table-of-8851,8850,/table-of-8850,8849,/table-of-8849
8853,17706,26559,35412,44265,53118,61971,70824,79677,88530,97383,106236,115089,123942,132795,141648,150501,159354,168207,177060,table-of-8853,8852,/table-of-8852,8851,/table-of-8851,8850,/table-of-8850
8854,17708,26562,35416,44270,53124,61978,70832,79686,88540,97394,106248,115102,123956,132810,141664,150518,159372,168226,177080,table-of-8854,8853,/table-of-8853,8852,/table-of-8852,8851,/table-of-8851
8855,17710,26565,35420,44275,53130,61985,70840,79695,88550,97405,106260,115115,123970,132825,141680,150535,159390,168245,177100,table-of-8855,8854,/table-of-8854,8853,/table-of-8853,8852,/table-of-8852
8856,17712,26568,35424,44280,53136,61992,70848,79704,88560,97416,106272,115128,123984,132840,141696,150552,159408,168264,177120,table-of-8856,8855,/table-of-8855,8854,/table-of-8854,8853,/table-of-8853
8857,17714,26571,35428,44285,53142,61999,70856,79713,88570,97427,106284,115141,123998,132855,141712,150569,159426,168283,177140,table-of-8857,8856,/table-of-8856,8855,/table-of-8855,8854,/table-of-8854
8858,17716,26574,35432,44290,53148,62006,70864,79722,88580,97438,106296,115154,124012,132870,141728,150586,159444,168302,177160,table-of-8858,8857,/table-of-8857,8856,/table-of-8856,8855,/table-of-8855
8859,17718,26577,35436,44295,53154,62013,70872,79731,88590,97449,106308,115167,124026,132885,141744,150603,159462,168321,177180,table-of-8859,8858,/table-of-8858,8857,/table-of-8857,8856,/table-of-8856
8860,17720,26580,35440,44300,53160,62020,70880,79740,88600,97460,106320,115180,124040,132900,141760,150620,159480,168340,177200,table-of-8860,8859,/table-of-8859,8858,/table-of-8858,8857,/table-of-8857
8861,17722,26583,35444,44305,53166,62027,70888,79749,88610,97471,106332,115193,124054,132915,141776,150637,159498,168359,177220,table-of-8861,8860,/table-of-8860,8859,/table-of-8859,8858,/table-of-8858
8862,17724,26586,35448,44310,53172,62034,70896,79758,88620,97482,106344,115206,124068,132930,141792,150654,159516,168378,177240,table-of-8862,8861,/table-of-8861,8860,/table-of-8860,8859,/table-of-8859
8863,17726,26589,35452,44315,53178,62041,70904,79767,88630,97493,106356,115219,124082,132945,141808,150671,159534,168397,177260,table-of-8863,8862,/table-of-8862,8861,/table-of-8861,8860,/table-of-8860
8864,17728,26592,35456,44320,53184,62048,70912,79776,88640,97504,106368,115232,124096,132960,141824,150688,159552,168416,177280,table-of-8864,8863,/table-of-8863,8862,/table-of-8862,8861,/table-of-8861
8865,17730,26595,35460,44325,53190,62055,70920,79785,88650,97515,106380,115245,124110,132975,141840,150705,159570,168435,177300,table-of-8865,8864,/table-of-8864,8863,/table-of-8863,8862,/table-of-8862
8866,17732,26598,35464,44330,53196,62062,70928,79794,88660,97526,106392,115258,124124,132990,141856,150722,159588,168454,177320,table-of-8866,8865,/table-of-8865,8864,/table-of-8864,8863,/table-of-8863
8867,17734,26601,35468,44335,53202,62069,70936,79803,88670,97537,106404,115271,124138,133005,141872,150739,159606,168473,177340,table-of-8867,8866,/table-of-8866,8865,/table-of-8865,8864,/table-of-8864
8868,17736,26604,35472,44340,53208,62076,70944,79812,88680,97548,106416,115284,124152,133020,141888,150756,159624,168492,177360,table-of-8868,8867,/table-of-8867,8866,/table-of-8866,8865,/table-of-8865
8869,17738,26607,35476,44345,53214,62083,70952,79821,88690,97559,106428,115297,124166,133035,141904,150773,159642,168511,177380,table-of-8869,8868,/table-of-8868,8867,/table-of-8867,8866,/table-of-8866
8870,17740,26610,35480,44350,53220,62090,70960,79830,88700,97570,106440,115310,124180,133050,141920,150790,159660,168530,177400,table-of-8870,8869,/table-of-8869,8868,/table-of-8868,8867,/table-of-8867
8871,17742,26613,35484,44355,53226,62097,70968,79839,88710,97581,106452,115323,124194,133065,141936,150807,159678,168549,177420,table-of-8871,8870,/table-of-8870,8869,/table-of-8869,8868,/table-of-8868
8872,17744,26616,35488,44360,53232,62104,70976,79848,88720,97592,106464,115336,124208,133080,141952,150824,159696,168568,177440,table-of-8872,8871,/table-of-8871,8870,/table-of-8870,8869,/table-of-8869
8873,17746,26619,35492,44365,53238,62111,70984,79857,88730,97603,106476,115349,124222,133095,141968,150841,159714,168587,177460,table-of-8873,8872,/table-of-8872,8871,/table-of-8871,8870,/table-of-8870
8874,17748,26622,35496,44370,53244,62118,70992,79866,88740,97614,106488,115362,124236,133110,141984,150858,159732,168606,177480,table-of-8874,8873,/table-of-8873,8872,/table-of-8872,8871,/table-of-8871
8875,17750,26625,35500,44375,53250,62125,71000,79875,88750,97625,106500,115375,124250,133125,142000,150875,159750,168625,177500,table-of-8875,8874,/table-of-8874,8873,/table-of-8873,8872,/table-of-8872
8876,17752,26628,35504,44380,53256,62132,71008,79884,88760,97636,106512,115388,124264,133140,142016,150892,159768,168644,177520,table-of-8876,8875,/table-of-8875,8874,/table-of-8874,8873,/table-of-8873
8877,17754,26631,35508,44385,53262,62139,71016,79893,88770,97647,106524,115401,124278,133155,142032,150909,159786,168663,177540,table-of-8877,8876,/table-of-8876,8875,/table-of-8875,8874,/table-of-8874
8878,17756,26634,35512,44390,53268,62146,71024,79902,88780,97658,106536,115414,124292,133170,142048,150926,159804,168682,177560,table-of-8878,8877,/table-of-8877,8876,/table-of-8876,8875,/table-of-8875
8879,17758,26637,35516,44395,53274,62153,71032,79911,88790,97669,106548,115427,124306,133185,142064,150943,159822,168701,177580,table-of-8879,8878,/table-of-8878,8877,/table-of-8877,8876,/table-of-8876
8880,17760,26640,35520,44400,53280,62160,71040,79920,88800,97680,106560,115440,124320,133200,142080,150960,159840,168720,177600,table-of-8880,8879,/table-of-8879,8878,/table-of-8878,8877,/table-of-8877
8881,17762,26643,35524,44405,53286,62167,71048,79929,88810,97691,106572,115453,124334,133215,142096,150977,159858,168739,177620,table-of-8881,8880,/table-of-8880,8879,/table-of-8879,8878,/table-of-8878
8882,17764,26646,35528,44410,53292,62174,71056,79938,88820,97702,106584,115466,124348,133230,142112,150994,159876,168758,177640,table-of-8882,8881,/table-of-8881,8880,/table-of-8880,8879,/table-of-8879
8883,17766,26649,35532,44415,53298,62181,71064,79947,88830,97713,106596,115479,124362,133245,142128,151011,159894,168777,177660,table-of-8883,8882,/table-of-8882,8881,/table-of-8881,8880,/table-of-8880
8884,17768,26652,35536,44420,53304,62188,71072,79956,88840,97724,106608,115492,124376,133260,142144,151028,159912,168796,177680,table-of-8884,8883,/table-of-8883,8882,/table-of-8882,8881,/table-of-8881
8885,17770,26655,35540,44425,53310,62195,71080,79965,88850,97735,106620,115505,124390,133275,142160,151045,159930,168815,177700,table-of-8885,8884,/table-of-8884,8883,/table-of-8883,8882,/table-of-8882
8886,17772,26658,35544,44430,53316,62202,71088,79974,88860,97746,106632,115518,124404,133290,142176,151062,159948,168834,177720,table-of-8886,8885,/table-of-8885,8884,/table-of-8884,8883,/table-of-8883
8887,17774,26661,35548,44435,53322,62209,71096,79983,88870,97757,106644,115531,124418,133305,142192,151079,159966,168853,177740,table-of-8887,8886,/table-of-8886,8885,/table-of-8885,8884,/table-of-8884
8888,17776,26664,35552,44440,53328,62216,71104,79992,88880,97768,106656,115544,124432,133320,142208,151096,159984,168872,177760,table-of-8888,8887,/table-of-8887,8886,/table-of-8886,8885,/table-of-8885
8889,17778,26667,35556,44445,53334,62223,71112,80001,88890,97779,106668,115557,124446,133335,142224,151113,160002,168891,177780,table-of-8889,8888,/table-of-8888,8887,/table-of-8887,8886,/table-of-8886
8890,17780,26670,35560,44450,53340,62230,71120,80010,88900,97790,106680,115570,124460,133350,142240,151130,160020,168910,177800,table-of-8890,8889,/table-of-8889,8888,/table-of-8888,8887,/table-of-8887
8891,17782,26673,35564,44455,53346,62237,71128,80019,88910,97801,106692,115583,124474,133365,142256,151147,160038,168929,177820,table-of-8891,8890,/table-of-8890,8889,/table-of-8889,8888,/table-of-8888
8892,17784,26676,35568,44460,53352,62244,71136,80028,88920,97812,106704,115596,124488,133380,142272,151164,160056,168948,177840,table-of-8892,8891,/table-of-8891,8890,/table-of-8890,8889,/table-of-8889
8893,17786,26679,35572,44465,53358,62251,71144,80037,88930,97823,106716,115609,124502,133395,142288,151181,160074,168967,177860,table-of-8893,8892,/table-of-8892,8891,/table-of-8891,8890,/table-of-8890
8894,17788,26682,35576,44470,53364,62258,71152,80046,88940,97834,106728,115622,124516,133410,142304,151198,160092,168986,177880,table-of-8894,8893,/table-of-8893,8892,/table-of-8892,8891,/table-of-8891
8895,17790,26685,35580,44475,53370,62265,71160,80055,88950,97845,106740,115635,124530,133425,142320,151215,160110,169005,177900,table-of-8895,8894,/table-of-8894,8893,/table-of-8893,8892,/table-of-8892
8896,17792,26688,35584,44480,53376,62272,71168,80064,88960,97856,106752,115648,124544,133440,142336,151232,160128,169024,177920,table-of-8896,8895,/table-of-8895,8894,/table-of-8894,8893,/table-of-8893
8897,17794,26691,35588,44485,53382,62279,71176,80073,88970,97867,106764,115661,124558,133455,142352,151249,160146,169043,177940,table-of-8897,8896,/table-of-8896,8895,/table-of-8895,8894,/table-of-8894
8898,17796,26694,35592,44490,53388,62286,71184,80082,88980,97878,106776,115674,124572,133470,142368,151266,160164,169062,177960,table-of-8898,8897,/table-of-8897,8896,/table-of-8896,8895,/table-of-8895
8899,17798,26697,35596,44495,53394,62293,71192,80091,88990,97889,106788,115687,124586,133485,142384,151283,160182,169081,177980,table-of-8899,8898,/table-of-8898,8897,/table-of-8897,8896,/table-of-8896
8900,17800,26700,35600,44500,53400,62300,71200,80100,89000,97900,106800,115700,124600,133500,142400,151300,160200,169100,178000,table-of-8900,8899,/table-of-8899,8898,/table-of-8898,8897,/table-of-8897
8901,17802,26703,35604,44505,53406,62307,71208,80109,89010,97911,106812,115713,124614,133515,142416,151317,160218,169119,178020,table-of-8901,8900,/table-of-8900,8899,/table-of-8899,8898,/table-of-8898
8902,17804,26706,35608,44510,53412,62314,71216,80118,89020,97922,106824,115726,124628,133530,142432,151334,160236,169138,178040,table-of-8902,8901,/table-of-8901,8900,/table-of-8900,8899,/table-of-8899
8903,17806,26709,35612,44515,53418,62321,71224,80127,89030,97933,106836,115739,124642,133545,142448,151351,160254,169157,178060,table-of-8903,8902,/table-of-8902,8901,/table-of-8901,8900,/table-of-8900
8904,17808,26712,35616,44520,53424,62328,71232,80136,89040,97944,106848,115752,124656,133560,142464,151368,160272,169176,178080,table-of-8904,8903,/table-of-8903,8902,/table-of-8902,8901,/table-of-8901
8905,17810,26715,35620,44525,53430,62335,71240,80145,89050,97955,106860,115765,124670,133575,142480,151385,160290,169195,178100,table-of-8905,8904,/table-of-8904,8903,/table-of-8903,8902,/table-of-8902
8906,17812,26718,35624,44530,53436,62342,71248,80154,89060,97966,106872,115778,124684,133590,142496,151402,160308,169214,178120,table-of-8906,8905,/table-of-8905,8904,/table-of-8904,8903,/table-of-8903
8907,17814,26721,35628,44535,53442,62349,71256,80163,89070,97977,106884,115791,124698,133605,142512,151419,160326,169233,178140,table-of-8907,8906,/table-of-8906,8905,/table-of-8905,8904,/table-of-8904
8908,17816,26724,35632,44540,53448,62356,71264,80172,89080,97988,106896,115804,124712,133620,142528,151436,160344,169252,178160,table-of-8908,8907,/table-of-8907,8906,/table-of-8906,8905,/table-of-8905
8909,17818,26727,35636,44545,53454,62363,71272,80181,89090,97999,106908,115817,124726,133635,142544,151453,160362,169271,178180,table-of-8909,8908,/table-of-8908,8907,/table-of-8907,8906,/table-of-8906
8910,17820,26730,35640,44550,53460,62370,71280,80190,89100,98010,106920,115830,124740,133650,142560,151470,160380,169290,178200,table-of-8910,8909,/table-of-8909,8908,/table-of-8908,8907,/table-of-8907
8911,17822,26733,35644,44555,53466,62377,71288,80199,89110,98021,106932,115843,124754,133665,142576,151487,160398,169309,178220,table-of-8911,8910,/table-of-8910,8909,/table-of-8909,8908,/table-of-8908
8912,17824,26736,35648,44560,53472,62384,71296,80208,89120,98032,106944,115856,124768,133680,142592,151504,160416,169328,178240,table-of-8912,8911,/table-of-8911,8910,/table-of-8910,8909,/table-of-8909
8913,17826,26739,35652,44565,53478,62391,71304,80217,89130,98043,106956,115869,124782,133695,142608,151521,160434,169347,178260,table-of-8913,8912,/table-of-8912,8911,/table-of-8911,8910,/table-of-8910
8914,17828,26742,35656,44570,53484,62398,71312,80226,89140,98054,106968,115882,124796,133710,142624,151538,160452,169366,178280,table-of-8914,8913,/table-of-8913,8912,/table-of-8912,8911,/table-of-8911
8915,17830,26745,35660,44575,53490,62405,71320,80235,89150,98065,106980,115895,124810,133725,142640,151555,160470,169385,178300,table-of-8915,8914,/table-of-8914,8913,/table-of-8913,8912,/table-of-8912
8916,17832,26748,35664,44580,53496,62412,71328,80244,89160,98076,106992,115908,124824,133740,142656,151572,160488,169404,178320,table-of-8916,8915,/table-of-8915,8914,/table-of-8914,8913,/table-of-8913
8917,17834,26751,35668,44585,53502,62419,71336,80253,89170,98087,107004,115921,124838,133755,142672,151589,160506,169423,178340,table-of-8917,8916,/table-of-8916,8915,/table-of-8915,8914,/table-of-8914
8918,17836,26754,35672,44590,53508,62426,71344,80262,89180,98098,107016,115934,124852,133770,142688,151606,160524,169442,178360,table-of-8918,8917,/table-of-8917,8916,/table-of-8916,8915,/table-of-8915
8919,17838,26757,35676,44595,53514,62433,71352,80271,89190,98109,107028,115947,124866,133785,142704,151623,160542,169461,178380,table-of-8919,8918,/table-of-8918,8917,/table-of-8917,8916,/table-of-8916
8920,17840,26760,35680,44600,53520,62440,71360,80280,89200,98120,107040,115960,124880,133800,142720,151640,160560,169480,178400,table-of-8920,8919,/table-of-8919,8918,/table-of-8918,8917,/table-of-8917
8921,17842,26763,35684,44605,53526,62447,71368,80289,89210,98131,107052,115973,124894,133815,142736,151657,160578,169499,178420,table-of-8921,8920,/table-of-8920,8919,/table-of-8919,8918,/table-of-8918
8922,17844,26766,35688,44610,53532,62454,71376,80298,89220,98142,107064,115986,124908,133830,142752,151674,160596,169518,178440,table-of-8922,8921,/table-of-8921,8920,/table-of-8920,8919,/table-of-8919
8923,17846,26769,35692,44615,53538,62461,71384,80307,89230,98153,107076,115999,124922,133845,142768,151691,160614,169537,178460,table-of-8923,8922,/table-of-8922,8921,/table-of-8921,8920,/table-of-8920
8924,17848,26772,35696,44620,53544,62468,71392,80316,89240,98164,107088,116012,124936,133860,142784,151708,160632,169556,178480,table-of-8924,8923,/table-of-8923,8922,/table-of-8922,8921,/table-of-8921
8925,17850,26775,35700,44625,53550,62475,71400,80325,89250,98175,107100,116025,124950,133875,142800,151725,160650,169575,178500,table-of-8925,8924,/table-of-8924,8923,/table-of-8923,8922,/table-of-8922
8926,17852,26778,35704,44630,53556,62482,71408,80334,89260,98186,107112,116038,124964,133890,142816,151742,160668,169594,178520,table-of-8926,8925,/table-of-8925,8924,/table-of-8924,8923,/table-of-8923
8927,17854,26781,35708,44635,53562,62489,71416,80343,89270,98197,107124,116051,124978,133905,142832,151759,160686,169613,178540,table-of-8927,8926,/table-of-8926,8925,/table-of-8925,8924,/table-of-8924
8928,17856,26784,35712,44640,53568,62496,71424,80352,89280,98208,107136,116064,124992,133920,142848,151776,160704,169632,178560,table-of-8928,8927,/table-of-8927,8926,/table-of-8926,8925,/table-of-8925
8929,17858,26787,35716,44645,53574,62503,71432,80361,89290,98219,107148,116077,125006,133935,142864,151793,160722,169651,178580,table-of-8929,8928,/table-of-8928,8927,/table-of-8927,8926,/table-of-8926
8930,17860,26790,35720,44650,53580,62510,71440,80370,89300,98230,107160,116090,125020,133950,142880,151810,160740,169670,178600,table-of-8930,8929,/table-of-8929,8928,/table-of-8928,8927,/table-of-8927
8931,17862,26793,35724,44655,53586,62517,71448,80379,89310,98241,107172,116103,125034,133965,142896,151827,160758,169689,178620,table-of-8931,8930,/table-of-8930,8929,/table-of-8929,8928,/table-of-8928
8932,17864,26796,35728,44660,53592,62524,71456,80388,89320,98252,107184,116116,125048,133980,142912,151844,160776,169708,178640,table-of-8932,8931,/table-of-8931,8930,/table-of-8930,8929,/table-of-8929
8933,17866,26799,35732,44665,53598,62531,71464,80397,89330,98263,107196,116129,125062,133995,142928,151861,160794,169727,178660,table-of-8933,8932,/table-of-8932,8931,/table-of-8931,8930,/table-of-8930
8934,17868,26802,35736,44670,53604,62538,71472,80406,89340,98274,107208,116142,125076,134010,142944,151878,160812,169746,178680,table-of-8934,8933,/table-of-8933,8932,/table-of-8932,8931,/table-of-8931
8935,17870,26805,35740,44675,53610,62545,71480,80415,89350,98285,107220,116155,125090,134025,142960,151895,160830,169765,178700,table-of-8935,8934,/table-of-8934,8933,/table-of-8933,8932,/table-of-8932
8936,17872,26808,35744,44680,53616,62552,71488,80424,89360,98296,107232,116168,125104,134040,142976,151912,160848,169784,178720,table-of-8936,8935,/table-of-8935,8934,/table-of-8934,8933,/table-of-8933
8937,17874,26811,35748,44685,53622,62559,71496,80433,89370,98307,107244,116181,125118,134055,142992,151929,160866,169803,178740,table-of-8937,8936,/table-of-8936,8935,/table-of-8935,8934,/table-of-8934
8938,17876,26814,35752,44690,53628,62566,71504,80442,89380,98318,107256,116194,125132,134070,143008,151946,160884,169822,178760,table-of-8938,8937,/table-of-8937,8936,/table-of-8936,8935,/table-of-8935
8939,17878,26817,35756,44695,53634,62573,71512,80451,89390,98329,107268,116207,125146,134085,143024,151963,160902,169841,178780,table-of-8939,8938,/table-of-8938,8937,/table-of-8937,8936,/table-of-8936
8940,17880,26820,35760,44700,53640,62580,71520,80460,89400,98340,107280,116220,125160,134100,143040,151980,160920,169860,178800,table-of-8940,8939,/table-of-8939,8938,/table-of-8938,8937,/table-of-8937
8941,17882,26823,35764,44705,53646,62587,71528,80469,89410,98351,107292,116233,125174,134115,143056,151997,160938,169879,178820,table-of-8941,8940,/table-of-8940,8939,/table-of-8939,8938,/table-of-8938
8942,17884,26826,35768,44710,53652,62594,71536,80478,89420,98362,107304,116246,125188,134130,143072,152014,160956,169898,178840,table-of-8942,8941,/table-of-8941,8940,/table-of-8940,8939,/table-of-8939
8943,17886,26829,35772,44715,53658,62601,71544,80487,89430,98373,107316,116259,125202,134145,143088,152031,160974,169917,178860,table-of-8943,8942,/table-of-8942,8941,/table-of-8941,8940,/table-of-8940
8944,17888,26832,35776,44720,53664,62608,71552,80496,89440,98384,107328,116272,125216,134160,143104,152048,160992,169936,178880,table-of-8944,8943,/table-of-8943,8942,/table-of-8942,8941,/table-of-8941
8945,17890,26835,35780,44725,53670,62615,71560,80505,89450,98395,107340,116285,125230,134175,143120,152065,161010,169955,178900,table-of-8945,8944,/table-of-8944,8943,/table-of-8943,8942,/table-of-8942
8946,17892,26838,35784,44730,53676,62622,71568,80514,89460,98406,107352,116298,125244,134190,143136,152082,161028,169974,178920,table-of-8946,8945,/table-of-8945,8944,/table-of-8944,8943,/table-of-8943
8947,17894,26841,35788,44735,53682,62629,71576,80523,89470,98417,107364,116311,125258,134205,143152,152099,161046,169993,178940,table-of-8947,8946,/table-of-8946,8945,/table-of-8945,8944,/table-of-8944
8948,17896,26844,35792,44740,53688,62636,71584,80532,89480,98428,107376,116324,125272,134220,143168,152116,161064,170012,178960,table-of-8948,8947,/table-of-8947,8946,/table-of-8946,8945,/table-of-8945
8949,17898,26847,35796,44745,53694,62643,71592,80541,89490,98439,107388,116337,125286,134235,143184,152133,161082,170031,178980,table-of-8949,8948,/table-of-8948,8947,/table-of-8947,8946,/table-of-8946
8950,17900,26850,35800,44750,53700,62650,71600,80550,89500,98450,107400,116350,125300,134250,143200,152150,161100,170050,179000,table-of-8950,8949,/table-of-8949,8948,/table-of-8948,8947,/table-of-8947
8951,17902,26853,35804,44755,53706,62657,71608,80559,89510,98461,107412,116363,125314,134265,143216,152167,161118,170069,179020,table-of-8951,8950,/table-of-8950,8949,/table-of-8949,8948,/table-of-8948
8952,17904,26856,35808,44760,53712,62664,71616,80568,89520,98472,107424,116376,125328,134280,143232,152184,161136,170088,179040,table-of-8952,8951,/table-of-8951,8950,/table-of-8950,8949,/table-of-8949
8953,17906,26859,35812,44765,53718,62671,71624,80577,89530,98483,107436,116389,125342,134295,143248,152201,161154,170107,179060,table-of-8953,8952,/table-of-8952,8951,/table-of-8951,8950,/table-of-8950
8954,17908,26862,35816,44770,53724,62678,71632,80586,89540,98494,107448,116402,125356,134310,143264,152218,161172,170126,179080,table-of-8954,8953,/table-of-8953,8952,/table-of-8952,8951,/table-of-8951
8955,17910,26865,35820,44775,53730,62685,71640,80595,89550,98505,107460,116415,125370,134325,143280,152235,161190,170145,179100,table-of-8955,8954,/table-of-8954,8953,/table-of-8953,8952,/table-of-8952
8956,17912,26868,35824,44780,53736,62692,71648,80604,89560,98516,107472,116428,125384,134340,143296,152252,161208,170164,179120,table-of-8956,8955,/table-of-8955,8954,/table-of-8954,8953,/table-of-8953
8957,17914,26871,35828,44785,53742,62699,71656,80613,89570,98527,107484,116441,125398,134355,143312,152269,161226,170183,179140,table-of-8957,8956,/table-of-8956,8955,/table-of-8955,8954,/table-of-8954
8958,17916,26874,35832,44790,53748,62706,71664,80622,89580,98538,107496,116454,125412,134370,143328,152286,161244,170202,179160,table-of-8958,8957,/table-of-8957,8956,/table-of-8956,8955,/table-of-8955
8959,17918,26877,35836,44795,53754,62713,71672,80631,89590,98549,107508,116467,125426,134385,143344,152303,161262,170221,179180,table-of-8959,8958,/table-of-8958,8957,/table-of-8957,8956,/table-of-8956
8960,17920,26880,35840,44800,53760,62720,71680,80640,89600,98560,107520,116480,125440,134400,143360,152320,161280,170240,179200,table-of-8960,8959,/table-of-8959,8958,/table-of-8958,8957,/table-of-8957
8961,17922,26883,35844,44805,53766,62727,71688,80649,89610,98571,107532,116493,125454,134415,143376,152337,161298,170259,179220,table-of-8961,8960,/table-of-8960,8959,/table-of-8959,8958,/table-of-8958
8962,17924,26886,35848,44810,53772,62734,71696,80658,89620,98582,107544,116506,125468,134430,143392,152354,161316,170278,179240,table-of-8962,8961,/table-of-8961,8960,/table-of-8960,8959,/table-of-8959
8963,17926,26889,35852,44815,53778,62741,71704,80667,89630,98593,107556,116519,125482,134445,143408,152371,161334,170297,179260,table-of-8963,8962,/table-of-8962,8961,/table-of-8961,8960,/table-of-8960
8964,17928,26892,35856,44820,53784,62748,71712,80676,89640,98604,107568,116532,125496,134460,143424,152388,161352,170316,179280,table-of-8964,8963,/table-of-8963,8962,/table-of-8962,8961,/table-of-8961
8965,17930,26895,35860,44825,53790,62755,71720,80685,89650,98615,107580,116545,125510,134475,143440,152405,161370,170335,179300,table-of-8965,8964,/table-of-8964,8963,/table-of-8963,8962,/table-of-8962
8966,17932,26898,35864,44830,53796,62762,71728,80694,89660,98626,107592,116558,125524,134490,143456,152422,161388,170354,179320,table-of-8966,8965,/table-of-8965,8964,/table-of-8964,8963,/table-of-8963
8967,17934,26901,35868,44835,53802,62769,71736,80703,89670,98637,107604,116571,125538,134505,143472,152439,161406,170373,179340,table-of-8967,8966,/table-of-8966,8965,/table-of-8965,8964,/table-of-8964
8968,17936,26904,35872,44840,53808,62776,71744,80712,89680,98648,107616,116584,125552,134520,143488,152456,161424,170392,179360,table-of-8968,8967,/table-of-8967,8966,/table-of-8966,8965,/table-of-8965
8969,17938,26907,35876,44845,53814,62783,71752,80721,89690,98659,107628,116597,125566,134535,143504,152473,161442,170411,179380,table-of-8969,8968,/table-of-8968,8967,/table-of-8967,8966,/table-of-8966
8970,17940,26910,35880,44850,53820,62790,71760,80730,89700,98670,107640,116610,125580,134550,143520,152490,161460,170430,179400,table-of-8970,8969,/table-of-8969,8968,/table-of-8968,8967,/table-of-8967
8971,17942,26913,35884,44855,53826,62797,71768,80739,89710,98681,107652,116623,125594,134565,143536,152507,161478,170449,179420,table-of-8971,8970,/table-of-8970,8969,/table-of-8969,8968,/table-of-8968
8972,17944,26916,35888,44860,53832,62804,71776,80748,89720,98692,107664,116636,125608,134580,143552,152524,161496,170468,179440,table-of-8972,8971,/table-of-8971,8970,/table-of-8970,8969,/table-of-8969
8973,17946,26919,35892,44865,53838,62811,71784,80757,89730,98703,107676,116649,125622,134595,143568,152541,161514,170487,179460,table-of-8973,8972,/table-of-8972,8971,/table-of-8971,8970,/table-of-8970
8974,17948,26922,35896,44870,53844,62818,71792,80766,89740,98714,107688,116662,125636,134610,143584,152558,161532,170506,179480,table-of-8974,8973,/table-of-8973,8972,/table-of-8972,8971,/table-of-8971
8975,17950,26925,35900,44875,53850,62825,71800,80775,89750,98725,107700,116675,125650,134625,143600,152575,161550,170525,179500,table-of-8975,8974,/table-of-8974,8973,/table-of-8973,8972,/table-of-8972
8976,17952,26928,35904,44880,53856,62832,71808,80784,89760,98736,107712,116688,125664,134640,143616,152592,161568,170544,179520,table-of-8976,8975,/table-of-8975,8974,/table-of-8974,8973,/table-of-8973
8977,17954,26931,35908,44885,53862,62839,71816,80793,89770,98747,107724,116701,125678,134655,143632,152609,161586,170563,179540,table-of-8977,8976,/table-of-8976,8975,/table-of-8975,8974,/table-of-8974
8978,17956,26934,35912,44890,53868,62846,71824,80802,89780,98758,107736,116714,125692,134670,143648,152626,161604,170582,179560,table-of-8978,8977,/table-of-8977,8976,/table-of-8976,8975,/table-of-8975
8979,17958,26937,35916,44895,53874,62853,71832,80811,89790,98769,107748,116727,125706,134685,143664,152643,161622,170601,179580,table-of-8979,8978,/table-of-8978,8977,/table-of-8977,8976,/table-of-8976
8980,17960,26940,35920,44900,53880,62860,71840,80820,89800,98780,107760,116740,125720,134700,143680,152660,161640,170620,179600,table-of-8980,8979,/table-of-8979,8978,/table-of-8978,8977,/table-of-8977
8981,17962,26943,35924,44905,53886,62867,71848,80829,89810,98791,107772,116753,125734,134715,143696,152677,161658,170639,179620,table-of-8981,8980,/table-of-8980,8979,/table-of-8979,8978,/table-of-8978
8982,17964,26946,35928,44910,53892,62874,71856,80838,89820,98802,107784,116766,125748,134730,143712,152694,161676,170658,179640,table-of-8982,8981,/table-of-8981,8980,/table-of-8980,8979,/table-of-8979
8983,17966,26949,35932,44915,53898,62881,71864,80847,89830,98813,107796,116779,125762,134745,143728,152711,161694,170677,179660,table-of-8983,8982,/table-of-8982,8981,/table-of-8981,8980,/table-of-8980
8984,17968,26952,35936,44920,53904,62888,71872,80856,89840,98824,107808,116792,125776,134760,143744,152728,161712,170696,179680,table-of-8984,8983,/table-of-8983,8982,/table-of-8982,8981,/table-of-8981
8985,17970,26955,35940,44925,53910,62895,71880,80865,89850,98835,107820,116805,125790,134775,143760,152745,161730,170715,179700,table-of-8985,8984,/table-of-8984,8983,/table-of-8983,8982,/table-of-8982
8986,17972,26958,35944,44930,53916,62902,71888,80874,89860,98846,107832,116818,125804,134790,143776,152762,161748,170734,179720,table-of-8986,8985,/table-of-8985,8984,/table-of-8984,8983,/table-of-8983
8987,17974,26961,35948,44935,53922,62909,71896,80883,89870,98857,107844,116831,125818,134805,143792,152779,161766,170753,179740,table-of-8987,8986,/table-of-8986,8985,/table-of-8985,8984,/table-of-8984
8988,17976,26964,35952,44940,53928,62916,71904,80892,89880,98868,107856,116844,125832,134820,143808,152796,161784,170772,179760,table-of-8988,8987,/table-of-8987,8986,/table-of-8986,8985,/table-of-8985
8989,17978,26967,35956,44945,53934,62923,71912,80901,89890,98879,107868,116857,125846,134835,143824,152813,161802,170791,179780,table-of-8989,8988,/table-of-8988,8987,/table-of-8987,8986,/table-of-8986
8990,17980,26970,35960,44950,53940,62930,71920,80910,89900,98890,107880,116870,125860,134850,143840,152830,161820,170810,179800,table-of-8990,8989,/table-of-8989,8988,/table-of-8988,8987,/table-of-8987
8991,17982,26973,35964,44955,53946,62937,71928,80919,89910,98901,107892,116883,125874,134865,143856,152847,161838,170829,179820,table-of-8991,8990,/table-of-8990,8989,/table-of-8989,8988,/table-of-8988
8992,17984,26976,35968,44960,53952,62944,71936,80928,89920,98912,107904,116896,125888,134880,143872,152864,161856,170848,179840,table-of-8992,8991,/table-of-8991,8990,/table-of-8990,8989,/table-of-8989
8993,17986,26979,35972,44965,53958,62951,71944,80937,89930,98923,107916,116909,125902,134895,143888,152881,161874,170867,179860,table-of-8993,8992,/table-of-8992,8991,/table-of-8991,8990,/table-of-8990
8994,17988,26982,35976,44970,53964,62958,71952,80946,89940,98934,107928,116922,125916,134910,143904,152898,161892,170886,179880,table-of-8994,8993,/table-of-8993,8992,/table-of-8992,8991,/table-of-8991
8995,17990,26985,35980,44975,53970,62965,71960,80955,89950,98945,107940,116935,125930,134925,143920,152915,161910,170905,179900,table-of-8995,8994,/table-of-8994,8993,/table-of-8993,8992,/table-of-8992
8996,17992,26988,35984,44980,53976,62972,71968,80964,89960,98956,107952,116948,125944,134940,143936,152932,161928,170924,179920,table-of-8996,8995,/table-of-8995,8994,/table-of-8994,8993,/table-of-8993
8997,17994,26991,35988,44985,53982,62979,71976,80973,89970,98967,107964,116961,125958,134955,143952,152949,161946,170943,179940,table-of-8997,8996,/table-of-8996,8995,/table-of-8995,8994,/table-of-8994
8998,17996,26994,35992,44990,53988,62986,71984,80982,89980,98978,107976,116974,125972,134970,143968,152966,161964,170962,179960,table-of-8998,8997,/table-of-8997,8996,/table-of-8996,8995,/table-of-8995
8999,17998,26997,35996,44995,53994,62993,71992,80991,89990,98989,107988,116987,125986,134985,143984,152983,161982,170981,179980,table-of-8999,8998,/table-of-8998,8997,/table-of-8997,8996,/table-of-8996
9000,18000,27000,36000,45000,54000,63000,72000,81000,90000,99000,108000,117000,126000,135000,144000,153000,162000,171000,180000,table-of-9000,8999,/table-of-8999,8998,/table-of-8998,8997,/table-of-8997
9001,18002,27003,36004,45005,54006,63007,72008,81009,90010,99011,108012,117013,126014,135015,144016,153017,162018,171019,180020,table-of-9001,9000,/table-of-9000,8999,/table-of-8999,8998,/table-of-8998
9002,18004,27006,36008,45010,54012,63014,72016,81018,90020,99022,108024,117026,126028,135030,144032,153034,162036,171038,180040,table-of-9002,9001,/table-of-9001,9000,/table-of-9000,8999,/table-of-8999
9003,18006,27009,36012,45015,54018,63021,72024,81027,90030,99033,108036,117039,126042,135045,144048,153051,162054,171057,180060,table-of-9003,9002,/table-of-9002,9001,/table-of-9001,9000,/table-of-9000
9004,18008,27012,36016,45020,54024,63028,72032,81036,90040,99044,108048,117052,126056,135060,144064,153068,162072,171076,180080,table-of-9004,9003,/table-of-9003,9002,/table-of-9002,9001,/table-of-9001
9005,18010,27015,36020,45025,54030,63035,72040,81045,90050,99055,108060,117065,126070,135075,144080,153085,162090,171095,180100,table-of-9005,9004,/table-of-9004,9003,/table-of-9003,9002,/table-of-9002
9006,18012,27018,36024,45030,54036,63042,72048,81054,90060,99066,108072,117078,126084,135090,144096,153102,162108,171114,180120,table-of-9006,9005,/table-of-9005,9004,/table-of-9004,9003,/table-of-9003
9007,18014,27021,36028,45035,54042,63049,72056,81063,90070,99077,108084,117091,126098,135105,144112,153119,162126,171133,180140,table-of-9007,9006,/table-of-9006,9005,/table-of-9005,9004,/table-of-9004
9008,18016,27024,36032,45040,54048,63056,72064,81072,90080,99088,108096,117104,126112,135120,144128,153136,162144,171152,180160,table-of-9008,9007,/table-of-9007,9006,/table-of-9006,9005,/table-of-9005
9009,18018,27027,36036,45045,54054,63063,72072,81081,90090,99099,108108,117117,126126,135135,144144,153153,162162,171171,180180,table-of-9009,9008,/table-of-9008,9007,/table-of-9007,9006,/table-of-9006
9010,18020,27030,36040,45050,54060,63070,72080,81090,90100,99110,108120,117130,126140,135150,144160,153170,162180,171190,180200,table-of-9010,9009,/table-of-9009,9008,/table-of-9008,9007,/table-of-9007
9011,18022,27033,36044,45055,54066,63077,72088,81099,90110,99121,108132,117143,126154,135165,144176,153187,162198,171209,180220,table-of-9011,9010,/table-of-9010,9009,/table-of-9009,9008,/table-of-9008
9012,18024,27036,36048,45060,54072,63084,72096,81108,90120,99132,108144,117156,126168,135180,144192,153204,162216,171228,180240,table-of-9012,9011,/table-of-9011,9010,/table-of-9010,9009,/table-of-9009
9013,18026,27039,36052,45065,54078,63091,72104,81117,90130,99143,108156,117169,126182,135195,144208,153221,162234,171247,180260,table-of-9013,9012,/table-of-9012,9011,/table-of-9011,9010,/table-of-9010
9014,18028,27042,36056,45070,54084,63098,72112,81126,90140,99154,108168,117182,126196,135210,144224,153238,162252,171266,180280,table-of-9014,9013,/table-of-9013,9012,/table-of-9012,9011,/table-of-9011
9015,18030,27045,36060,45075,54090,63105,72120,81135,90150,99165,108180,117195,126210,135225,144240,153255,162270,171285,180300,table-of-9015,9014,/table-of-9014,9013,/table-of-9013,9012,/table-of-9012
9016,18032,27048,36064,45080,54096,63112,72128,81144,90160,99176,108192,117208,126224,135240,144256,153272,162288,171304,180320,table-of-9016,9015,/table-of-9015,9014,/table-of-9014,9013,/table-of-9013
9017,18034,27051,36068,45085,54102,63119,72136,81153,90170,99187,108204,117221,126238,135255,144272,153289,162306,171323,180340,table-of-9017,9016,/table-of-9016,9015,/table-of-9015,9014,/table-of-9014
9018,18036,27054,36072,45090,54108,63126,72144,81162,90180,99198,108216,117234,126252,135270,144288,153306,162324,171342,180360,table-of-9018,9017,/table-of-9017,9016,/table-of-9016,9015,/table-of-9015
9019,18038,27057,36076,45095,54114,63133,72152,81171,90190,99209,108228,117247,126266,135285,144304,153323,162342,171361,180380,table-of-9019,9018,/table-of-9018,9017,/table-of-9017,9016,/table-of-9016
9020,18040,27060,36080,45100,54120,63140,72160,81180,90200,99220,108240,117260,126280,135300,144320,153340,162360,171380,180400,table-of-9020,9019,/table-of-9019,9018,/table-of-9018,9017,/table-of-9017
9021,18042,27063,36084,45105,54126,63147,72168,81189,90210,99231,108252,117273,126294,135315,144336,153357,162378,171399,180420,table-of-9021,9020,/table-of-9020,9019,/table-of-9019,9018,/table-of-9018
9022,18044,27066,36088,45110,54132,63154,72176,81198,90220,99242,108264,117286,126308,135330,144352,153374,162396,171418,180440,table-of-9022,9021,/table-of-9021,9020,/table-of-9020,9019,/table-of-9019
9023,18046,27069,36092,45115,54138,63161,72184,81207,90230,99253,108276,117299,126322,135345,144368,153391,162414,171437,180460,table-of-9023,9022,/table-of-9022,9021,/table-of-9021,9020,/table-of-9020
9024,18048,27072,36096,45120,54144,63168,72192,81216,90240,99264,108288,117312,126336,135360,144384,153408,162432,171456,180480,table-of-9024,9023,/table-of-9023,9022,/table-of-9022,9021,/table-of-9021
9025,18050,27075,36100,45125,54150,63175,72200,81225,90250,99275,108300,117325,126350,135375,144400,153425,162450,171475,180500,table-of-9025,9024,/table-of-9024,9023,/table-of-9023,9022,/table-of-9022
9026,18052,27078,36104,45130,54156,63182,72208,81234,90260,99286,108312,117338,126364,135390,144416,153442,162468,171494,180520,table-of-9026,9025,/table-of-9025,9024,/table-of-9024,9023,/table-of-9023
9027,18054,27081,36108,45135,54162,63189,72216,81243,90270,99297,108324,117351,126378,135405,144432,153459,162486,171513,180540,table-of-9027,9026,/table-of-9026,9025,/table-of-9025,9024,/table-of-9024
9028,18056,27084,36112,45140,54168,63196,72224,81252,90280,99308,108336,117364,126392,135420,144448,153476,162504,171532,180560,table-of-9028,9027,/table-of-9027,9026,/table-of-9026,9025,/table-of-9025
9029,18058,27087,36116,45145,54174,63203,72232,81261,90290,99319,108348,117377,126406,135435,144464,153493,162522,171551,180580,table-of-9029,9028,/table-of-9028,9027,/table-of-9027,9026,/table-of-9026
9030,18060,27090,36120,45150,54180,63210,72240,81270,90300,99330,108360,117390,126420,135450,144480,153510,162540,171570,180600,table-of-9030,9029,/table-of-9029,9028,/table-of-9028,9027,/table-of-9027
9031,18062,27093,36124,45155,54186,63217,72248,81279,90310,99341,108372,117403,126434,135465,144496,153527,162558,171589,180620,table-of-9031,9030,/table-of-9030,9029,/table-of-9029,9028,/table-of-9028
9032,18064,27096,36128,45160,54192,63224,72256,81288,90320,99352,108384,117416,126448,135480,144512,153544,162576,171608,180640,table-of-9032,9031,/table-of-9031,9030,/table-of-9030,9029,/table-of-9029
9033,18066,27099,36132,45165,54198,63231,72264,81297,90330,99363,108396,117429,126462,135495,144528,153561,162594,171627,180660,table-of-9033,9032,/table-of-9032,9031,/table-of-9031,9030,/table-of-9030
9034,18068,27102,36136,45170,54204,63238,72272,81306,90340,99374,108408,117442,126476,135510,144544,153578,162612,171646,180680,table-of-9034,9033,/table-of-9033,9032,/table-of-9032,9031,/table-of-9031
9035,18070,27105,36140,45175,54210,63245,72280,81315,90350,99385,108420,117455,126490,135525,144560,153595,162630,171665,180700,table-of-9035,9034,/table-of-9034,9033,/table-of-9033,9032,/table-of-9032
9036,18072,27108,36144,45180,54216,63252,72288,81324,90360,99396,108432,117468,126504,135540,144576,153612,162648,171684,180720,table-of-9036,9035,/table-of-9035,9034,/table-of-9034,9033,/table-of-9033
9037,18074,27111,36148,45185,54222,63259,72296,81333,90370,99407,108444,117481,126518,135555,144592,153629,162666,171703,180740,table-of-9037,9036,/table-of-9036,9035,/table-of-9035,9034,/table-of-9034
9038,18076,27114,36152,45190,54228,63266,72304,81342,90380,99418,108456,117494,126532,135570,144608,153646,162684,171722,180760,table-of-9038,9037,/table-of-9037,9036,/table-of-9036,9035,/table-of-9035
9039,18078,27117,36156,45195,54234,63273,72312,81351,90390,99429,108468,117507,126546,135585,144624,153663,162702,171741,180780,table-of-9039,9038,/table-of-9038,9037,/table-of-9037,9036,/table-of-9036
9040,18080,27120,36160,45200,54240,63280,72320,81360,90400,99440,108480,117520,126560,135600,144640,153680,162720,171760,180800,table-of-9040,9039,/table-of-9039,9038,/table-of-9038,9037,/table-of-9037
9041,18082,27123,36164,45205,54246,63287,72328,81369,90410,99451,108492,117533,126574,135615,144656,153697,162738,171779,180820,table-of-9041,9040,/table-of-9040,9039,/table-of-9039,9038,/table-of-9038
9042,18084,27126,36168,45210,54252,63294,72336,81378,90420,99462,108504,117546,126588,135630,144672,153714,162756,171798,180840,table-of-9042,9041,/table-of-9041,9040,/table-of-9040,9039,/table-of-9039
9043,18086,27129,36172,45215,54258,63301,72344,81387,90430,99473,108516,117559,126602,135645,144688,153731,162774,171817,180860,table-of-9043,9042,/table-of-9042,9041,/table-of-9041,9040,/table-of-9040
9044,18088,27132,36176,45220,54264,63308,72352,81396,90440,99484,108528,117572,126616,135660,144704,153748,162792,171836,180880,table-of-9044,9043,/table-of-9043,9042,/table-of-9042,9041,/table-of-9041
9045,18090,27135,36180,45225,54270,63315,72360,81405,90450,99495,108540,117585,126630,135675,144720,153765,162810,171855,180900,table-of-9045,9044,/table-of-9044,9043,/table-of-9043,9042,/table-of-9042
9046,18092,27138,36184,45230,54276,63322,72368,81414,90460,99506,108552,117598,126644,135690,144736,153782,162828,171874,180920,table-of-9046,9045,/table-of-9045,9044,/table-of-9044,9043,/table-of-9043
9047,18094,27141,36188,45235,54282,63329,72376,81423,90470,99517,108564,117611,126658,135705,144752,153799,162846,171893,180940,table-of-9047,9046,/table-of-9046,9045,/table-of-9045,9044,/table-of-9044
9048,18096,27144,36192,45240,54288,63336,72384,81432,90480,99528,108576,117624,126672,135720,144768,153816,162864,171912,180960,table-of-9048,9047,/table-of-9047,9046,/table-of-9046,9045,/table-of-9045
9049,18098,27147,36196,45245,54294,63343,72392,81441,90490,99539,108588,117637,126686,135735,144784,153833,162882,171931,180980,table-of-9049,9048,/table-of-9048,9047,/table-of-9047,9046,/table-of-9046
9050,18100,27150,36200,45250,54300,63350,72400,81450,90500,99550,108600,117650,126700,135750,144800,153850,162900,171950,181000,table-of-9050,9049,/table-of-9049,9048,/table-of-9048,9047,/table-of-9047
9051,18102,27153,36204,45255,54306,63357,72408,81459,90510,99561,108612,117663,126714,135765,144816,153867,162918,171969,181020,table-of-9051,9050,/table-of-9050,9049,/table-of-9049,9048,/table-of-9048
9052,18104,27156,36208,45260,54312,63364,72416,81468,90520,99572,108624,117676,126728,135780,144832,153884,162936,171988,181040,table-of-9052,9051,/table-of-9051,9050,/table-of-9050,9049,/table-of-9049
9053,18106,27159,36212,45265,54318,63371,72424,81477,90530,99583,108636,117689,126742,135795,144848,153901,162954,172007,181060,table-of-9053,9052,/table-of-9052,9051,/table-of-9051,9050,/table-of-9050
9054,18108,27162,36216,45270,54324,63378,72432,81486,90540,99594,108648,117702,126756,135810,144864,153918,162972,172026,181080,table-of-9054,9053,/table-of-9053,9052,/table-of-9052,9051,/table-of-9051
9055,18110,27165,36220,45275,54330,63385,72440,81495,90550,99605,108660,117715,126770,135825,144880,153935,162990,172045,181100,table-of-9055,9054,/table-of-9054,9053,/table-of-9053,9052,/table-of-9052
9056,18112,27168,36224,45280,54336,63392,72448,81504,90560,99616,108672,117728,126784,135840,144896,153952,163008,172064,181120,table-of-9056,9055,/table-of-9055,9054,/table-of-9054,9053,/table-of-9053
9057,18114,27171,36228,45285,54342,63399,72456,81513,90570,99627,108684,117741,126798,135855,144912,153969,163026,172083,181140,table-of-9057,9056,/table-of-9056,9055,/table-of-9055,9054,/table-of-9054
9058,18116,27174,36232,45290,54348,63406,72464,81522,90580,99638,108696,117754,126812,135870,144928,153986,163044,172102,181160,table-of-9058,9057,/table-of-9057,9056,/table-of-9056,9055,/table-of-9055
9059,18118,27177,36236,45295,54354,63413,72472,81531,90590,99649,108708,117767,126826,135885,144944,154003,163062,172121,181180,table-of-9059,9058,/table-of-9058,9057,/table-of-9057,9056,/table-of-9056
9060,18120,27180,36240,45300,54360,63420,72480,81540,90600,99660,108720,117780,126840,135900,144960,154020,163080,172140,181200,table-of-9060,9059,/table-of-9059,9058,/table-of-9058,9057,/table-of-9057
9061,18122,27183,36244,45305,54366,63427,72488,81549,90610,99671,108732,117793,126854,135915,144976,154037,163098,172159,181220,table-of-9061,9060,/table-of-9060,9059,/table-of-9059,9058,/table-of-9058
9062,18124,27186,36248,45310,54372,63434,72496,81558,90620,99682,108744,117806,126868,135930,144992,154054,163116,172178,181240,table-of-9062,9061,/table-of-9061,9060,/table-of-9060,9059,/table-of-9059
9063,18126,27189,36252,45315,54378,63441,72504,81567,90630,99693,108756,117819,126882,135945,145008,154071,163134,172197,181260,table-of-9063,9062,/table-of-9062,9061,/table-of-9061,9060,/table-of-9060
9064,18128,27192,36256,45320,54384,63448,72512,81576,90640,99704,108768,117832,126896,135960,145024,154088,163152,172216,181280,table-of-9064,9063,/table-of-9063,9062,/table-of-9062,9061,/table-of-9061
9065,18130,27195,36260,45325,54390,63455,72520,81585,90650,99715,108780,117845,126910,135975,145040,154105,163170,172235,181300,table-of-9065,9064,/table-of-9064,9063,/table-of-9063,9062,/table-of-9062
9066,18132,27198,36264,45330,54396,63462,72528,81594,90660,99726,108792,117858,126924,135990,145056,154122,163188,172254,181320,table-of-9066,9065,/table-of-9065,9064,/table-of-9064,9063,/table-of-9063
9067,18134,27201,36268,45335,54402,63469,72536,81603,90670,99737,108804,117871,126938,136005,145072,154139,163206,172273,181340,table-of-9067,9066,/table-of-9066,9065,/table-of-9065,9064,/table-of-9064
9068,18136,27204,36272,45340,54408,63476,72544,81612,90680,99748,108816,117884,126952,136020,145088,154156,163224,172292,181360,table-of-9068,9067,/table-of-9067,9066,/table-of-9066,9065,/table-of-9065
9069,18138,27207,36276,45345,54414,63483,72552,81621,90690,99759,108828,117897,126966,136035,145104,154173,163242,172311,181380,table-of-9069,9068,/table-of-9068,9067,/table-of-9067,9066,/table-of-9066
9070,18140,27210,36280,45350,54420,63490,72560,81630,90700,99770,108840,117910,126980,136050,145120,154190,163260,172330,181400,table-of-9070,9069,/table-of-9069,9068,/table-of-9068,9067,/table-of-9067
9071,18142,27213,36284,45355,54426,63497,72568,81639,90710,99781,108852,117923,126994,136065,145136,154207,163278,172349,181420,table-of-9071,9070,/table-of-9070,9069,/table-of-9069,9068,/table-of-9068
9072,18144,27216,36288,45360,54432,63504,72576,81648,90720,99792,108864,117936,127008,136080,145152,154224,163296,172368,181440,table-of-9072,9071,/table-of-9071,9070,/table-of-9070,9069,/table-of-9069
9073,18146,27219,36292,45365,54438,63511,72584,81657,90730,99803,108876,117949,127022,136095,145168,154241,163314,172387,181460,table-of-9073,9072,/table-of-9072,9071,/table-of-9071,9070,/table-of-9070
9074,18148,27222,36296,45370,54444,63518,72592,81666,90740,99814,108888,117962,127036,136110,145184,154258,163332,172406,181480,table-of-9074,9073,/table-of-9073,9072,/table-of-9072,9071,/table-of-9071
9075,18150,27225,36300,45375,54450,63525,72600,81675,90750,99825,108900,117975,127050,136125,145200,154275,163350,172425,181500,table-of-9075,9074,/table-of-9074,9073,/table-of-9073,9072,/table-of-9072
9076,18152,27228,36304,45380,54456,63532,72608,81684,90760,99836,108912,117988,127064,136140,145216,154292,163368,172444,181520,table-of-9076,9075,/table-of-9075,9074,/table-of-9074,9073,/table-of-9073
9077,18154,27231,36308,45385,54462,63539,72616,81693,90770,99847,108924,118001,127078,136155,145232,154309,163386,172463,181540,table-of-9077,9076,/table-of-9076,9075,/table-of-9075,9074,/table-of-9074
9078,18156,27234,36312,45390,54468,63546,72624,81702,90780,99858,108936,118014,127092,136170,145248,154326,163404,172482,181560,table-of-9078,9077,/table-of-9077,9076,/table-of-9076,9075,/table-of-9075
9079,18158,27237,36316,45395,54474,63553,72632,81711,90790,99869,108948,118027,127106,136185,145264,154343,163422,172501,181580,table-of-9079,9078,/table-of-9078,9077,/table-of-9077,9076,/table-of-9076
9080,18160,27240,36320,45400,54480,63560,72640,81720,90800,99880,108960,118040,127120,136200,145280,154360,163440,172520,181600,table-of-9080,9079,/table-of-9079,9078,/table-of-9078,9077,/table-of-9077
9081,18162,27243,36324,45405,54486,63567,72648,81729,90810,99891,108972,118053,127134,136215,145296,154377,163458,172539,181620,table-of-9081,9080,/table-of-9080,9079,/table-of-9079,9078,/table-of-9078
9082,18164,27246,36328,45410,54492,63574,72656,81738,90820,99902,108984,118066,127148,136230,145312,154394,163476,172558,181640,table-of-9082,9081,/table-of-9081,9080,/table-of-9080,9079,/table-of-9079
9083,18166,27249,36332,45415,54498,63581,72664,81747,90830,99913,108996,118079,127162,136245,145328,154411,163494,172577,181660,table-of-9083,9082,/table-of-9082,9081,/table-of-9081,9080,/table-of-9080
9084,18168,27252,36336,45420,54504,63588,72672,81756,90840,99924,109008,118092,127176,136260,145344,154428,163512,172596,181680,table-of-9084,9083,/table-of-9083,9082,/table-of-9082,9081,/table-of-9081
9085,18170,27255,36340,45425,54510,63595,72680,81765,90850,99935,109020,118105,127190,136275,145360,154445,163530,172615,181700,table-of-9085,9084,/table-of-9084,9083,/table-of-9083,9082,/table-of-9082
9086,18172,27258,36344,45430,54516,63602,72688,81774,90860,99946,109032,118118,127204,136290,145376,154462,163548,172634,181720,table-of-9086,9085,/table-of-9085,9084,/table-of-9084,9083,/table-of-9083
9087,18174,27261,36348,45435,54522,63609,72696,81783,90870,99957,109044,118131,127218,136305,145392,154479,163566,172653,181740,table-of-9087,9086,/table-of-9086,9085,/table-of-9085,9084,/table-of-9084
9088,18176,27264,36352,45440,54528,63616,72704,81792,90880,99968,109056,118144,127232,136320,145408,154496,163584,172672,181760,table-of-9088,9087,/table-of-9087,9086,/table-of-9086,9085,/table-of-9085
9089,18178,27267,36356,45445,54534,63623,72712,81801,90890,99979,109068,118157,127246,136335,145424,154513,163602,172691,181780,table-of-9089,9088,/table-of-9088,9087,/table-of-9087,9086,/table-of-9086
9090,18180,27270,36360,45450,54540,63630,72720,81810,90900,99990,109080,118170,127260,136350,145440,154530,163620,172710,181800,table-of-9090,9089,/table-of-9089,9088,/table-of-9088,9087,/table-of-9087
9091,18182,27273,36364,45455,54546,63637,72728,81819,90910,100001,109092,118183,127274,136365,145456,154547,163638,172729,181820,table-of-9091,9090,/table-of-9090,9089,/table-of-9089,9088,/table-of-9088
9092,18184,27276,36368,45460,54552,63644,72736,81828,90920,100012,109104,118196,127288,136380,145472,154564,163656,172748,181840,table-of-9092,9091,/table-of-9091,9090,/table-of-9090,9089,/table-of-9089
9093,18186,27279,36372,45465,54558,63651,72744,81837,90930,100023,109116,118209,127302,136395,145488,154581,163674,172767,181860,table-of-9093,9092,/table-of-9092,9091,/table-of-9091,9090,/table-of-9090
9094,18188,27282,36376,45470,54564,63658,72752,81846,90940,100034,109128,118222,127316,136410,145504,154598,163692,172786,181880,table-of-9094,9093,/table-of-9093,9092,/table-of-9092,9091,/table-of-9091
9095,18190,27285,36380,45475,54570,63665,72760,81855,90950,100045,109140,118235,127330,136425,145520,154615,163710,172805,181900,table-of-9095,9094,/table-of-9094,9093,/table-of-9093,9092,/table-of-9092
9096,18192,27288,36384,45480,54576,63672,72768,81864,90960,100056,109152,118248,127344,136440,145536,154632,163728,172824,181920,table-of-9096,9095,/table-of-9095,9094,/table-of-9094,9093,/table-of-9093
9097,18194,27291,36388,45485,54582,63679,72776,81873,90970,100067,109164,118261,127358,136455,145552,154649,163746,172843,181940,table-of-9097,9096,/table-of-9096,9095,/table-of-9095,9094,/table-of-9094
9098,18196,27294,36392,45490,54588,63686,72784,81882,90980,100078,109176,118274,127372,136470,145568,154666,163764,172862,181960,table-of-9098,9097,/table-of-9097,9096,/table-of-9096,9095,/table-of-9095
9099,18198,27297,36396,45495,54594,63693,72792,81891,90990,100089,109188,118287,127386,136485,145584,154683,163782,172881,181980,table-of-9099,9098,/table-of-9098,9097,/table-of-9097,9096,/table-of-9096
9100,18200,27300,36400,45500,54600,63700,72800,81900,91000,100100,109200,118300,127400,136500,145600,154700,163800,172900,182000,table-of-9100,9099,/table-of-9099,9098,/table-of-9098,9097,/table-of-9097
9101,18202,27303,36404,45505,54606,63707,72808,81909,91010,100111,109212,118313,127414,136515,145616,154717,163818,172919,182020,table-of-9101,9100,/table-of-9100,9099,/table-of-9099,9098,/table-of-9098
9102,18204,27306,36408,45510,54612,63714,72816,81918,91020,100122,109224,118326,127428,136530,145632,154734,163836,172938,182040,table-of-9102,9101,/table-of-9101,9100,/table-of-9100,9099,/table-of-9099
9103,18206,27309,36412,45515,54618,63721,72824,81927,91030,100133,109236,118339,127442,136545,145648,154751,163854,172957,182060,table-of-9103,9102,/table-of-9102,9101,/table-of-9101,9100,/table-of-9100
9104,18208,27312,36416,45520,54624,63728,72832,81936,91040,100144,109248,118352,127456,136560,145664,154768,163872,172976,182080,table-of-9104,9103,/table-of-9103,9102,/table-of-9102,9101,/table-of-9101
9105,18210,27315,36420,45525,54630,63735,72840,81945,91050,100155,109260,118365,127470,136575,145680,154785,163890,172995,182100,table-of-9105,9104,/table-of-9104,9103,/table-of-9103,9102,/table-of-9102
9106,18212,27318,36424,45530,54636,63742,72848,81954,91060,100166,109272,118378,127484,136590,145696,154802,163908,173014,182120,table-of-9106,9105,/table-of-9105,9104,/table-of-9104,9103,/table-of-9103
9107,18214,27321,36428,45535,54642,63749,72856,81963,91070,100177,109284,118391,127498,136605,145712,154819,163926,173033,182140,table-of-9107,9106,/table-of-9106,9105,/table-of-9105,9104,/table-of-9104
9108,18216,27324,36432,45540,54648,63756,72864,81972,91080,100188,109296,118404,127512,136620,145728,154836,163944,173052,182160,table-of-9108,9107,/table-of-9107,9106,/table-of-9106,9105,/table-of-9105
9109,18218,27327,36436,45545,54654,63763,72872,81981,91090,100199,109308,118417,127526,136635,145744,154853,163962,173071,182180,table-of-9109,9108,/table-of-9108,9107,/table-of-9107,9106,/table-of-9106
9110,18220,27330,36440,45550,54660,63770,72880,81990,91100,100210,109320,118430,127540,136650,145760,154870,163980,173090,182200,table-of-9110,9109,/table-of-9109,9108,/table-of-9108,9107,/table-of-9107
9111,18222,27333,36444,45555,54666,63777,72888,81999,91110,100221,109332,118443,127554,136665,145776,154887,163998,173109,182220,table-of-9111,9110,/table-of-9110,9109,/table-of-9109,9108,/table-of-9108
9112,18224,27336,36448,45560,54672,63784,72896,82008,91120,100232,109344,118456,127568,136680,145792,154904,164016,173128,182240,table-of-9112,9111,/table-of-9111,9110,/table-of-9110,9109,/table-of-9109
9113,18226,27339,36452,45565,54678,63791,72904,82017,91130,100243,109356,118469,127582,136695,145808,154921,164034,173147,182260,table-of-9113,9112,/table-of-9112,9111,/table-of-9111,9110,/table-of-9110
9114,18228,27342,36456,45570,54684,63798,72912,82026,91140,100254,109368,118482,127596,136710,145824,154938,164052,173166,182280,table-of-9114,9113,/table-of-9113,9112,/table-of-9112,9111,/table-of-9111
9115,18230,27345,36460,45575,54690,63805,72920,82035,91150,100265,109380,118495,127610,136725,145840,154955,164070,173185,182300,table-of-9115,9114,/table-of-9114,9113,/table-of-9113,9112,/table-of-9112
9116,18232,27348,36464,45580,54696,63812,72928,82044,91160,100276,109392,118508,127624,136740,145856,154972,164088,173204,182320,table-of-9116,9115,/table-of-9115,9114,/table-of-9114,9113,/table-of-9113
9117,18234,27351,36468,45585,54702,63819,72936,82053,91170,100287,109404,118521,127638,136755,145872,154989,164106,173223,182340,table-of-9117,9116,/table-of-9116,9115,/table-of-9115,9114,/table-of-9114
9118,18236,27354,36472,45590,54708,63826,72944,82062,91180,100298,109416,118534,127652,136770,145888,155006,164124,173242,182360,table-of-9118,9117,/table-of-9117,9116,/table-of-9116,9115,/table-of-9115
9119,18238,27357,36476,45595,54714,63833,72952,82071,91190,100309,109428,118547,127666,136785,145904,155023,164142,173261,182380,table-of-9119,9118,/table-of-9118,9117,/table-of-9117,9116,/table-of-9116
9120,18240,27360,36480,45600,54720,63840,72960,82080,91200,100320,109440,118560,127680,136800,145920,155040,164160,173280,182400,table-of-9120,9119,/table-of-9119,9118,/table-of-9118,9117,/table-of-9117
9121,18242,27363,36484,45605,54726,63847,72968,82089,91210,100331,109452,118573,127694,136815,145936,155057,164178,173299,182420,table-of-9121,9120,/table-of-9120,9119,/table-of-9119,9118,/table-of-9118
9122,18244,27366,36488,45610,54732,63854,72976,82098,91220,100342,109464,118586,127708,136830,145952,155074,164196,173318,182440,table-of-9122,9121,/table-of-9121,9120,/table-of-9120,9119,/table-of-9119
9123,18246,27369,36492,45615,54738,63861,72984,82107,91230,100353,109476,118599,127722,136845,145968,155091,164214,173337,182460,table-of-9123,9122,/table-of-9122,9121,/table-of-9121,9120,/table-of-9120
9124,18248,27372,36496,45620,54744,63868,72992,82116,91240,100364,109488,118612,127736,136860,145984,155108,164232,173356,182480,table-of-9124,9123,/table-of-9123,9122,/table-of-9122,9121,/table-of-9121
9125,18250,27375,36500,45625,54750,63875,73000,82125,91250,100375,109500,118625,127750,136875,146000,155125,164250,173375,182500,table-of-9125,9124,/table-of-9124,9123,/table-of-9123,9122,/table-of-9122
9126,18252,27378,36504,45630,54756,63882,73008,82134,91260,100386,109512,118638,127764,136890,146016,155142,164268,173394,182520,table-of-9126,9125,/table-of-9125,9124,/table-of-9124,9123,/table-of-9123
9127,18254,27381,36508,45635,54762,63889,73016,82143,91270,100397,109524,118651,127778,136905,146032,155159,164286,173413,182540,table-of-9127,9126,/table-of-9126,9125,/table-of-9125,9124,/table-of-9124
9128,18256,27384,36512,45640,54768,63896,73024,82152,91280,100408,109536,118664,127792,136920,146048,155176,164304,173432,182560,table-of-9128,9127,/table-of-9127,9126,/table-of-9126,9125,/table-of-9125
9129,18258,27387,36516,45645,54774,63903,73032,82161,91290,100419,109548,118677,127806,136935,146064,155193,164322,173451,182580,table-of-9129,9128,/table-of-9128,9127,/table-of-9127,9126,/table-of-9126
9130,18260,27390,36520,45650,54780,63910,73040,82170,91300,100430,109560,118690,127820,136950,146080,155210,164340,173470,182600,table-of-9130,9129,/table-of-9129,9128,/table-of-9128,9127,/table-of-9127
9131,18262,27393,36524,45655,54786,63917,73048,82179,91310,100441,109572,118703,127834,136965,146096,155227,164358,173489,182620,table-of-9131,9130,/table-of-9130,9129,/table-of-9129,9128,/table-of-9128
9132,18264,27396,36528,45660,54792,63924,73056,82188,91320,100452,109584,118716,127848,136980,146112,155244,164376,173508,182640,table-of-9132,9131,/table-of-9131,9130,/table-of-9130,9129,/table-of-9129
9133,18266,27399,36532,45665,54798,63931,73064,82197,91330,100463,109596,118729,127862,136995,146128,155261,164394,173527,182660,table-of-9133,9132,/table-of-9132,9131,/table-of-9131,9130,/table-of-9130
9134,18268,27402,36536,45670,54804,63938,73072,82206,91340,100474,109608,118742,127876,137010,146144,155278,164412,173546,182680,table-of-9134,9133,/table-of-9133,9132,/table-of-9132,9131,/table-of-9131
9135,18270,27405,36540,45675,54810,63945,73080,82215,91350,100485,109620,118755,127890,137025,146160,155295,164430,173565,182700,table-of-9135,9134,/table-of-9134,9133,/table-of-9133,9132,/table-of-9132
9136,18272,27408,36544,45680,54816,63952,73088,82224,91360,100496,109632,118768,127904,137040,146176,155312,164448,173584,182720,table-of-9136,9135,/table-of-9135,9134,/table-of-9134,9133,/table-of-9133
9137,18274,27411,36548,45685,54822,63959,73096,82233,91370,100507,109644,118781,127918,137055,146192,155329,164466,173603,182740,table-of-9137,9136,/table-of-9136,9135,/table-of-9135,9134,/table-of-9134
9138,18276,27414,36552,45690,54828,63966,73104,82242,91380,100518,109656,118794,127932,137070,146208,155346,164484,173622,182760,table-of-9138,9137,/table-of-9137,9136,/table-of-9136,9135,/table-of-9135
9139,18278,27417,36556,45695,54834,63973,73112,82251,91390,100529,109668,118807,127946,137085,146224,155363,164502,173641,182780,table-of-9139,9138,/table-of-9138,9137,/table-of-9137,9136,/table-of-9136
9140,18280,27420,36560,45700,54840,63980,73120,82260,91400,100540,109680,118820,127960,137100,146240,155380,164520,173660,182800,table-of-9140,9139,/table-of-9139,9138,/table-of-9138,9137,/table-of-9137
9141,18282,27423,36564,45705,54846,63987,73128,82269,91410,100551,109692,118833,127974,137115,146256,155397,164538,173679,182820,table-of-9141,9140,/table-of-9140,9139,/table-of-9139,9138,/table-of-9138
9142,18284,27426,36568,45710,54852,63994,73136,82278,91420,100562,109704,118846,127988,137130,146272,155414,164556,173698,182840,table-of-9142,9141,/table-of-9141,9140,/table-of-9140,9139,/table-of-9139
9143,18286,27429,36572,45715,54858,64001,73144,82287,91430,100573,109716,118859,128002,137145,146288,155431,164574,173717,182860,table-of-9143,9142,/table-of-9142,9141,/table-of-9141,9140,/table-of-9140
9144,18288,27432,36576,45720,54864,64008,73152,82296,91440,100584,109728,118872,128016,137160,146304,155448,164592,173736,182880,table-of-9144,9143,/table-of-9143,9142,/table-of-9142,9141,/table-of-9141
9145,18290,27435,36580,45725,54870,64015,73160,82305,91450,100595,109740,118885,128030,137175,146320,155465,164610,173755,182900,table-of-9145,9144,/table-of-9144,9143,/table-of-9143,9142,/table-of-9142
9146,18292,27438,36584,45730,54876,64022,73168,82314,91460,100606,109752,118898,128044,137190,146336,155482,164628,173774,182920,table-of-9146,9145,/table-of-9145,9144,/table-of-9144,9143,/table-of-9143
9147,18294,27441,36588,45735,54882,64029,73176,82323,91470,100617,109764,118911,128058,137205,146352,155499,164646,173793,182940,table-of-9147,9146,/table-of-9146,9145,/table-of-9145,9144,/table-of-9144
9148,18296,27444,36592,45740,54888,64036,73184,82332,91480,100628,109776,118924,128072,137220,146368,155516,164664,173812,182960,table-of-9148,9147,/table-of-9147,9146,/table-of-9146,9145,/table-of-9145
9149,18298,27447,36596,45745,54894,64043,73192,82341,91490,100639,109788,118937,128086,137235,146384,155533,164682,173831,182980,table-of-9149,9148,/table-of-9148,9147,/table-of-9147,9146,/table-of-9146
9150,18300,27450,36600,45750,54900,64050,73200,82350,91500,100650,109800,118950,128100,137250,146400,155550,164700,173850,183000,table-of-9150,9149,/table-of-9149,9148,/table-of-9148,9147,/table-of-9147
9151,18302,27453,36604,45755,54906,64057,73208,82359,91510,100661,109812,118963,128114,137265,146416,155567,164718,173869,183020,table-of-9151,9150,/table-of-9150,9149,/table-of-9149,9148,/table-of-9148
9152,18304,27456,36608,45760,54912,64064,73216,82368,91520,100672,109824,118976,128128,137280,146432,155584,164736,173888,183040,table-of-9152,9151,/table-of-9151,9150,/table-of-9150,9149,/table-of-9149
9153,18306,27459,36612,45765,54918,64071,73224,82377,91530,100683,109836,118989,128142,137295,146448,155601,164754,173907,183060,table-of-9153,9152,/table-of-9152,9151,/table-of-9151,9150,/table-of-9150
9154,18308,27462,36616,45770,54924,64078,73232,82386,91540,100694,109848,119002,128156,137310,146464,155618,164772,173926,183080,table-of-9154,9153,/table-of-9153,9152,/table-of-9152,9151,/table-of-9151
9155,18310,27465,36620,45775,54930,64085,73240,82395,91550,100705,109860,119015,128170,137325,146480,155635,164790,173945,183100,table-of-9155,9154,/table-of-9154,9153,/table-of-9153,9152,/table-of-9152
9156,18312,27468,36624,45780,54936,64092,73248,82404,91560,100716,109872,119028,128184,137340,146496,155652,164808,173964,183120,table-of-9156,9155,/table-of-9155,9154,/table-of-9154,9153,/table-of-9153
9157,18314,27471,36628,45785,54942,64099,73256,82413,91570,100727,109884,119041,128198,137355,146512,155669,164826,173983,183140,table-of-9157,9156,/table-of-9156,9155,/table-of-9155,9154,/table-of-9154
9158,18316,27474,36632,45790,54948,64106,73264,82422,91580,100738,109896,119054,128212,137370,146528,155686,164844,174002,183160,table-of-9158,9157,/table-of-9157,9156,/table-of-9156,9155,/table-of-9155
9159,18318,27477,36636,45795,54954,64113,73272,82431,91590,100749,109908,119067,128226,137385,146544,155703,164862,174021,183180,table-of-9159,9158,/table-of-9158,9157,/table-of-9157,9156,/table-of-9156
9160,18320,27480,36640,45800,54960,64120,73280,82440,91600,100760,109920,119080,128240,137400,146560,155720,164880,174040,183200,table-of-9160,9159,/table-of-9159,9158,/table-of-9158,9157,/table-of-9157
9161,18322,27483,36644,45805,54966,64127,73288,82449,91610,100771,109932,119093,128254,137415,146576,155737,164898,174059,183220,table-of-9161,9160,/table-of-9160,9159,/table-of-9159,9158,/table-of-9158
9162,18324,27486,36648,45810,54972,64134,73296,82458,91620,100782,109944,119106,128268,137430,146592,155754,164916,174078,183240,table-of-9162,9161,/table-of-9161,9160,/table-of-9160,9159,/table-of-9159
9163,18326,27489,36652,45815,54978,64141,73304,82467,91630,100793,109956,119119,128282,137445,146608,155771,164934,174097,183260,table-of-9163,9162,/table-of-9162,9161,/table-of-9161,9160,/table-of-9160
9164,18328,27492,36656,45820,54984,64148,73312,82476,91640,100804,109968,119132,128296,137460,146624,155788,164952,174116,183280,table-of-9164,9163,/table-of-9163,9162,/table-of-9162,9161,/table-of-9161
9165,18330,27495,36660,45825,54990,64155,73320,82485,91650,100815,109980,119145,128310,137475,146640,155805,164970,174135,183300,table-of-9165,9164,/table-of-9164,9163,/table-of-9163,9162,/table-of-9162
9166,18332,27498,36664,45830,54996,64162,73328,82494,91660,100826,109992,119158,128324,137490,146656,155822,164988,174154,183320,table-of-9166,9165,/table-of-9165,9164,/table-of-9164,9163,/table-of-9163
9167,18334,27501,36668,45835,55002,64169,73336,82503,91670,100837,110004,119171,128338,137505,146672,155839,165006,174173,183340,table-of-9167,9166,/table-of-9166,9165,/table-of-9165,9164,/table-of-9164
9168,18336,27504,36672,45840,55008,64176,73344,82512,91680,100848,110016,119184,128352,137520,146688,155856,165024,174192,183360,table-of-9168,9167,/table-of-9167,9166,/table-of-9166,9165,/table-of-9165
9169,18338,27507,36676,45845,55014,64183,73352,82521,91690,100859,110028,119197,128366,137535,146704,155873,165042,174211,183380,table-of-9169,9168,/table-of-9168,9167,/table-of-9167,9166,/table-of-9166
9170,18340,27510,36680,45850,55020,64190,73360,82530,91700,100870,110040,119210,128380,137550,146720,155890,165060,174230,183400,table-of-9170,9169,/table-of-9169,9168,/table-of-9168,9167,/table-of-9167
9171,18342,27513,36684,45855,55026,64197,73368,82539,91710,100881,110052,119223,128394,137565,146736,155907,165078,174249,183420,table-of-9171,9170,/table-of-9170,9169,/table-of-9169,9168,/table-of-9168
9172,18344,27516,36688,45860,55032,64204,73376,82548,91720,100892,110064,119236,128408,137580,146752,155924,165096,174268,183440,table-of-9172,9171,/table-of-9171,9170,/table-of-9170,9169,/table-of-9169
9173,18346,27519,36692,45865,55038,64211,73384,82557,91730,100903,110076,119249,128422,137595,146768,155941,165114,174287,183460,table-of-9173,9172,/table-of-9172,9171,/table-of-9171,9170,/table-of-9170
9174,18348,27522,36696,45870,55044,64218,73392,82566,91740,100914,110088,119262,128436,137610,146784,155958,165132,174306,183480,table-of-9174,9173,/table-of-9173,9172,/table-of-9172,9171,/table-of-9171
9175,18350,27525,36700,45875,55050,64225,73400,82575,91750,100925,110100,119275,128450,137625,146800,155975,165150,174325,183500,table-of-9175,9174,/table-of-9174,9173,/table-of-9173,9172,/table-of-9172
9176,18352,27528,36704,45880,55056,64232,73408,82584,91760,100936,110112,119288,128464,137640,146816,155992,165168,174344,183520,table-of-9176,9175,/table-of-9175,9174,/table-of-9174,9173,/table-of-9173
9177,18354,27531,36708,45885,55062,64239,73416,82593,91770,100947,110124,119301,128478,137655,146832,156009,165186,174363,183540,table-of-9177,9176,/table-of-9176,9175,/table-of-9175,9174,/table-of-9174
9178,18356,27534,36712,45890,55068,64246,73424,82602,91780,100958,110136,119314,128492,137670,146848,156026,165204,174382,183560,table-of-9178,9177,/table-of-9177,9176,/table-of-9176,9175,/table-of-9175
9179,18358,27537,36716,45895,55074,64253,73432,82611,91790,100969,110148,119327,128506,137685,146864,156043,165222,174401,183580,table-of-9179,9178,/table-of-9178,9177,/table-of-9177,9176,/table-of-9176
9180,18360,27540,36720,45900,55080,64260,73440,82620,91800,100980,110160,119340,128520,137700,146880,156060,165240,174420,183600,table-of-9180,9179,/table-of-9179,9178,/table-of-9178,9177,/table-of-9177
9181,18362,27543,36724,45905,55086,64267,73448,82629,91810,100991,110172,119353,128534,137715,146896,156077,165258,174439,183620,table-of-9181,9180,/table-of-9180,9179,/table-of-9179,9178,/table-of-9178
9182,18364,27546,36728,45910,55092,64274,73456,82638,91820,101002,110184,119366,128548,137730,146912,156094,165276,174458,183640,table-of-9182,9181,/table-of-9181,9180,/table-of-9180,9179,/table-of-9179
9183,18366,27549,36732,45915,55098,64281,73464,82647,91830,101013,110196,119379,128562,137745,146928,156111,165294,174477,183660,table-of-9183,9182,/table-of-9182,9181,/table-of-9181,9180,/table-of-9180
9184,18368,27552,36736,45920,55104,64288,73472,82656,91840,101024,110208,119392,128576,137760,146944,156128,165312,174496,183680,table-of-9184,9183,/table-of-9183,9182,/table-of-9182,9181,/table-of-9181
9185,18370,27555,36740,45925,55110,64295,73480,82665,91850,101035,110220,119405,128590,137775,146960,156145,165330,174515,183700,table-of-9185,9184,/table-of-9184,9183,/table-of-9183,9182,/table-of-9182
9186,18372,27558,36744,45930,55116,64302,73488,82674,91860,101046,110232,119418,128604,137790,146976,156162,165348,174534,183720,table-of-9186,9185,/table-of-9185,9184,/table-of-9184,9183,/table-of-9183
9187,18374,27561,36748,45935,55122,64309,73496,82683,91870,101057,110244,119431,128618,137805,146992,156179,165366,174553,183740,table-of-9187,9186,/table-of-9186,9185,/table-of-9185,9184,/table-of-9184
9188,18376,27564,36752,45940,55128,64316,73504,82692,91880,101068,110256,119444,128632,137820,147008,156196,165384,174572,183760,table-of-9188,9187,/table-of-9187,9186,/table-of-9186,9185,/table-of-9185
9189,18378,27567,36756,45945,55134,64323,73512,82701,91890,101079,110268,119457,128646,137835,147024,156213,165402,174591,183780,table-of-9189,9188,/table-of-9188,9187,/table-of-9187,9186,/table-of-9186
9190,18380,27570,36760,45950,55140,64330,73520,82710,91900,101090,110280,119470,128660,137850,147040,156230,165420,174610,183800,table-of-9190,9189,/table-of-9189,9188,/table-of-9188,9187,/table-of-9187
9191,18382,27573,36764,45955,55146,64337,73528,82719,91910,101101,110292,119483,128674,137865,147056,156247,165438,174629,183820,table-of-9191,9190,/table-of-9190,9189,/table-of-9189,9188,/table-of-9188
9192,18384,27576,36768,45960,55152,64344,73536,82728,91920,101112,110304,119496,128688,137880,147072,156264,165456,174648,183840,table-of-9192,9191,/table-of-9191,9190,/table-of-9190,9189,/table-of-9189
9193,18386,27579,36772,45965,55158,64351,73544,82737,91930,101123,110316,119509,128702,137895,147088,156281,165474,174667,183860,table-of-9193,9192,/table-of-9192,9191,/table-of-9191,9190,/table-of-9190
9194,18388,27582,36776,45970,55164,64358,73552,82746,91940,101134,110328,119522,128716,137910,147104,156298,165492,174686,183880,table-of-9194,9193,/table-of-9193,9192,/table-of-9192,9191,/table-of-9191
9195,18390,27585,36780,45975,55170,64365,73560,82755,91950,101145,110340,119535,128730,137925,147120,156315,165510,174705,183900,table-of-9195,9194,/table-of-9194,9193,/table-of-9193,9192,/table-of-9192
9196,18392,27588,36784,45980,55176,64372,73568,82764,91960,101156,110352,119548,128744,137940,147136,156332,165528,174724,183920,table-of-9196,9195,/table-of-9195,9194,/table-of-9194,9193,/table-of-9193
9197,18394,27591,36788,45985,55182,64379,73576,82773,91970,101167,110364,119561,128758,137955,147152,156349,165546,174743,183940,table-of-9197,9196,/table-of-9196,9195,/table-of-9195,9194,/table-of-9194
9198,18396,27594,36792,45990,55188,64386,73584,82782,91980,101178,110376,119574,128772,137970,147168,156366,165564,174762,183960,table-of-9198,9197,/table-of-9197,9196,/table-of-9196,9195,/table-of-9195
9199,18398,27597,36796,45995,55194,64393,73592,82791,91990,101189,110388,119587,128786,137985,147184,156383,165582,174781,183980,table-of-9199,9198,/table-of-9198,9197,/table-of-9197,9196,/table-of-9196
9200,18400,27600,36800,46000,55200,64400,73600,82800,92000,101200,110400,119600,128800,138000,147200,156400,165600,174800,184000,table-of-9200,9199,/table-of-9199,9198,/table-of-9198,9197,/table-of-9197
9201,18402,27603,36804,46005,55206,64407,73608,82809,92010,101211,110412,119613,128814,138015,147216,156417,165618,174819,184020,table-of-9201,9200,/table-of-9200,9199,/table-of-9199,9198,/table-of-9198
9202,18404,27606,36808,46010,55212,64414,73616,82818,92020,101222,110424,119626,128828,138030,147232,156434,165636,174838,184040,table-of-9202,9201,/table-of-9201,9200,/table-of-9200,9199,/table-of-9199
9203,18406,27609,36812,46015,55218,64421,73624,82827,92030,101233,110436,119639,128842,138045,147248,156451,165654,174857,184060,table-of-9203,9202,/table-of-9202,9201,/table-of-9201,9200,/table-of-9200
9204,18408,27612,36816,46020,55224,64428,73632,82836,92040,101244,110448,119652,128856,138060,147264,156468,165672,174876,184080,table-of-9204,9203,/table-of-9203,9202,/table-of-9202,9201,/table-of-9201
9205,18410,27615,36820,46025,55230,64435,73640,82845,92050,101255,110460,119665,128870,138075,147280,156485,165690,174895,184100,table-of-9205,9204,/table-of-9204,9203,/table-of-9203,9202,/table-of-9202
9206,18412,27618,36824,46030,55236,64442,73648,82854,92060,101266,110472,119678,128884,138090,147296,156502,165708,174914,184120,table-of-9206,9205,/table-of-9205,9204,/table-of-9204,9203,/table-of-9203
9207,18414,27621,36828,46035,55242,64449,73656,82863,92070,101277,110484,119691,128898,138105,147312,156519,165726,174933,184140,table-of-9207,9206,/table-of-9206,9205,/table-of-9205,9204,/table-of-9204
9208,18416,27624,36832,46040,55248,64456,73664,82872,92080,101288,110496,119704,128912,138120,147328,156536,165744,174952,184160,table-of-9208,9207,/table-of-9207,9206,/table-of-9206,9205,/table-of-9205
9209,18418,27627,36836,46045,55254,64463,73672,82881,92090,101299,110508,119717,128926,138135,147344,156553,165762,174971,184180,table-of-9209,9208,/table-of-9208,9207,/table-of-9207,9206,/table-of-9206
9210,18420,27630,36840,46050,55260,64470,73680,82890,92100,101310,110520,119730,128940,138150,147360,156570,165780,174990,184200,table-of-9210,9209,/table-of-9209,9208,/table-of-9208,9207,/table-of-9207
9211,18422,27633,36844,46055,55266,64477,73688,82899,92110,101321,110532,119743,128954,138165,147376,156587,165798,175009,184220,table-of-9211,9210,/table-of-9210,9209,/table-of-9209,9208,/table-of-9208
9212,18424,27636,36848,46060,55272,64484,73696,82908,92120,101332,110544,119756,128968,138180,147392,156604,165816,175028,184240,table-of-9212,9211,/table-of-9211,9210,/table-of-9210,9209,/table-of-9209
9213,18426,27639,36852,46065,55278,64491,73704,82917,92130,101343,110556,119769,128982,138195,147408,156621,165834,175047,184260,table-of-9213,9212,/table-of-9212,9211,/table-of-9211,9210,/table-of-9210
9214,18428,27642,36856,46070,55284,64498,73712,82926,92140,101354,110568,119782,128996,138210,147424,156638,165852,175066,184280,table-of-9214,9213,/table-of-9213,9212,/table-of-9212,9211,/table-of-9211
9215,18430,27645,36860,46075,55290,64505,73720,82935,92150,101365,110580,119795,129010,138225,147440,156655,165870,175085,184300,table-of-9215,9214,/table-of-9214,9213,/table-of-9213,9212,/table-of-9212
9216,18432,27648,36864,46080,55296,64512,73728,82944,92160,101376,110592,119808,129024,138240,147456,156672,165888,175104,184320,table-of-9216,9215,/table-of-9215,9214,/table-of-9214,9213,/table-of-9213
9217,18434,27651,36868,46085,55302,64519,73736,82953,92170,101387,110604,119821,129038,138255,147472,156689,165906,175123,184340,table-of-9217,9216,/table-of-9216,9215,/table-of-9215,9214,/table-of-9214
9218,18436,27654,36872,46090,55308,64526,73744,82962,92180,101398,110616,119834,129052,138270,147488,156706,165924,175142,184360,table-of-9218,9217,/table-of-9217,9216,/table-of-9216,9215,/table-of-9215
9219,18438,27657,36876,46095,55314,64533,73752,82971,92190,101409,110628,119847,129066,138285,147504,156723,165942,175161,184380,table-of-9219,9218,/table-of-9218,9217,/table-of-9217,9216,/table-of-9216
9220,18440,27660,36880,46100,55320,64540,73760,82980,92200,101420,110640,119860,129080,138300,147520,156740,165960,175180,184400,table-of-9220,9219,/table-of-9219,9218,/table-of-9218,9217,/table-of-9217
9221,18442,27663,36884,46105,55326,64547,73768,82989,92210,101431,110652,119873,129094,138315,147536,156757,165978,175199,184420,table-of-9221,9220,/table-of-9220,9219,/table-of-9219,9218,/table-of-9218
9222,18444,27666,36888,46110,55332,64554,73776,82998,92220,101442,110664,119886,129108,138330,147552,156774,165996,175218,184440,table-of-9222,9221,/table-of-9221,9220,/table-of-9220,9219,/table-of-9219
9223,18446,27669,36892,46115,55338,64561,73784,83007,92230,101453,110676,119899,129122,138345,147568,156791,166014,175237,184460,table-of-9223,9222,/table-of-9222,9221,/table-of-9221,9220,/table-of-9220
9224,18448,27672,36896,46120,55344,64568,73792,83016,92240,101464,110688,119912,129136,138360,147584,156808,166032,175256,184480,table-of-9224,9223,/table-of-9223,9222,/table-of-9222,9221,/table-of-9221
9225,18450,27675,36900,46125,55350,64575,73800,83025,92250,101475,110700,119925,129150,138375,147600,156825,166050,175275,184500,table-of-9225,9224,/table-of-9224,9223,/table-of-9223,9222,/table-of-9222
9226,18452,27678,36904,46130,55356,64582,73808,83034,92260,101486,110712,119938,129164,138390,147616,156842,166068,175294,184520,table-of-9226,9225,/table-of-9225,9224,/table-of-9224,9223,/table-of-9223
9227,18454,27681,36908,46135,55362,64589,73816,83043,92270,101497,110724,119951,129178,138405,147632,156859,166086,175313,184540,table-of-9227,9226,/table-of-9226,9225,/table-of-9225,9224,/table-of-9224
9228,18456,27684,36912,46140,55368,64596,73824,83052,92280,101508,110736,119964,129192,138420,147648,156876,166104,175332,184560,table-of-9228,9227,/table-of-9227,9226,/table-of-9226,9225,/table-of-9225
9229,18458,27687,36916,46145,55374,64603,73832,83061,92290,101519,110748,119977,129206,138435,147664,156893,166122,175351,184580,table-of-9229,9228,/table-of-9228,9227,/table-of-9227,9226,/table-of-9226
9230,18460,27690,36920,46150,55380,64610,73840,83070,92300,101530,110760,119990,129220,138450,147680,156910,166140,175370,184600,table-of-9230,9229,/table-of-9229,9228,/table-of-9228,9227,/table-of-9227
9231,18462,27693,36924,46155,55386,64617,73848,83079,92310,101541,110772,120003,129234,138465,147696,156927,166158,175389,184620,table-of-9231,9230,/table-of-9230,9229,/table-of-9229,9228,/table-of-9228
9232,18464,27696,36928,46160,55392,64624,73856,83088,92320,101552,110784,120016,129248,138480,147712,156944,166176,175408,184640,table-of-9232,9231,/table-of-9231,9230,/table-of-9230,9229,/table-of-9229
9233,18466,27699,36932,46165,55398,64631,73864,83097,92330,101563,110796,120029,129262,138495,147728,156961,166194,175427,184660,table-of-9233,9232,/table-of-9232,9231,/table-of-9231,9230,/table-of-9230
9234,18468,27702,36936,46170,55404,64638,73872,83106,92340,101574,110808,120042,129276,138510,147744,156978,166212,175446,184680,table-of-9234,9233,/table-of-9233,9232,/table-of-9232,9231,/table-of-9231
9235,18470,27705,36940,46175,55410,64645,73880,83115,92350,101585,110820,120055,129290,138525,147760,156995,166230,175465,184700,table-of-9235,9234,/table-of-9234,9233,/table-of-9233,9232,/table-of-9232
9236,18472,27708,36944,46180,55416,64652,73888,83124,92360,101596,110832,120068,129304,138540,147776,157012,166248,175484,184720,table-of-9236,9235,/table-of-9235,9234,/table-of-9234,9233,/table-of-9233
9237,18474,27711,36948,46185,55422,64659,73896,83133,92370,101607,110844,120081,129318,138555,147792,157029,166266,175503,184740,table-of-9237,9236,/table-of-9236,9235,/table-of-9235,9234,/table-of-9234
9238,18476,27714,36952,46190,55428,64666,73904,83142,92380,101618,110856,120094,129332,138570,147808,157046,166284,175522,184760,table-of-9238,9237,/table-of-9237,9236,/table-of-9236,9235,/table-of-9235
9239,18478,27717,36956,46195,55434,64673,73912,83151,92390,101629,110868,120107,129346,138585,147824,157063,166302,175541,184780,table-of-9239,9238,/table-of-9238,9237,/table-of-9237,9236,/table-of-9236
9240,18480,27720,36960,46200,55440,64680,73920,83160,92400,101640,110880,120120,129360,138600,147840,157080,166320,175560,184800,table-of-9240,9239,/table-of-9239,9238,/table-of-9238,9237,/table-of-9237
9241,18482,27723,36964,46205,55446,64687,73928,83169,92410,101651,110892,120133,129374,138615,147856,157097,166338,175579,184820,table-of-9241,9240,/table-of-9240,9239,/table-of-9239,9238,/table-of-9238
9242,18484,27726,36968,46210,55452,64694,73936,83178,92420,101662,110904,120146,129388,138630,147872,157114,166356,175598,184840,table-of-9242,9241,/table-of-9241,9240,/table-of-9240,9239,/table-of-9239
9243,18486,27729,36972,46215,55458,64701,73944,83187,92430,101673,110916,120159,129402,138645,147888,157131,166374,175617,184860,table-of-9243,9242,/table-of-9242,9241,/table-of-9241,9240,/table-of-9240
9244,18488,27732,36976,46220,55464,64708,73952,83196,92440,101684,110928,120172,129416,138660,147904,157148,166392,175636,184880,table-of-9244,9243,/table-of-9243,9242,/table-of-9242,9241,/table-of-9241
9245,18490,27735,36980,46225,55470,64715,73960,83205,92450,101695,110940,120185,129430,138675,147920,157165,166410,175655,184900,table-of-9245,9244,/table-of-9244,9243,/table-of-9243,9242,/table-of-9242
9246,18492,27738,36984,46230,55476,64722,73968,83214,92460,101706,110952,120198,129444,138690,147936,157182,166428,175674,184920,table-of-9246,9245,/table-of-9245,9244,/table-of-9244,9243,/table-of-9243
9247,18494,27741,36988,46235,55482,64729,73976,83223,92470,101717,110964,120211,129458,138705,147952,157199,166446,175693,184940,table-of-9247,9246,/table-of-9246,9245,/table-of-9245,9244,/table-of-9244
9248,18496,27744,36992,46240,55488,64736,73984,83232,92480,101728,110976,120224,129472,138720,147968,157216,166464,175712,184960,table-of-9248,9247,/table-of-9247,9246,/table-of-9246,9245,/table-of-9245
9249,18498,27747,36996,46245,55494,64743,73992,83241,92490,101739,110988,120237,129486,138735,147984,157233,166482,175731,184980,table-of-9249,9248,/table-of-9248,9247,/table-of-9247,9246,/table-of-9246
9250,18500,27750,37000,46250,55500,64750,74000,83250,92500,101750,111000,120250,129500,138750,148000,157250,166500,175750,185000,table-of-9250,9249,/table-of-9249,9248,/table-of-9248,9247,/table-of-9247
9251,18502,27753,37004,46255,55506,64757,74008,83259,92510,101761,111012,120263,129514,138765,148016,157267,166518,175769,185020,table-of-9251,9250,/table-of-9250,9249,/table-of-9249,9248,/table-of-9248
9252,18504,27756,37008,46260,55512,64764,74016,83268,92520,101772,111024,120276,129528,138780,148032,157284,166536,175788,185040,table-of-9252,9251,/table-of-9251,9250,/table-of-9250,9249,/table-of-9249
9253,18506,27759,37012,46265,55518,64771,74024,83277,92530,101783,111036,120289,129542,138795,148048,157301,166554,175807,185060,table-of-9253,9252,/table-of-9252,9251,/table-of-9251,9250,/table-of-9250
9254,18508,27762,37016,46270,55524,64778,74032,83286,92540,101794,111048,120302,129556,138810,148064,157318,166572,175826,185080,table-of-9254,9253,/table-of-9253,9252,/table-of-9252,9251,/table-of-9251
9255,18510,27765,37020,46275,55530,64785,74040,83295,92550,101805,111060,120315,129570,138825,148080,157335,166590,175845,185100,table-of-9255,9254,/table-of-9254,9253,/table-of-9253,9252,/table-of-9252
9256,18512,27768,37024,46280,55536,64792,74048,83304,92560,101816,111072,120328,129584,138840,148096,157352,166608,175864,185120,table-of-9256,9255,/table-of-9255,9254,/table-of-9254,9253,/table-of-9253
9257,18514,27771,37028,46285,55542,64799,74056,83313,92570,101827,111084,120341,129598,138855,148112,157369,166626,175883,185140,table-of-9257,9256,/table-of-9256,9255,/table-of-9255,9254,/table-of-9254
9258,18516,27774,37032,46290,55548,64806,74064,83322,92580,101838,111096,120354,129612,138870,148128,157386,166644,175902,185160,table-of-9258,9257,/table-of-9257,9256,/table-of-9256,9255,/table-of-9255
9259,18518,27777,37036,46295,55554,64813,74072,83331,92590,101849,111108,120367,129626,138885,148144,157403,166662,175921,185180,table-of-9259,9258,/table-of-9258,9257,/table-of-9257,9256,/table-of-9256
9260,18520,27780,37040,46300,55560,64820,74080,83340,92600,101860,111120,120380,129640,138900,148160,157420,166680,175940,185200,table-of-9260,9259,/table-of-9259,9258,/table-of-9258,9257,/table-of-9257
9261,18522,27783,37044,46305,55566,64827,74088,83349,92610,101871,111132,120393,129654,138915,148176,157437,166698,175959,185220,table-of-9261,9260,/table-of-9260,9259,/table-of-9259,9258,/table-of-9258
9262,18524,27786,37048,46310,55572,64834,74096,83358,92620,101882,111144,120406,129668,138930,148192,157454,166716,175978,185240,table-of-9262,9261,/table-of-9261,9260,/table-of-9260,9259,/table-of-9259
9263,18526,27789,37052,46315,55578,64841,74104,83367,92630,101893,111156,120419,129682,138945,148208,157471,166734,175997,185260,table-of-9263,9262,/table-of-9262,9261,/table-of-9261,9260,/table-of-9260
9264,18528,27792,37056,46320,55584,64848,74112,83376,92640,101904,111168,120432,129696,138960,148224,157488,166752,176016,185280,table-of-9264,9263,/table-of-9263,9262,/table-of-9262,9261,/table-of-9261
9265,18530,27795,37060,46325,55590,64855,74120,83385,92650,101915,111180,120445,129710,138975,148240,157505,166770,176035,185300,table-of-9265,9264,/table-of-9264,9263,/table-of-9263,9262,/table-of-9262
9266,18532,27798,37064,46330,55596,64862,74128,83394,92660,101926,111192,120458,129724,138990,148256,157522,166788,176054,185320,table-of-9266,9265,/table-of-9265,9264,/table-of-9264,9263,/table-of-9263
9267,18534,27801,37068,46335,55602,64869,74136,83403,92670,101937,111204,120471,129738,139005,148272,157539,166806,176073,185340,table-of-9267,9266,/table-of-9266,9265,/table-of-9265,9264,/table-of-9264
9268,18536,27804,37072,46340,55608,64876,74144,83412,92680,101948,111216,120484,129752,139020,148288,157556,166824,176092,185360,table-of-9268,9267,/table-of-9267,9266,/table-of-9266,9265,/table-of-9265
9269,18538,27807,37076,46345,55614,64883,74152,83421,92690,101959,111228,120497,129766,139035,148304,157573,166842,176111,185380,table-of-9269,9268,/table-of-9268,9267,/table-of-9267,9266,/table-of-9266
9270,18540,27810,37080,46350,55620,64890,74160,83430,92700,101970,111240,120510,129780,139050,148320,157590,166860,176130,185400,table-of-9270,9269,/table-of-9269,9268,/table-of-9268,9267,/table-of-9267
9271,18542,27813,37084,46355,55626,64897,74168,83439,92710,101981,111252,120523,129794,139065,148336,157607,166878,176149,185420,table-of-9271,9270,/table-of-9270,9269,/table-of-9269,9268,/table-of-9268
9272,18544,27816,37088,46360,55632,64904,74176,83448,92720,101992,111264,120536,129808,139080,148352,157624,166896,176168,185440,table-of-9272,9271,/table-of-9271,9270,/table-of-9270,9269,/table-of-9269
9273,18546,27819,37092,46365,55638,64911,74184,83457,92730,102003,111276,120549,129822,139095,148368,157641,166914,176187,185460,table-of-9273,9272,/table-of-9272,9271,/table-of-9271,9270,/table-of-9270
9274,18548,27822,37096,46370,55644,64918,74192,83466,92740,102014,111288,120562,129836,139110,148384,157658,166932,176206,185480,table-of-9274,9273,/table-of-9273,9272,/table-of-9272,9271,/table-of-9271
9275,18550,27825,37100,46375,55650,64925,74200,83475,92750,102025,111300,120575,129850,139125,148400,157675,166950,176225,185500,table-of-9275,9274,/table-of-9274,9273,/table-of-9273,9272,/table-of-9272
9276,18552,27828,37104,46380,55656,64932,74208,83484,92760,102036,111312,120588,129864,139140,148416,157692,166968,176244,185520,table-of-9276,9275,/table-of-9275,9274,/table-of-9274,9273,/table-of-9273
9277,18554,27831,37108,46385,55662,64939,74216,83493,92770,102047,111324,120601,129878,139155,148432,157709,166986,176263,185540,table-of-9277,9276,/table-of-9276,9275,/table-of-9275,9274,/table-of-9274
9278,18556,27834,37112,46390,55668,64946,74224,83502,92780,102058,111336,120614,129892,139170,148448,157726,167004,176282,185560,table-of-9278,9277,/table-of-9277,9276,/table-of-9276,9275,/table-of-9275
9279,18558,27837,37116,46395,55674,64953,74232,83511,92790,102069,111348,120627,129906,139185,148464,157743,167022,176301,185580,table-of-9279,9278,/table-of-9278,9277,/table-of-9277,9276,/table-of-9276
9280,18560,27840,37120,46400,55680,64960,74240,83520,92800,102080,111360,120640,129920,139200,148480,157760,167040,176320,185600,table-of-9280,9279,/table-of-9279,9278,/table-of-9278,9277,/table-of-9277
9281,18562,27843,37124,46405,55686,64967,74248,83529,92810,102091,111372,120653,129934,139215,148496,157777,167058,176339,185620,table-of-9281,9280,/table-of-9280,9279,/table-of-9279,9278,/table-of-9278
9282,18564,27846,37128,46410,55692,64974,74256,83538,92820,102102,111384,120666,129948,139230,148512,157794,167076,176358,185640,table-of-9282,9281,/table-of-9281,9280,/table-of-9280,9279,/table-of-9279
9283,18566,27849,37132,46415,55698,64981,74264,83547,92830,102113,111396,120679,129962,139245,148528,157811,167094,176377,185660,table-of-9283,9282,/table-of-9282,9281,/table-of-9281,9280,/table-of-9280
9284,18568,27852,37136,46420,55704,64988,74272,83556,92840,102124,111408,120692,129976,139260,148544,157828,167112,176396,185680,table-of-9284,9283,/table-of-9283,9282,/table-of-9282,9281,/table-of-9281
9285,18570,27855,37140,46425,55710,64995,74280,83565,92850,102135,111420,120705,129990,139275,148560,157845,167130,176415,185700,table-of-9285,9284,/table-of-9284,9283,/table-of-9283,9282,/table-of-9282
9286,18572,27858,37144,46430,55716,65002,74288,83574,92860,102146,111432,120718,130004,139290,148576,157862,167148,176434,185720,table-of-9286,9285,/table-of-9285,9284,/table-of-9284,9283,/table-of-9283
9287,18574,27861,37148,46435,55722,65009,74296,83583,92870,102157,111444,120731,130018,139305,148592,157879,167166,176453,185740,table-of-9287,9286,/table-of-9286,9285,/table-of-9285,9284,/table-of-9284
9288,18576,27864,37152,46440,55728,65016,74304,83592,92880,102168,111456,120744,130032,139320,148608,157896,167184,176472,185760,table-of-9288,9287,/table-of-9287,9286,/table-of-9286,9285,/table-of-9285
9289,18578,27867,37156,46445,55734,65023,74312,83601,92890,102179,111468,120757,130046,139335,148624,157913,167202,176491,185780,table-of-9289,9288,/table-of-9288,9287,/table-of-9287,9286,/table-of-9286
9290,18580,27870,37160,46450,55740,65030,74320,83610,92900,102190,111480,120770,130060,139350,148640,157930,167220,176510,185800,table-of-9290,9289,/table-of-9289,9288,/table-of-9288,9287,/table-of-9287
9291,18582,27873,37164,46455,55746,65037,74328,83619,92910,102201,111492,120783,130074,139365,148656,157947,167238,176529,185820,table-of-9291,9290,/table-of-9290,9289,/table-of-9289,9288,/table-of-9288
9292,18584,27876,37168,46460,55752,65044,74336,83628,92920,102212,111504,120796,130088,139380,148672,157964,167256,176548,185840,table-of-9292,9291,/table-of-9291,9290,/table-of-9290,9289,/table-of-9289
9293,18586,27879,37172,46465,55758,65051,74344,83637,92930,102223,111516,120809,130102,139395,148688,157981,167274,176567,185860,table-of-9293,9292,/table-of-9292,9291,/table-of-9291,9290,/table-of-9290
9294,18588,27882,37176,46470,55764,65058,74352,83646,92940,102234,111528,120822,130116,139410,148704,157998,167292,176586,185880,table-of-9294,9293,/table-of-9293,9292,/table-of-9292,9291,/table-of-9291
9295,18590,27885,37180,46475,55770,65065,74360,83655,92950,102245,111540,120835,130130,139425,148720,158015,167310,176605,185900,table-of-9295,9294,/table-of-9294,9293,/table-of-9293,9292,/table-of-9292
9296,18592,27888,37184,46480,55776,65072,74368,83664,92960,102256,111552,120848,130144,139440,148736,158032,167328,176624,185920,table-of-9296,9295,/table-of-9295,9294,/table-of-9294,9293,/table-of-9293
9297,18594,27891,37188,46485,55782,65079,74376,83673,92970,102267,111564,120861,130158,139455,148752,158049,167346,176643,185940,table-of-9297,9296,/table-of-9296,9295,/table-of-9295,9294,/table-of-9294
9298,18596,27894,37192,46490,55788,65086,74384,83682,92980,102278,111576,120874,130172,139470,148768,158066,167364,176662,185960,table-of-9298,9297,/table-of-9297,9296,/table-of-9296,9295,/table-of-9295
9299,18598,27897,37196,46495,55794,65093,74392,83691,92990,102289,111588,120887,130186,139485,148784,158083,167382,176681,185980,table-of-9299,9298,/table-of-9298,9297,/table-of-9297,9296,/table-of-9296
9300,18600,27900,37200,46500,55800,65100,74400,83700,93000,102300,111600,120900,130200,139500,148800,158100,167400,176700,186000,table-of-9300,9299,/table-of-9299,9298,/table-of-9298,9297,/table-of-9297
9301,18602,27903,37204,46505,55806,65107,74408,83709,93010,102311,111612,120913,130214,139515,148816,158117,167418,176719,186020,table-of-9301,9300,/table-of-9300,9299,/table-of-9299,9298,/table-of-9298
9302,18604,27906,37208,46510,55812,65114,74416,83718,93020,102322,111624,120926,130228,139530,148832,158134,167436,176738,186040,table-of-9302,9301,/table-of-9301,9300,/table-of-9300,9299,/table-of-9299
9303,18606,27909,37212,46515,55818,65121,74424,83727,93030,102333,111636,120939,130242,139545,148848,158151,167454,176757,186060,table-of-9303,9302,/table-of-9302,9301,/table-of-9301,9300,/table-of-9300
9304,18608,27912,37216,46520,55824,65128,74432,83736,93040,102344,111648,120952,130256,139560,148864,158168,167472,176776,186080,table-of-9304,9303,/table-of-9303,9302,/table-of-9302,9301,/table-of-9301
9305,18610,27915,37220,46525,55830,65135,74440,83745,93050,102355,111660,120965,130270,139575,148880,158185,167490,176795,186100,table-of-9305,9304,/table-of-9304,9303,/table-of-9303,9302,/table-of-9302
9306,18612,27918,37224,46530,55836,65142,74448,83754,93060,102366,111672,120978,130284,139590,148896,158202,167508,176814,186120,table-of-9306,9305,/table-of-9305,9304,/table-of-9304,9303,/table-of-9303
9307,18614,27921,37228,46535,55842,65149,74456,83763,93070,102377,111684,120991,130298,139605,148912,158219,167526,176833,186140,table-of-9307,9306,/table-of-9306,9305,/table-of-9305,9304,/table-of-9304
9308,18616,27924,37232,46540,55848,65156,74464,83772,93080,102388,111696,121004,130312,139620,148928,158236,167544,176852,186160,table-of-9308,9307,/table-of-9307,9306,/table-of-9306,9305,/table-of-9305
9309,18618,27927,37236,46545,55854,65163,74472,83781,93090,102399,111708,121017,130326,139635,148944,158253,167562,176871,186180,table-of-9309,9308,/table-of-9308,9307,/table-of-9307,9306,/table-of-9306
9310,18620,27930,37240,46550,55860,65170,74480,83790,93100,102410,111720,121030,130340,139650,148960,158270,167580,176890,186200,table-of-9310,9309,/table-of-9309,9308,/table-of-9308,9307,/table-of-9307
9311,18622,27933,37244,46555,55866,65177,74488,83799,93110,102421,111732,121043,130354,139665,148976,158287,167598,176909,186220,table-of-9311,9310,/table-of-9310,9309,/table-of-9309,9308,/table-of-9308
9312,18624,27936,37248,46560,55872,65184,74496,83808,93120,102432,111744,121056,130368,139680,148992,158304,167616,176928,186240,table-of-9312,9311,/table-of-9311,9310,/table-of-9310,9309,/table-of-9309
9313,18626,27939,37252,46565,55878,65191,74504,83817,93130,102443,111756,121069,130382,139695,149008,158321,167634,176947,186260,table-of-9313,9312,/table-of-9312,9311,/table-of-9311,9310,/table-of-9310
9314,18628,27942,37256,46570,55884,65198,74512,83826,93140,102454,111768,121082,130396,139710,149024,158338,167652,176966,186280,table-of-9314,9313,/table-of-9313,9312,/table-of-9312,9311,/table-of-9311
9315,18630,27945,37260,46575,55890,65205,74520,83835,93150,102465,111780,121095,130410,139725,149040,158355,167670,176985,186300,table-of-9315,9314,/table-of-9314,9313,/table-of-9313,9312,/table-of-9312
9316,18632,27948,37264,46580,55896,65212,74528,83844,93160,102476,111792,121108,130424,139740,149056,158372,167688,177004,186320,table-of-9316,9315,/table-of-9315,9314,/table-of-9314,9313,/table-of-9313
9317,18634,27951,37268,46585,55902,65219,74536,83853,93170,102487,111804,121121,130438,139755,149072,158389,167706,177023,186340,table-of-9317,9316,/table-of-9316,9315,/table-of-9315,9314,/table-of-9314
9318,18636,27954,37272,46590,55908,65226,74544,83862,93180,102498,111816,121134,130452,139770,149088,158406,167724,177042,186360,table-of-9318,9317,/table-of-9317,9316,/table-of-9316,9315,/table-of-9315
9319,18638,27957,37276,46595,55914,65233,74552,83871,93190,102509,111828,121147,130466,139785,149104,158423,167742,177061,186380,table-of-9319,9318,/table-of-9318,9317,/table-of-9317,9316,/table-of-9316
9320,18640,27960,37280,46600,55920,65240,74560,83880,93200,102520,111840,121160,130480,139800,149120,158440,167760,177080,186400,table-of-9320,9319,/table-of-9319,9318,/table-of-9318,9317,/table-of-9317
9321,18642,27963,37284,46605,55926,65247,74568,83889,93210,102531,111852,121173,130494,139815,149136,158457,167778,177099,186420,table-of-9321,9320,/table-of-9320,9319,/table-of-9319,9318,/table-of-9318
9322,18644,27966,37288,46610,55932,65254,74576,83898,93220,102542,111864,121186,130508,139830,149152,158474,167796,177118,186440,table-of-9322,9321,/table-of-9321,9320,/table-of-9320,9319,/table-of-9319
9323,18646,27969,37292,46615,55938,65261,74584,83907,93230,102553,111876,121199,130522,139845,149168,158491,167814,177137,186460,table-of-9323,9322,/table-of-9322,9321,/table-of-9321,9320,/table-of-9320
9324,18648,27972,37296,46620,55944,65268,74592,83916,93240,102564,111888,121212,130536,139860,149184,158508,167832,177156,186480,table-of-9324,9323,/table-of-9323,9322,/table-of-9322,9321,/table-of-9321
9325,18650,27975,37300,46625,55950,65275,74600,83925,93250,102575,111900,121225,130550,139875,149200,158525,167850,177175,186500,table-of-9325,9324,/table-of-9324,9323,/table-of-9323,9322,/table-of-9322
9326,18652,27978,37304,46630,55956,65282,74608,83934,93260,102586,111912,121238,130564,139890,149216,158542,167868,177194,186520,table-of-9326,9325,/table-of-9325,9324,/table-of-9324,9323,/table-of-9323
9327,18654,27981,37308,46635,55962,65289,74616,83943,93270,102597,111924,121251,130578,139905,149232,158559,167886,177213,186540,table-of-9327,9326,/table-of-9326,9325,/table-of-9325,9324,/table-of-9324
9328,18656,27984,37312,46640,55968,65296,74624,83952,93280,102608,111936,121264,130592,139920,149248,158576,167904,177232,186560,table-of-9328,9327,/table-of-9327,9326,/table-of-9326,9325,/table-of-9325
9329,18658,27987,37316,46645,55974,65303,74632,83961,93290,102619,111948,121277,130606,139935,149264,158593,167922,177251,186580,table-of-9329,9328,/table-of-9328,9327,/table-of-9327,9326,/table-of-9326
9330,18660,27990,37320,46650,55980,65310,74640,83970,93300,102630,111960,121290,130620,139950,149280,158610,167940,177270,186600,table-of-9330,9329,/table-of-9329,9328,/table-of-9328,9327,/table-of-9327
9331,18662,27993,37324,46655,55986,65317,74648,83979,93310,102641,111972,121303,130634,139965,149296,158627,167958,177289,186620,table-of-9331,9330,/table-of-9330,9329,/table-of-9329,9328,/table-of-9328
9332,18664,27996,37328,46660,55992,65324,74656,83988,93320,102652,111984,121316,130648,139980,149312,158644,167976,177308,186640,table-of-9332,9331,/table-of-9331,9330,/table-of-9330,9329,/table-of-9329
9333,18666,27999,37332,46665,55998,65331,74664,83997,93330,102663,111996,121329,130662,139995,149328,158661,167994,177327,186660,table-of-9333,9332,/table-of-9332,9331,/table-of-9331,9330,/table-of-9330
9334,18668,28002,37336,46670,56004,65338,74672,84006,93340,102674,112008,121342,130676,140010,149344,158678,168012,177346,186680,table-of-9334,9333,/table-of-9333,9332,/table-of-9332,9331,/table-of-9331
9335,18670,28005,37340,46675,56010,65345,74680,84015,93350,102685,112020,121355,130690,140025,149360,158695,168030,177365,186700,table-of-9335,9334,/table-of-9334,9333,/table-of-9333,9332,/table-of-9332
9336,18672,28008,37344,46680,56016,65352,74688,84024,93360,102696,112032,121368,130704,140040,149376,158712,168048,177384,186720,table-of-9336,9335,/table-of-9335,9334,/table-of-9334,9333,/table-of-9333
9337,18674,28011,37348,46685,56022,65359,74696,84033,93370,102707,112044,121381,130718,140055,149392,158729,168066,177403,186740,table-of-9337,9336,/table-of-9336,9335,/table-of-9335,9334,/table-of-9334
9338,18676,28014,37352,46690,56028,65366,74704,84042,93380,102718,112056,121394,130732,140070,149408,158746,168084,177422,186760,table-of-9338,9337,/table-of-9337,9336,/table-of-9336,9335,/table-of-9335
9339,18678,28017,37356,46695,56034,65373,74712,84051,93390,102729,112068,121407,130746,140085,149424,158763,168102,177441,186780,table-of-9339,9338,/table-of-9338,9337,/table-of-9337,9336,/table-of-9336
9340,18680,28020,37360,46700,56040,65380,74720,84060,93400,102740,112080,121420,130760,140100,149440,158780,168120,177460,186800,table-of-9340,9339,/table-of-9339,9338,/table-of-9338,9337,/table-of-9337
9341,18682,28023,37364,46705,56046,65387,74728,84069,93410,102751,112092,121433,130774,140115,149456,158797,168138,177479,186820,table-of-9341,9340,/table-of-9340,9339,/table-of-9339,9338,/table-of-9338
9342,18684,28026,37368,46710,56052,65394,74736,84078,93420,102762,112104,121446,130788,140130,149472,158814,168156,177498,186840,table-of-9342,9341,/table-of-9341,9340,/table-of-9340,9339,/table-of-9339
9343,18686,28029,37372,46715,56058,65401,74744,84087,93430,102773,112116,121459,130802,140145,149488,158831,168174,177517,186860,table-of-9343,9342,/table-of-9342,9341,/table-of-9341,9340,/table-of-9340
9344,18688,28032,37376,46720,56064,65408,74752,84096,93440,102784,112128,121472,130816,140160,149504,158848,168192,177536,186880,table-of-9344,9343,/table-of-9343,9342,/table-of-9342,9341,/table-of-9341
9345,18690,28035,37380,46725,56070,65415,74760,84105,93450,102795,112140,121485,130830,140175,149520,158865,168210,177555,186900,table-of-9345,9344,/table-of-9344,9343,/table-of-9343,9342,/table-of-9342
9346,18692,28038,37384,46730,56076,65422,74768,84114,93460,102806,112152,121498,130844,140190,149536,158882,168228,177574,186920,table-of-9346,9345,/table-of-9345,9344,/table-of-9344,9343,/table-of-9343
9347,18694,28041,37388,46735,56082,65429,74776,84123,93470,102817,112164,121511,130858,140205,149552,158899,168246,177593,186940,table-of-9347,9346,/table-of-9346,9345,/table-of-9345,9344,/table-of-9344
9348,18696,28044,37392,46740,56088,65436,74784,84132,93480,102828,112176,121524,130872,140220,149568,158916,168264,177612,186960,table-of-9348,9347,/table-of-9347,9346,/table-of-9346,9345,/table-of-9345
9349,18698,28047,37396,46745,56094,65443,74792,84141,93490,102839,112188,121537,130886,140235,149584,158933,168282,177631,186980,table-of-9349,9348,/table-of-9348,9347,/table-of-9347,9346,/table-of-9346
9350,18700,28050,37400,46750,56100,65450,74800,84150,93500,102850,112200,121550,130900,140250,149600,158950,168300,177650,187000,table-of-9350,9349,/table-of-9349,9348,/table-of-9348,9347,/table-of-9347
9351,18702,28053,37404,46755,56106,65457,74808,84159,93510,102861,112212,121563,130914,140265,149616,158967,168318,177669,187020,table-of-9351,9350,/table-of-9350,9349,/table-of-9349,9348,/table-of-9348
9352,18704,28056,37408,46760,56112,65464,74816,84168,93520,102872,112224,121576,130928,140280,149632,158984,168336,177688,187040,table-of-9352,9351,/table-of-9351,9350,/table-of-9350,9349,/table-of-9349
9353,18706,28059,37412,46765,56118,65471,74824,84177,93530,102883,112236,121589,130942,140295,149648,159001,168354,177707,187060,table-of-9353,9352,/table-of-9352,9351,/table-of-9351,9350,/table-of-9350
9354,18708,28062,37416,46770,56124,65478,74832,84186,93540,102894,112248,121602,130956,140310,149664,159018,168372,177726,187080,table-of-9354,9353,/table-of-9353,9352,/table-of-9352,9351,/table-of-9351
9355,18710,28065,37420,46775,56130,65485,74840,84195,93550,102905,112260,121615,130970,140325,149680,159035,168390,177745,187100,table-of-9355,9354,/table-of-9354,9353,/table-of-9353,9352,/table-of-9352
9356,18712,28068,37424,46780,56136,65492,74848,84204,93560,102916,112272,121628,130984,140340,149696,159052,168408,177764,187120,table-of-9356,9355,/table-of-9355,9354,/table-of-9354,9353,/table-of-9353
9357,18714,28071,37428,46785,56142,65499,74856,84213,93570,102927,112284,121641,130998,140355,149712,159069,168426,177783,187140,table-of-9357,9356,/table-of-9356,9355,/table-of-9355,9354,/table-of-9354
9358,18716,28074,37432,46790,56148,65506,74864,84222,93580,102938,112296,121654,131012,140370,149728,159086,168444,177802,187160,table-of-9358,9357,/table-of-9357,9356,/table-of-9356,9355,/table-of-9355
9359,18718,28077,37436,46795,56154,65513,74872,84231,93590,102949,112308,121667,131026,140385,149744,159103,168462,177821,187180,table-of-9359,9358,/table-of-9358,9357,/table-of-9357,9356,/table-of-9356
9360,18720,28080,37440,46800,56160,65520,74880,84240,93600,102960,112320,121680,131040,140400,149760,159120,168480,177840,187200,table-of-9360,9359,/table-of-9359,9358,/table-of-9358,9357,/table-of-9357
9361,18722,28083,37444,46805,56166,65527,74888,84249,93610,102971,112332,121693,131054,140415,149776,159137,168498,177859,187220,table-of-9361,9360,/table-of-9360,9359,/table-of-9359,9358,/table-of-9358
9362,18724,28086,37448,46810,56172,65534,74896,84258,93620,102982,112344,121706,131068,140430,149792,159154,168516,177878,187240,table-of-9362,9361,/table-of-9361,9360,/table-of-9360,9359,/table-of-9359
9363,18726,28089,37452,46815,56178,65541,74904,84267,93630,102993,112356,121719,131082,140445,149808,159171,168534,177897,187260,table-of-9363,9362,/table-of-9362,9361,/table-of-9361,9360,/table-of-9360
9364,18728,28092,37456,46820,56184,65548,74912,84276,93640,103004,112368,121732,131096,140460,149824,159188,168552,177916,187280,table-of-9364,9363,/table-of-9363,9362,/table-of-9362,9361,/table-of-9361
9365,18730,28095,37460,46825,56190,65555,74920,84285,93650,103015,112380,121745,131110,140475,149840,159205,168570,177935,187300,table-of-9365,9364,/table-of-9364,9363,/table-of-9363,9362,/table-of-9362
9366,18732,28098,37464,46830,56196,65562,74928,84294,93660,103026,112392,121758,131124,140490,149856,159222,168588,177954,187320,table-of-9366,9365,/table-of-9365,9364,/table-of-9364,9363,/table-of-9363
9367,18734,28101,37468,46835,56202,65569,74936,84303,93670,103037,112404,121771,131138,140505,149872,159239,168606,177973,187340,table-of-9367,9366,/table-of-9366,9365,/table-of-9365,9364,/table-of-9364
9368,18736,28104,37472,46840,56208,65576,74944,84312,93680,103048,112416,121784,131152,140520,149888,159256,168624,177992,187360,table-of-9368,9367,/table-of-9367,9366,/table-of-9366,9365,/table-of-9365
9369,18738,28107,37476,46845,56214,65583,74952,84321,93690,103059,112428,121797,131166,140535,149904,159273,168642,178011,187380,table-of-9369,9368,/table-of-9368,9367,/table-of-9367,9366,/table-of-9366
9370,18740,28110,37480,46850,56220,65590,74960,84330,93700,103070,112440,121810,131180,140550,149920,159290,168660,178030,187400,table-of-9370,9369,/table-of-9369,9368,/table-of-9368,9367,/table-of-9367
9371,18742,28113,37484,46855,56226,65597,74968,84339,93710,103081,112452,121823,131194,140565,149936,159307,168678,178049,187420,table-of-9371,9370,/table-of-9370,9369,/table-of-9369,9368,/table-of-9368
9372,18744,28116,37488,46860,56232,65604,74976,84348,93720,103092,112464,121836,131208,140580,149952,159324,168696,178068,187440,table-of-9372,9371,/table-of-9371,9370,/table-of-9370,9369,/table-of-9369
9373,18746,28119,37492,46865,56238,65611,74984,84357,93730,103103,112476,121849,131222,140595,149968,159341,168714,178087,187460,table-of-9373,9372,/table-of-9372,9371,/table-of-9371,9370,/table-of-9370
9374,18748,28122,37496,46870,56244,65618,74992,84366,93740,103114,112488,121862,131236,140610,149984,159358,168732,178106,187480,table-of-9374,9373,/table-of-9373,9372,/table-of-9372,9371,/table-of-9371
9375,18750,28125,37500,46875,56250,65625,75000,84375,93750,103125,112500,121875,131250,140625,150000,159375,168750,178125,187500,table-of-9375,9374,/table-of-9374,9373,/table-of-9373,9372,/table-of-9372
9376,18752,28128,37504,46880,56256,65632,75008,84384,93760,103136,112512,121888,131264,140640,150016,159392,168768,178144,187520,table-of-9376,9375,/table-of-9375,9374,/table-of-9374,9373,/table-of-9373
9377,18754,28131,37508,46885,56262,65639,75016,84393,93770,103147,112524,121901,131278,140655,150032,159409,168786,178163,187540,table-of-9377,9376,/table-of-9376,9375,/table-of-9375,9374,/table-of-9374
9378,18756,28134,37512,46890,56268,65646,75024,84402,93780,103158,112536,121914,131292,140670,150048,159426,168804,178182,187560,table-of-9378,9377,/table-of-9377,9376,/table-of-9376,9375,/table-of-9375
9379,18758,28137,37516,46895,56274,65653,75032,84411,93790,103169,112548,121927,131306,140685,150064,159443,168822,178201,187580,table-of-9379,9378,/table-of-9378,9377,/table-of-9377,9376,/table-of-9376
9380,18760,28140,37520,46900,56280,65660,75040,84420,93800,103180,112560,121940,131320,140700,150080,159460,168840,178220,187600,table-of-9380,9379,/table-of-9379,9378,/table-of-9378,9377,/table-of-9377
9381,18762,28143,37524,46905,56286,65667,75048,84429,93810,103191,112572,121953,131334,140715,150096,159477,168858,178239,187620,table-of-9381,9380,/table-of-9380,9379,/table-of-9379,9378,/table-of-9378
9382,18764,28146,37528,46910,56292,65674,75056,84438,93820,103202,112584,121966,131348,140730,150112,159494,168876,178258,187640,table-of-9382,9381,/table-of-9381,9380,/table-of-9380,9379,/table-of-9379
9383,18766,28149,37532,46915,56298,65681,75064,84447,93830,103213,112596,121979,131362,140745,150128,159511,168894,178277,187660,table-of-9383,9382,/table-of-9382,9381,/table-of-9381,9380,/table-of-9380
9384,18768,28152,37536,46920,56304,65688,75072,84456,93840,103224,112608,121992,131376,140760,150144,159528,168912,178296,187680,table-of-9384,9383,/table-of-9383,9382,/table-of-9382,9381,/table-of-9381
9385,18770,28155,37540,46925,56310,65695,75080,84465,93850,103235,112620,122005,131390,140775,150160,159545,168930,178315,187700,table-of-9385,9384,/table-of-9384,9383,/table-of-9383,9382,/table-of-9382
9386,18772,28158,37544,46930,56316,65702,75088,84474,93860,103246,112632,122018,131404,140790,150176,159562,168948,178334,187720,table-of-9386,9385,/table-of-9385,9384,/table-of-9384,9383,/table-of-9383
9387,18774,28161,37548,46935,56322,65709,75096,84483,93870,103257,112644,122031,131418,140805,150192,159579,168966,178353,187740,table-of-9387,9386,/table-of-9386,9385,/table-of-9385,9384,/table-of-9384
9388,18776,28164,37552,46940,56328,65716,75104,84492,93880,103268,112656,122044,131432,140820,150208,159596,168984,178372,187760,table-of-9388,9387,/table-of-9387,9386,/table-of-9386,9385,/table-of-9385
9389,18778,28167,37556,46945,56334,65723,75112,84501,93890,103279,112668,122057,131446,140835,150224,159613,169002,178391,187780,table-of-9389,9388,/table-of-9388,9387,/table-of-9387,9386,/table-of-9386
9390,18780,28170,37560,46950,56340,65730,75120,84510,93900,103290,112680,122070,131460,140850,150240,159630,169020,178410,187800,table-of-9390,9389,/table-of-9389,9388,/table-of-9388,9387,/table-of-9387
9391,18782,28173,37564,46955,56346,65737,75128,84519,93910,103301,112692,122083,131474,140865,150256,159647,169038,178429,187820,table-of-9391,9390,/table-of-9390,9389,/table-of-9389,9388,/table-of-9388
9392,18784,28176,37568,46960,56352,65744,75136,84528,93920,103312,112704,122096,131488,140880,150272,159664,169056,178448,187840,table-of-9392,9391,/table-of-9391,9390,/table-of-9390,9389,/table-of-9389
9393,18786,28179,37572,46965,56358,65751,75144,84537,93930,103323,112716,122109,131502,140895,150288,159681,169074,178467,187860,table-of-9393,9392,/table-of-9392,9391,/table-of-9391,9390,/table-of-9390
9394,18788,28182,37576,46970,56364,65758,75152,84546,93940,103334,112728,122122,131516,140910,150304,159698,169092,178486,187880,table-of-9394,9393,/table-of-9393,9392,/table-of-9392,9391,/table-of-9391
9395,18790,28185,37580,46975,56370,65765,75160,84555,93950,103345,112740,122135,131530,140925,150320,159715,169110,178505,187900,table-of-9395,9394,/table-of-9394,9393,/table-of-9393,9392,/table-of-9392
9396,18792,28188,37584,46980,56376,65772,75168,84564,93960,103356,112752,122148,131544,140940,150336,159732,169128,178524,187920,table-of-9396,9395,/table-of-9395,9394,/table-of-9394,9393,/table-of-9393
9397,18794,28191,37588,46985,56382,65779,75176,84573,93970,103367,112764,122161,131558,140955,150352,159749,169146,178543,187940,table-of-9397,9396,/table-of-9396,9395,/table-of-9395,9394,/table-of-9394
9398,18796,28194,37592,46990,56388,65786,75184,84582,93980,103378,112776,122174,131572,140970,150368,159766,169164,178562,187960,table-of-9398,9397,/table-of-9397,9396,/table-of-9396,9395,/table-of-9395
9399,18798,28197,37596,46995,56394,65793,75192,84591,93990,103389,112788,122187,131586,140985,150384,159783,169182,178581,187980,table-of-9399,9398,/table-of-9398,9397,/table-of-9397,9396,/table-of-9396
9400,18800,28200,37600,47000,56400,65800,75200,84600,94000,103400,112800,122200,131600,141000,150400,159800,169200,178600,188000,table-of-9400,9399,/table-of-9399,9398,/table-of-9398,9397,/table-of-9397
9401,18802,28203,37604,47005,56406,65807,75208,84609,94010,103411,112812,122213,131614,141015,150416,159817,169218,178619,188020,table-of-9401,9400,/table-of-9400,9399,/table-of-9399,9398,/table-of-9398
9402,18804,28206,37608,47010,56412,65814,75216,84618,94020,103422,112824,122226,131628,141030,150432,159834,169236,178638,188040,table-of-9402,9401,/table-of-9401,9400,/table-of-9400,9399,/table-of-9399
9403,18806,28209,37612,47015,56418,65821,75224,84627,94030,103433,112836,122239,131642,141045,150448,159851,169254,178657,188060,table-of-9403,9402,/table-of-9402,9401,/table-of-9401,9400,/table-of-9400
9404,18808,28212,37616,47020,56424,65828,75232,84636,94040,103444,112848,122252,131656,141060,150464,159868,169272,178676,188080,table-of-9404,9403,/table-of-9403,9402,/table-of-9402,9401,/table-of-9401
9405,18810,28215,37620,47025,56430,65835,75240,84645,94050,103455,112860,122265,131670,141075,150480,159885,169290,178695,188100,table-of-9405,9404,/table-of-9404,9403,/table-of-9403,9402,/table-of-9402
9406,18812,28218,37624,47030,56436,65842,75248,84654,94060,103466,112872,122278,131684,141090,150496,159902,169308,178714,188120,table-of-9406,9405,/table-of-9405,9404,/table-of-9404,9403,/table-of-9403
9407,18814,28221,37628,47035,56442,65849,75256,84663,94070,103477,112884,122291,131698,141105,150512,159919,169326,178733,188140,table-of-9407,9406,/table-of-9406,9405,/table-of-9405,9404,/table-of-9404
9408,18816,28224,37632,47040,56448,65856,75264,84672,94080,103488,112896,122304,131712,141120,150528,159936,169344,178752,188160,table-of-9408,9407,/table-of-9407,9406,/table-of-9406,9405,/table-of-9405
9409,18818,28227,37636,47045,56454,65863,75272,84681,94090,103499,112908,122317,131726,141135,150544,159953,169362,178771,188180,table-of-9409,9408,/table-of-9408,9407,/table-of-9407,9406,/table-of-9406
9410,18820,28230,37640,47050,56460,65870,75280,84690,94100,103510,112920,122330,131740,141150,150560,159970,169380,178790,188200,table-of-9410,9409,/table-of-9409,9408,/table-of-9408,9407,/table-of-9407
9411,18822,28233,37644,47055,56466,65877,75288,84699,94110,103521,112932,122343,131754,141165,150576,159987,169398,178809,188220,table-of-9411,9410,/table-of-9410,9409,/table-of-9409,9408,/table-of-9408
9412,18824,28236,37648,47060,56472,65884,75296,84708,94120,103532,112944,122356,131768,141180,150592,160004,169416,178828,188240,table-of-9412,9411,/table-of-9411,9410,/table-of-9410,9409,/table-of-9409
9413,18826,28239,37652,47065,56478,65891,75304,84717,94130,103543,112956,122369,131782,141195,150608,160021,169434,178847,188260,table-of-9413,9412,/table-of-9412,9411,/table-of-9411,9410,/table-of-9410
9414,18828,28242,37656,47070,56484,65898,75312,84726,94140,103554,112968,122382,131796,141210,150624,160038,169452,178866,188280,table-of-9414,9413,/table-of-9413,9412,/table-of-9412,9411,/table-of-9411
9415,18830,28245,37660,47075,56490,65905,75320,84735,94150,103565,112980,122395,131810,141225,150640,160055,169470,178885,188300,table-of-9415,9414,/table-of-9414,9413,/table-of-9413,9412,/table-of-9412
9416,18832,28248,37664,47080,56496,65912,75328,84744,94160,103576,112992,122408,131824,141240,150656,160072,169488,178904,188320,table-of-9416,9415,/table-of-9415,9414,/table-of-9414,9413,/table-of-9413
9417,18834,28251,37668,47085,56502,65919,75336,84753,94170,103587,113004,122421,131838,141255,150672,160089,169506,178923,188340,table-of-9417,9416,/table-of-9416,9415,/table-of-9415,9414,/table-of-9414
9418,18836,28254,37672,47090,56508,65926,75344,84762,94180,103598,113016,122434,131852,141270,150688,160106,169524,178942,188360,table-of-9418,9417,/table-of-9417,9416,/table-of-9416,9415,/table-of-9415
9419,18838,28257,37676,47095,56514,65933,75352,84771,94190,103609,113028,122447,131866,141285,150704,160123,169542,178961,188380,table-of-9419,9418,/table-of-9418,9417,/table-of-9417,9416,/table-of-9416
9420,18840,28260,37680,47100,56520,65940,75360,84780,94200,103620,113040,122460,131880,141300,150720,160140,169560,178980,188400,table-of-9420,9419,/table-of-9419,9418,/table-of-9418,9417,/table-of-9417
9421,18842,28263,37684,47105,56526,65947,75368,84789,94210,103631,113052,122473,131894,141315,150736,160157,169578,178999,188420,table-of-9421,9420,/table-of-9420,9419,/table-of-9419,9418,/table-of-9418
9422,18844,28266,37688,47110,56532,65954,75376,84798,94220,103642,113064,122486,131908,141330,150752,160174,169596,179018,188440,table-of-9422,9421,/table-of-9421,9420,/table-of-9420,9419,/table-of-9419
9423,18846,28269,37692,47115,56538,65961,75384,84807,94230,103653,113076,122499,131922,141345,150768,160191,169614,179037,188460,table-of-9423,9422,/table-of-9422,9421,/table-of-9421,9420,/table-of-9420
9424,18848,28272,37696,47120,56544,65968,75392,84816,94240,103664,113088,122512,131936,141360,150784,160208,169632,179056,188480,table-of-9424,9423,/table-of-9423,9422,/table-of-9422,9421,/table-of-9421
9425,18850,28275,37700,47125,56550,65975,75400,84825,94250,103675,113100,122525,131950,141375,150800,160225,169650,179075,188500,table-of-9425,9424,/table-of-9424,9423,/table-of-9423,9422,/table-of-9422
9426,18852,28278,37704,47130,56556,65982,75408,84834,94260,103686,113112,122538,131964,141390,150816,160242,169668,179094,188520,table-of-9426,9425,/table-of-9425,9424,/table-of-9424,9423,/table-of-9423
9427,18854,28281,37708,47135,56562,65989,75416,84843,94270,103697,113124,122551,131978,141405,150832,160259,169686,179113,188540,table-of-9427,9426,/table-of-9426,9425,/table-of-9425,9424,/table-of-9424
9428,18856,28284,37712,47140,56568,65996,75424,84852,94280,103708,113136,122564,131992,141420,150848,160276,169704,179132,188560,table-of-9428,9427,/table-of-9427,9426,/table-of-9426,9425,/table-of-9425
9429,18858,28287,37716,47145,56574,66003,75432,84861,94290,103719,113148,122577,132006,141435,150864,160293,169722,179151,188580,table-of-9429,9428,/table-of-9428,9427,/table-of-9427,9426,/table-of-9426
9430,18860,28290,37720,47150,56580,66010,75440,84870,94300,103730,113160,122590,132020,141450,150880,160310,169740,179170,188600,table-of-9430,9429,/table-of-9429,9428,/table-of-9428,9427,/table-of-9427
9431,18862,28293,37724,47155,56586,66017,75448,84879,94310,103741,113172,122603,132034,141465,150896,160327,169758,179189,188620,table-of-9431,9430,/table-of-9430,9429,/table-of-9429,9428,/table-of-9428
9432,18864,28296,37728,47160,56592,66024,75456,84888,94320,103752,113184,122616,132048,141480,150912,160344,169776,179208,188640,table-of-9432,9431,/table-of-9431,9430,/table-of-9430,9429,/table-of-9429
9433,18866,28299,37732,47165,56598,66031,75464,84897,94330,103763,113196,122629,132062,141495,150928,160361,169794,179227,188660,table-of-9433,9432,/table-of-9432,9431,/table-of-9431,9430,/table-of-9430
9434,18868,28302,37736,47170,56604,66038,75472,84906,94340,103774,113208,122642,132076,141510,150944,160378,169812,179246,188680,table-of-9434,9433,/table-of-9433,9432,/table-of-9432,9431,/table-of-9431
9435,18870,28305,37740,47175,56610,66045,75480,84915,94350,103785,113220,122655,132090,141525,150960,160395,169830,179265,188700,table-of-9435,9434,/table-of-9434,9433,/table-of-9433,9432,/table-of-9432
9436,18872,28308,37744,47180,56616,66052,75488,84924,94360,103796,113232,122668,132104,141540,150976,160412,169848,179284,188720,table-of-9436,9435,/table-of-9435,9434,/table-of-9434,9433,/table-of-9433
9437,18874,28311,37748,47185,56622,66059,75496,84933,94370,103807,113244,122681,132118,141555,150992,160429,169866,179303,188740,table-of-9437,9436,/table-of-9436,9435,/table-of-9435,9434,/table-of-9434
9438,18876,28314,37752,47190,56628,66066,75504,84942,94380,103818,113256,122694,132132,141570,151008,160446,169884,179322,188760,table-of-9438,9437,/table-of-9437,9436,/table-of-9436,9435,/table-of-9435
9439,18878,28317,37756,47195,56634,66073,75512,84951,94390,103829,113268,122707,132146,141585,151024,160463,169902,179341,188780,table-of-9439,9438,/table-of-9438,9437,/table-of-9437,9436,/table-of-9436
9440,18880,28320,37760,47200,56640,66080,75520,84960,94400,103840,113280,122720,132160,141600,151040,160480,169920,179360,188800,table-of-9440,9439,/table-of-9439,9438,/table-of-9438,9437,/table-of-9437
9441,18882,28323,37764,47205,56646,66087,75528,84969,94410,103851,113292,122733,132174,141615,151056,160497,169938,179379,188820,table-of-9441,9440,/table-of-9440,9439,/table-of-9439,9438,/table-of-9438
9442,18884,28326,37768,47210,56652,66094,75536,84978,94420,103862,113304,122746,132188,141630,151072,160514,169956,179398,188840,table-of-9442,9441,/table-of-9441,9440,/table-of-9440,9439,/table-of-9439
9443,18886,28329,37772,47215,56658,66101,75544,84987,94430,103873,113316,122759,132202,141645,151088,160531,169974,179417,188860,table-of-9443,9442,/table-of-9442,9441,/table-of-9441,9440,/table-of-9440
9444,18888,28332,37776,47220,56664,66108,75552,84996,94440,103884,113328,122772,132216,141660,151104,160548,169992,179436,188880,table-of-9444,9443,/table-of-9443,9442,/table-of-9442,9441,/table-of-9441
9445,18890,28335,37780,47225,56670,66115,75560,85005,94450,103895,113340,122785,132230,141675,151120,160565,170010,179455,188900,table-of-9445,9444,/table-of-9444,9443,/table-of-9443,9442,/table-of-9442
9446,18892,28338,37784,47230,56676,66122,75568,85014,94460,103906,113352,122798,132244,141690,151136,160582,170028,179474,188920,table-of-9446,9445,/table-of-9445,9444,/table-of-9444,9443,/table-of-9443
9447,18894,28341,37788,47235,56682,66129,75576,85023,94470,103917,113364,122811,132258,141705,151152,160599,170046,179493,188940,table-of-9447,9446,/table-of-9446,9445,/table-of-9445,9444,/table-of-9444
9448,18896,28344,37792,47240,56688,66136,75584,85032,94480,103928,113376,122824,132272,141720,151168,160616,170064,179512,188960,table-of-9448,9447,/table-of-9447,9446,/table-of-9446,9445,/table-of-9445
9449,18898,28347,37796,47245,56694,66143,75592,85041,94490,103939,113388,122837,132286,141735,151184,160633,170082,179531,188980,table-of-9449,9448,/table-of-9448,9447,/table-of-9447,9446,/table-of-9446
9450,18900,28350,37800,47250,56700,66150,75600,85050,94500,103950,113400,122850,132300,141750,151200,160650,170100,179550,189000,table-of-9450,9449,/table-of-9449,9448,/table-of-9448,9447,/table-of-9447
9451,18902,28353,37804,47255,56706,66157,75608,85059,94510,103961,113412,122863,132314,141765,151216,160667,170118,179569,189020,table-of-9451,9450,/table-of-9450,9449,/table-of-9449,9448,/table-of-9448
9452,18904,28356,37808,47260,56712,66164,75616,85068,94520,103972,113424,122876,132328,141780,151232,160684,170136,179588,189040,table-of-9452,9451,/table-of-9451,9450,/table-of-9450,9449,/table-of-9449
9453,18906,28359,37812,47265,56718,66171,75624,85077,94530,103983,113436,122889,132342,141795,151248,160701,170154,179607,189060,table-of-9453,9452,/table-of-9452,9451,/table-of-9451,9450,/table-of-9450
9454,18908,28362,37816,47270,56724,66178,75632,85086,94540,103994,113448,122902,132356,141810,151264,160718,170172,179626,189080,table-of-9454,9453,/table-of-9453,9452,/table-of-9452,9451,/table-of-9451
9455,18910,28365,37820,47275,56730,66185,75640,85095,94550,104005,113460,122915,132370,141825,151280,160735,170190,179645,189100,table-of-9455,9454,/table-of-9454,9453,/table-of-9453,9452,/table-of-9452
9456,18912,28368,37824,47280,56736,66192,75648,85104,94560,104016,113472,122928,132384,141840,151296,160752,170208,179664,189120,table-of-9456,9455,/table-of-9455,9454,/table-of-9454,9453,/table-of-9453
9457,18914,28371,37828,47285,56742,66199,75656,85113,94570,104027,113484,122941,132398,141855,151312,160769,170226,179683,189140,table-of-9457,9456,/table-of-9456,9455,/table-of-9455,9454,/table-of-9454
9458,18916,28374,37832,47290,56748,66206,75664,85122,94580,104038,113496,122954,132412,141870,151328,160786,170244,179702,189160,table-of-9458,9457,/table-of-9457,9456,/table-of-9456,9455,/table-of-9455
9459,18918,28377,37836,47295,56754,66213,75672,85131,94590,104049,113508,122967,132426,141885,151344,160803,170262,179721,189180,table-of-9459,9458,/table-of-9458,9457,/table-of-9457,9456,/table-of-9456
9460,18920,28380,37840,47300,56760,66220,75680,85140,94600,104060,113520,122980,132440,141900,151360,160820,170280,179740,189200,table-of-9460,9459,/table-of-9459,9458,/table-of-9458,9457,/table-of-9457
9461,18922,28383,37844,47305,56766,66227,75688,85149,94610,104071,113532,122993,132454,141915,151376,160837,170298,179759,189220,table-of-9461,9460,/table-of-9460,9459,/table-of-9459,9458,/table-of-9458
9462,18924,28386,37848,47310,56772,66234,75696,85158,94620,104082,113544,123006,132468,141930,151392,160854,170316,179778,189240,table-of-9462,9461,/table-of-9461,9460,/table-of-9460,9459,/table-of-9459
9463,18926,28389,37852,47315,56778,66241,75704,85167,94630,104093,113556,123019,132482,141945,151408,160871,170334,179797,189260,table-of-9463,9462,/table-of-9462,9461,/table-of-9461,9460,/table-of-9460
9464,18928,28392,37856,47320,56784,66248,75712,85176,94640,104104,113568,123032,132496,141960,151424,160888,170352,179816,189280,table-of-9464,9463,/table-of-9463,9462,/table-of-9462,9461,/table-of-9461
9465,18930,28395,37860,47325,56790,66255,75720,85185,94650,104115,113580,123045,132510,141975,151440,160905,170370,179835,189300,table-of-9465,9464,/table-of-9464,9463,/table-of-9463,9462,/table-of-9462
9466,18932,28398,37864,47330,56796,66262,75728,85194,94660,104126,113592,123058,132524,141990,151456,160922,170388,179854,189320,table-of-9466,9465,/table-of-9465,9464,/table-of-9464,9463,/table-of-9463
9467,18934,28401,37868,47335,56802,66269,75736,85203,94670,104137,113604,123071,132538,142005,151472,160939,170406,179873,189340,table-of-9467,9466,/table-of-9466,9465,/table-of-9465,9464,/table-of-9464
9468,18936,28404,37872,47340,56808,66276,75744,85212,94680,104148,113616,123084,132552,142020,151488,160956,170424,179892,189360,table-of-9468,9467,/table-of-9467,9466,/table-of-9466,9465,/table-of-9465
9469,18938,28407,37876,47345,56814,66283,75752,85221,94690,104159,113628,123097,132566,142035,151504,160973,170442,179911,189380,table-of-9469,9468,/table-of-9468,9467,/table-of-9467,9466,/table-of-9466
9470,18940,28410,37880,47350,56820,66290,75760,85230,94700,104170,113640,123110,132580,142050,151520,160990,170460,179930,189400,table-of-9470,9469,/table-of-9469,9468,/table-of-9468,9467,/table-of-9467
9471,18942,28413,37884,47355,56826,66297,75768,85239,94710,104181,113652,123123,132594,142065,151536,161007,170478,179949,189420,table-of-9471,9470,/table-of-9470,9469,/table-of-9469,9468,/table-of-9468
9472,18944,28416,37888,47360,56832,66304,75776,85248,94720,104192,113664,123136,132608,142080,151552,161024,170496,179968,189440,table-of-9472,9471,/table-of-9471,9470,/table-of-9470,9469,/table-of-9469
9473,18946,28419,37892,47365,56838,66311,75784,85257,94730,104203,113676,123149,132622,142095,151568,161041,170514,179987,189460,table-of-9473,9472,/table-of-9472,9471,/table-of-9471,9470,/table-of-9470
9474,18948,28422,37896,47370,56844,66318,75792,85266,94740,104214,113688,123162,132636,142110,151584,161058,170532,180006,189480,table-of-9474,9473,/table-of-9473,9472,/table-of-9472,9471,/table-of-9471
9475,18950,28425,37900,47375,56850,66325,75800,85275,94750,104225,113700,123175,132650,142125,151600,161075,170550,180025,189500,table-of-9475,9474,/table-of-9474,9473,/table-of-9473,9472,/table-of-9472
9476,18952,28428,37904,47380,56856,66332,75808,85284,94760,104236,113712,123188,132664,142140,151616,161092,170568,180044,189520,table-of-9476,9475,/table-of-9475,9474,/table-of-9474,9473,/table-of-9473
9477,18954,28431,37908,47385,56862,66339,75816,85293,94770,104247,113724,123201,132678,142155,151632,161109,170586,180063,189540,table-of-9477,9476,/table-of-9476,9475,/table-of-9475,9474,/table-of-9474
9478,18956,28434,37912,47390,56868,66346,75824,85302,94780,104258,113736,123214,132692,142170,151648,161126,170604,180082,189560,table-of-9478,9477,/table-of-9477,9476,/table-of-9476,9475,/table-of-9475
9479,18958,28437,37916,47395,56874,66353,75832,85311,94790,104269,113748,123227,132706,142185,151664,161143,170622,180101,189580,table-of-9479,9478,/table-of-9478,9477,/table-of-9477,9476,/table-of-9476
9480,18960,28440,37920,47400,56880,66360,75840,85320,94800,104280,113760,123240,132720,142200,151680,161160,170640,180120,189600,table-of-9480,9479,/table-of-9479,9478,/table-of-9478,9477,/table-of-9477
9481,18962,28443,37924,47405,56886,66367,75848,85329,94810,104291,113772,123253,132734,142215,151696,161177,170658,180139,189620,table-of-9481,9480,/table-of-9480,9479,/table-of-9479,9478,/table-of-9478
9482,18964,28446,37928,47410,56892,66374,75856,85338,94820,104302,113784,123266,132748,142230,151712,161194,170676,180158,189640,table-of-9482,9481,/table-of-9481,9480,/table-of-9480,9479,/table-of-9479
9483,18966,28449,37932,47415,56898,66381,75864,85347,94830,104313,113796,123279,132762,142245,151728,161211,170694,180177,189660,table-of-9483,9482,/table-of-9482,9481,/table-of-9481,9480,/table-of-9480
9484,18968,28452,37936,47420,56904,66388,75872,85356,94840,104324,113808,123292,132776,142260,151744,161228,170712,180196,189680,table-of-9484,9483,/table-of-9483,9482,/table-of-9482,9481,/table-of-9481
9485,18970,28455,37940,47425,56910,66395,75880,85365,94850,104335,113820,123305,132790,142275,151760,161245,170730,180215,189700,table-of-9485,9484,/table-of-9484,9483,/table-of-9483,9482,/table-of-9482
9486,18972,28458,37944,47430,56916,66402,75888,85374,94860,104346,113832,123318,132804,142290,151776,161262,170748,180234,189720,table-of-9486,9485,/table-of-9485,9484,/table-of-9484,9483,/table-of-9483
9487,18974,28461,37948,47435,56922,66409,75896,85383,94870,104357,113844,123331,132818,142305,151792,161279,170766,180253,189740,table-of-9487,9486,/table-of-9486,9485,/table-of-9485,9484,/table-of-9484
9488,18976,28464,37952,47440,56928,66416,75904,85392,94880,104368,113856,123344,132832,142320,151808,161296,170784,180272,189760,table-of-9488,9487,/table-of-9487,9486,/table-of-9486,9485,/table-of-9485
9489,18978,28467,37956,47445,56934,66423,75912,85401,94890,104379,113868,123357,132846,142335,151824,161313,170802,180291,189780,table-of-9489,9488,/table-of-9488,9487,/table-of-9487,9486,/table-of-9486
9490,18980,28470,37960,47450,56940,66430,75920,85410,94900,104390,113880,123370,132860,142350,151840,161330,170820,180310,189800,table-of-9490,9489,/table-of-9489,9488,/table-of-9488,9487,/table-of-9487
9491,18982,28473,37964,47455,56946,66437,75928,85419,94910,104401,113892,123383,132874,142365,151856,161347,170838,180329,189820,table-of-9491,9490,/table-of-9490,9489,/table-of-9489,9488,/table-of-9488
9492,18984,28476,37968,47460,56952,66444,75936,85428,94920,104412,113904,123396,132888,142380,151872,161364,170856,180348,189840,table-of-9492,9491,/table-of-9491,9490,/table-of-9490,9489,/table-of-9489
9493,18986,28479,37972,47465,56958,66451,75944,85437,94930,104423,113916,123409,132902,142395,151888,161381,170874,180367,189860,table-of-9493,9492,/table-of-9492,9491,/table-of-9491,9490,/table-of-9490
9494,18988,28482,37976,47470,56964,66458,75952,85446,94940,104434,113928,123422,132916,142410,151904,161398,170892,180386,189880,table-of-9494,9493,/table-of-9493,9492,/table-of-9492,9491,/table-of-9491
9495,18990,28485,37980,47475,56970,66465,75960,85455,94950,104445,113940,123435,132930,142425,151920,161415,170910,180405,189900,table-of-9495,9494,/table-of-9494,9493,/table-of-9493,9492,/table-of-9492
9496,18992,28488,37984,47480,56976,66472,75968,85464,94960,104456,113952,123448,132944,142440,151936,161432,170928,180424,189920,table-of-9496,9495,/table-of-9495,9494,/table-of-9494,9493,/table-of-9493
9497,18994,28491,37988,47485,56982,66479,75976,85473,94970,104467,113964,123461,132958,142455,151952,161449,170946,180443,189940,table-of-9497,9496,/table-of-9496,9495,/table-of-9495,9494,/table-of-9494
9498,18996,28494,37992,47490,56988,66486,75984,85482,94980,104478,113976,123474,132972,142470,151968,161466,170964,180462,189960,table-of-9498,9497,/table-of-9497,9496,/table-of-9496,9495,/table-of-9495
9499,18998,28497,37996,47495,56994,66493,75992,85491,94990,104489,113988,123487,132986,142485,151984,161483,170982,180481,189980,table-of-9499,9498,/table-of-9498,9497,/table-of-9497,9496,/table-of-9496
9500,19000,28500,38000,47500,57000,66500,76000,85500,95000,104500,114000,123500,133000,142500,152000,161500,171000,180500,190000,table-of-9500,9499,/table-of-9499,9498,/table-of-9498,9497,/table-of-9497
9501,19002,28503,38004,47505,57006,66507,76008,85509,95010,104511,114012,123513,133014,142515,152016,161517,171018,180519,190020,table-of-9501,9500,/table-of-9500,9499,/table-of-9499,9498,/table-of-9498
9502,19004,28506,38008,47510,57012,66514,76016,85518,95020,104522,114024,123526,133028,142530,152032,161534,171036,180538,190040,table-of-9502,9501,/table-of-9501,9500,/table-of-9500,9499,/table-of-9499
9503,19006,28509,38012,47515,57018,66521,76024,85527,95030,104533,114036,123539,133042,142545,152048,161551,171054,180557,190060,table-of-9503,9502,/table-of-9502,9501,/table-of-9501,9500,/table-of-9500
9504,19008,28512,38016,47520,57024,66528,76032,85536,95040,104544,114048,123552,133056,142560,152064,161568,171072,180576,190080,table-of-9504,9503,/table-of-9503,9502,/table-of-9502,9501,/table-of-9501
9505,19010,28515,38020,47525,57030,66535,76040,85545,95050,104555,114060,123565,133070,142575,152080,161585,171090,180595,190100,table-of-9505,9504,/table-of-9504,9503,/table-of-9503,9502,/table-of-9502
9506,19012,28518,38024,47530,57036,66542,76048,85554,95060,104566,114072,123578,133084,142590,152096,161602,171108,180614,190120,table-of-9506,9505,/table-of-9505,9504,/table-of-9504,9503,/table-of-9503
9507,19014,28521,38028,47535,57042,66549,76056,85563,95070,104577,114084,123591,133098,142605,152112,161619,171126,180633,190140,table-of-9507,9506,/table-of-9506,9505,/table-of-9505,9504,/table-of-9504
9508,19016,28524,38032,47540,57048,66556,76064,85572,95080,104588,114096,123604,133112,142620,152128,161636,171144,180652,190160,table-of-9508,9507,/table-of-9507,9506,/table-of-9506,9505,/table-of-9505
9509,19018,28527,38036,47545,57054,66563,76072,85581,95090,104599,114108,123617,133126,142635,152144,161653,171162,180671,190180,table-of-9509,9508,/table-of-9508,9507,/table-of-9507,9506,/table-of-9506
9510,19020,28530,38040,47550,57060,66570,76080,85590,95100,104610,114120,123630,133140,142650,152160,161670,171180,180690,190200,table-of-9510,9509,/table-of-9509,9508,/table-of-9508,9507,/table-of-9507
9511,19022,28533,38044,47555,57066,66577,76088,85599,95110,104621,114132,123643,133154,142665,152176,161687,171198,180709,190220,table-of-9511,9510,/table-of-9510,9509,/table-of-9509,9508,/table-of-9508
9512,19024,28536,38048,47560,57072,66584,76096,85608,95120,104632,114144,123656,133168,142680,152192,161704,171216,180728,190240,table-of-9512,9511,/table-of-9511,9510,/table-of-9510,9509,/table-of-9509
9513,19026,28539,38052,47565,57078,66591,76104,85617,95130,104643,114156,123669,133182,142695,152208,161721,171234,180747,190260,table-of-9513,9512,/table-of-9512,9511,/table-of-9511,9510,/table-of-9510
9514,19028,28542,38056,47570,57084,66598,76112,85626,95140,104654,114168,123682,133196,142710,152224,161738,171252,180766,190280,table-of-9514,9513,/table-of-9513,9512,/table-of-9512,9511,/table-of-9511
9515,19030,28545,38060,47575,57090,66605,76120,85635,95150,104665,114180,123695,133210,142725,152240,161755,171270,180785,190300,table-of-9515,9514,/table-of-9514,9513,/table-of-9513,9512,/table-of-9512
9516,19032,28548,38064,47580,57096,66612,76128,85644,95160,104676,114192,123708,133224,142740,152256,161772,171288,180804,190320,table-of-9516,9515,/table-of-9515,9514,/table-of-9514,9513,/table-of-9513
9517,19034,28551,38068,47585,57102,66619,76136,85653,95170,104687,114204,123721,133238,142755,152272,161789,171306,180823,190340,table-of-9517,9516,/table-of-9516,9515,/table-of-9515,9514,/table-of-9514
9518,19036,28554,38072,47590,57108,66626,76144,85662,95180,104698,114216,123734,133252,142770,152288,161806,171324,180842,190360,table-of-9518,9517,/table-of-9517,9516,/table-of-9516,9515,/table-of-9515
9519,19038,28557,38076,47595,57114,66633,76152,85671,95190,104709,114228,123747,133266,142785,152304,161823,171342,180861,190380,table-of-9519,9518,/table-of-9518,9517,/table-of-9517,9516,/table-of-9516
9520,19040,28560,38080,47600,57120,66640,76160,85680,95200,104720,114240,123760,133280,142800,152320,161840,171360,180880,190400,table-of-9520,9519,/table-of-9519,9518,/table-of-9518,9517,/table-of-9517
9521,19042,28563,38084,47605,57126,66647,76168,85689,95210,104731,114252,123773,133294,142815,152336,161857,171378,180899,190420,table-of-9521,9520,/table-of-9520,9519,/table-of-9519,9518,/table-of-9518
9522,19044,28566,38088,47610,57132,66654,76176,85698,95220,104742,114264,123786,133308,142830,152352,161874,171396,180918,190440,table-of-9522,9521,/table-of-9521,9520,/table-of-9520,9519,/table-of-9519
9523,19046,28569,38092,47615,57138,66661,76184,85707,95230,104753,114276,123799,133322,142845,152368,161891,171414,180937,190460,table-of-9523,9522,/table-of-9522,9521,/table-of-9521,9520,/table-of-9520
9524,19048,28572,38096,47620,57144,66668,76192,85716,95240,104764,114288,123812,133336,142860,152384,161908,171432,180956,190480,table-of-9524,9523,/table-of-9523,9522,/table-of-9522,9521,/table-of-9521
9525,19050,28575,38100,47625,57150,66675,76200,85725,95250,104775,114300,123825,133350,142875,152400,161925,171450,180975,190500,table-of-9525,9524,/table-of-9524,9523,/table-of-9523,9522,/table-of-9522
9526,19052,28578,38104,47630,57156,66682,76208,85734,95260,104786,114312,123838,133364,142890,152416,161942,171468,180994,190520,table-of-9526,9525,/table-of-9525,9524,/table-of-9524,9523,/table-of-9523
9527,19054,28581,38108,47635,57162,66689,76216,85743,95270,104797,114324,123851,133378,142905,152432,161959,171486,181013,190540,table-of-9527,9526,/table-of-9526,9525,/table-of-9525,9524,/table-of-9524
9528,19056,28584,38112,47640,57168,66696,76224,85752,95280,104808,114336,123864,133392,142920,152448,161976,171504,181032,190560,table-of-9528,9527,/table-of-9527,9526,/table-of-9526,9525,/table-of-9525
9529,19058,28587,38116,47645,57174,66703,76232,85761,95290,104819,114348,123877,133406,142935,152464,161993,171522,181051,190580,table-of-9529,9528,/table-of-9528,9527,/table-of-9527,9526,/table-of-9526
9530,19060,28590,38120,47650,57180,66710,76240,85770,95300,104830,114360,123890,133420,142950,152480,162010,171540,181070,190600,table-of-9530,9529,/table-of-9529,9528,/table-of-9528,9527,/table-of-9527
9531,19062,28593,38124,47655,57186,66717,76248,85779,95310,104841,114372,123903,133434,142965,152496,162027,171558,181089,190620,table-of-9531,9530,/table-of-9530,9529,/table-of-9529,9528,/table-of-9528
9532,19064,28596,38128,47660,57192,66724,76256,85788,95320,104852,114384,123916,133448,142980,152512,162044,171576,181108,190640,table-of-9532,9531,/table-of-9531,9530,/table-of-9530,9529,/table-of-9529
9533,19066,28599,38132,47665,57198,66731,76264,85797,95330,104863,114396,123929,133462,142995,152528,162061,171594,181127,190660,table-of-9533,9532,/table-of-9532,9531,/table-of-9531,9530,/table-of-9530
9534,19068,28602,38136,47670,57204,66738,76272,85806,95340,104874,114408,123942,133476,143010,152544,162078,171612,181146,190680,table-of-9534,9533,/table-of-9533,9532,/table-of-9532,9531,/table-of-9531
9535,19070,28605,38140,47675,57210,66745,76280,85815,95350,104885,114420,123955,133490,143025,152560,162095,171630,181165,190700,table-of-9535,9534,/table-of-9534,9533,/table-of-9533,9532,/table-of-9532
9536,19072,28608,38144,47680,57216,66752,76288,85824,95360,104896,114432,123968,133504,143040,152576,162112,171648,181184,190720,table-of-9536,9535,/table-of-9535,9534,/table-of-9534,9533,/table-of-9533
9537,19074,28611,38148,47685,57222,66759,76296,85833,95370,104907,114444,123981,133518,143055,152592,162129,171666,181203,190740,table-of-9537,9536,/table-of-9536,9535,/table-of-9535,9534,/table-of-9534
9538,19076,28614,38152,47690,57228,66766,76304,85842,95380,104918,114456,123994,133532,143070,152608,162146,171684,181222,190760,table-of-9538,9537,/table-of-9537,9536,/table-of-9536,9535,/table-of-9535
9539,19078,28617,38156,47695,57234,66773,76312,85851,95390,104929,114468,124007,133546,143085,152624,162163,171702,181241,190780,table-of-9539,9538,/table-of-9538,9537,/table-of-9537,9536,/table-of-9536
9540,19080,28620,38160,47700,57240,66780,76320,85860,95400,104940,114480,124020,133560,143100,152640,162180,171720,181260,190800,table-of-9540,9539,/table-of-9539,9538,/table-of-9538,9537,/table-of-9537
9541,19082,28623,38164,47705,57246,66787,76328,85869,95410,104951,114492,124033,133574,143115,152656,162197,171738,181279,190820,table-of-9541,9540,/table-of-9540,9539,/table-of-9539,9538,/table-of-9538
9542,19084,28626,38168,47710,57252,66794,76336,85878,95420,104962,114504,124046,133588,143130,152672,162214,171756,181298,190840,table-of-9542,9541,/table-of-9541,9540,/table-of-9540,9539,/table-of-9539
9543,19086,28629,38172,47715,57258,66801,76344,85887,95430,104973,114516,124059,133602,143145,152688,162231,171774,181317,190860,table-of-9543,9542,/table-of-9542,9541,/table-of-9541,9540,/table-of-9540
9544,19088,28632,38176,47720,57264,66808,76352,85896,95440,104984,114528,124072,133616,143160,152704,162248,171792,181336,190880,table-of-9544,9543,/table-of-9543,9542,/table-of-9542,9541,/table-of-9541
9545,19090,28635,38180,47725,57270,66815,76360,85905,95450,104995,114540,124085,133630,143175,152720,162265,171810,181355,190900,table-of-9545,9544,/table-of-9544,9543,/table-of-9543,9542,/table-of-9542
9546,19092,28638,38184,47730,57276,66822,76368,85914,95460,105006,114552,124098,133644,143190,152736,162282,171828,181374,190920,table-of-9546,9545,/table-of-9545,9544,/table-of-9544,9543,/table-of-9543
9547,19094,28641,38188,47735,57282,66829,76376,85923,95470,105017,114564,124111,133658,143205,152752,162299,171846,181393,190940,table-of-9547,9546,/table-of-9546,9545,/table-of-9545,9544,/table-of-9544
9548,19096,28644,38192,47740,57288,66836,76384,85932,95480,105028,114576,124124,133672,143220,152768,162316,171864,181412,190960,table-of-9548,9547,/table-of-9547,9546,/table-of-9546,9545,/table-of-9545
9549,19098,28647,38196,47745,57294,66843,76392,85941,95490,105039,114588,124137,133686,143235,152784,162333,171882,181431,190980,table-of-9549,9548,/table-of-9548,9547,/table-of-9547,9546,/table-of-9546
9550,19100,28650,38200,47750,57300,66850,76400,85950,95500,105050,114600,124150,133700,143250,152800,162350,171900,181450,191000,table-of-9550,9549,/table-of-9549,9548,/table-of-9548,9547,/table-of-9547
9551,19102,28653,38204,47755,57306,66857,76408,85959,95510,105061,114612,124163,133714,143265,152816,162367,171918,181469,191020,table-of-9551,9550,/table-of-9550,9549,/table-of-9549,9548,/table-of-9548
9552,19104,28656,38208,47760,57312,66864,76416,85968,95520,105072,114624,124176,133728,143280,152832,162384,171936,181488,191040,table-of-9552,9551,/table-of-9551,9550,/table-of-9550,9549,/table-of-9549
9553,19106,28659,38212,47765,57318,66871,76424,85977,95530,105083,114636,124189,133742,143295,152848,162401,171954,181507,191060,table-of-9553,9552,/table-of-9552,9551,/table-of-9551,9550,/table-of-9550
9554,19108,28662,38216,47770,57324,66878,76432,85986,95540,105094,114648,124202,133756,143310,152864,162418,171972,181526,191080,table-of-9554,9553,/table-of-9553,9552,/table-of-9552,9551,/table-of-9551
9555,19110,28665,38220,47775,57330,66885,76440,85995,95550,105105,114660,124215,133770,143325,152880,162435,171990,181545,191100,table-of-9555,9554,/table-of-9554,9553,/table-of-9553,9552,/table-of-9552
9556,19112,28668,38224,47780,57336,66892,76448,86004,95560,105116,114672,124228,133784,143340,152896,162452,172008,181564,191120,table-of-9556,9555,/table-of-9555,9554,/table-of-9554,9553,/table-of-9553
9557,19114,28671,38228,47785,57342,66899,76456,86013,95570,105127,114684,124241,133798,143355,152912,162469,172026,181583,191140,table-of-9557,9556,/table-of-9556,9555,/table-of-9555,9554,/table-of-9554
9558,19116,28674,38232,47790,57348,66906,76464,86022,95580,105138,114696,124254,133812,143370,152928,162486,172044,181602,191160,table-of-9558,9557,/table-of-9557,9556,/table-of-9556,9555,/table-of-9555
9559,19118,28677,38236,47795,57354,66913,76472,86031,95590,105149,114708,124267,133826,143385,152944,162503,172062,181621,191180,table-of-9559,9558,/table-of-9558,9557,/table-of-9557,9556,/table-of-9556
9560,19120,28680,38240,47800,57360,66920,76480,86040,95600,105160,114720,124280,133840,143400,152960,162520,172080,181640,191200,table-of-9560,9559,/table-of-9559,9558,/table-of-9558,9557,/table-of-9557
9561,19122,28683,38244,47805,57366,66927,76488,86049,95610,105171,114732,124293,133854,143415,152976,162537,172098,181659,191220,table-of-9561,9560,/table-of-9560,9559,/table-of-9559,9558,/table-of-9558
9562,19124,28686,38248,47810,57372,66934,76496,86058,95620,105182,114744,124306,133868,143430,152992,162554,172116,181678,191240,table-of-9562,9561,/table-of-9561,9560,/table-of-9560,9559,/table-of-9559
9563,19126,28689,38252,47815,57378,66941,76504,86067,95630,105193,114756,124319,133882,143445,153008,162571,172134,181697,191260,table-of-9563,9562,/table-of-9562,9561,/table-of-9561,9560,/table-of-9560
9564,19128,28692,38256,47820,57384,66948,76512,86076,95640,105204,114768,124332,133896,143460,153024,162588,172152,181716,191280,table-of-9564,9563,/table-of-9563,9562,/table-of-9562,9561,/table-of-9561
9565,19130,28695,38260,47825,57390,66955,76520,86085,95650,105215,114780,124345,133910,143475,153040,162605,172170,181735,191300,table-of-9565,9564,/table-of-9564,9563,/table-of-9563,9562,/table-of-9562
9566,19132,28698,38264,47830,57396,66962,76528,86094,95660,105226,114792,124358,133924,143490,153056,162622,172188,181754,191320,table-of-9566,9565,/table-of-9565,9564,/table-of-9564,9563,/table-of-9563
9567,19134,28701,38268,47835,57402,66969,76536,86103,95670,105237,114804,124371,133938,143505,153072,162639,172206,181773,191340,table-of-9567,9566,/table-of-9566,9565,/table-of-9565,9564,/table-of-9564
9568,19136,28704,38272,47840,57408,66976,76544,86112,95680,105248,114816,124384,133952,143520,153088,162656,172224,181792,191360,table-of-9568,9567,/table-of-9567,9566,/table-of-9566,9565,/table-of-9565
9569,19138,28707,38276,47845,57414,66983,76552,86121,95690,105259,114828,124397,133966,143535,153104,162673,172242,181811,191380,table-of-9569,9568,/table-of-9568,9567,/table-of-9567,9566,/table-of-9566
9570,19140,28710,38280,47850,57420,66990,76560,86130,95700,105270,114840,124410,133980,143550,153120,162690,172260,181830,191400,table-of-9570,9569,/table-of-9569,9568,/table-of-9568,9567,/table-of-9567
9571,19142,28713,38284,47855,57426,66997,76568,86139,95710,105281,114852,124423,133994,143565,153136,162707,172278,181849,191420,table-of-9571,9570,/table-of-9570,9569,/table-of-9569,9568,/table-of-9568
9572,19144,28716,38288,47860,57432,67004,76576,86148,95720,105292,114864,124436,134008,143580,153152,162724,172296,181868,191440,table-of-9572,9571,/table-of-9571,9570,/table-of-9570,9569,/table-of-9569
9573,19146,28719,38292,47865,57438,67011,76584,86157,95730,105303,114876,124449,134022,143595,153168,162741,172314,181887,191460,table-of-9573,9572,/table-of-9572,9571,/table-of-9571,9570,/table-of-9570
9574,19148,28722,38296,47870,57444,67018,76592,86166,95740,105314,114888,124462,134036,143610,153184,162758,172332,181906,191480,table-of-9574,9573,/table-of-9573,9572,/table-of-9572,9571,/table-of-9571
9575,19150,28725,38300,47875,57450,67025,76600,86175,95750,105325,114900,124475,134050,143625,153200,162775,172350,181925,191500,table-of-9575,9574,/table-of-9574,9573,/table-of-9573,9572,/table-of-9572
9576,19152,28728,38304,47880,57456,67032,76608,86184,95760,105336,114912,124488,134064,143640,153216,162792,172368,181944,191520,table-of-9576,9575,/table-of-9575,9574,/table-of-9574,9573,/table-of-9573
9577,19154,28731,38308,47885,57462,67039,76616,86193,95770,105347,114924,124501,134078,143655,153232,162809,172386,181963,191540,table-of-9577,9576,/table-of-9576,9575,/table-of-9575,9574,/table-of-9574
9578,19156,28734,38312,47890,57468,67046,76624,86202,95780,105358,114936,124514,134092,143670,153248,162826,172404,181982,191560,table-of-9578,9577,/table-of-9577,9576,/table-of-9576,9575,/table-of-9575
9579,19158,28737,38316,47895,57474,67053,76632,86211,95790,105369,114948,124527,134106,143685,153264,162843,172422,182001,191580,table-of-9579,9578,/table-of-9578,9577,/table-of-9577,9576,/table-of-9576
9580,19160,28740,38320,47900,57480,67060,76640,86220,95800,105380,114960,124540,134120,143700,153280,162860,172440,182020,191600,table-of-9580,9579,/table-of-9579,9578,/table-of-9578,9577,/table-of-9577
9581,19162,28743,38324,47905,57486,67067,76648,86229,95810,105391,114972,124553,134134,143715,153296,162877,172458,182039,191620,table-of-9581,9580,/table-of-9580,9579,/table-of-9579,9578,/table-of-9578
9582,19164,28746,38328,47910,57492,67074,76656,86238,95820,105402,114984,124566,134148,143730,153312,162894,172476,182058,191640,table-of-9582,9581,/table-of-9581,9580,/table-of-9580,9579,/table-of-9579
9583,19166,28749,38332,47915,57498,67081,76664,86247,95830,105413,114996,124579,134162,143745,153328,162911,172494,182077,191660,table-of-9583,9582,/table-of-9582,9581,/table-of-9581,9580,/table-of-9580
9584,19168,28752,38336,47920,57504,67088,76672,86256,95840,105424,115008,124592,134176,143760,153344,162928,172512,182096,191680,table-of-9584,9583,/table-of-9583,9582,/table-of-9582,9581,/table-of-9581
9585,19170,28755,38340,47925,57510,67095,76680,86265,95850,105435,115020,124605,134190,143775,153360,162945,172530,182115,191700,table-of-9585,9584,/table-of-9584,9583,/table-of-9583,9582,/table-of-9582
9586,19172,28758,38344,47930,57516,67102,76688,86274,95860,105446,115032,124618,134204,143790,153376,162962,172548,182134,191720,table-of-9586,9585,/table-of-9585,9584,/table-of-9584,9583,/table-of-9583
9587,19174,28761,38348,47935,57522,67109,76696,86283,95870,105457,115044,124631,134218,143805,153392,162979,172566,182153,191740,table-of-9587,9586,/table-of-9586,9585,/table-of-9585,9584,/table-of-9584
9588,19176,28764,38352,47940,57528,67116,76704,86292,95880,105468,115056,124644,134232,143820,153408,162996,172584,182172,191760,table-of-9588,9587,/table-of-9587,9586,/table-of-9586,9585,/table-of-9585
9589,19178,28767,38356,47945,57534,67123,76712,86301,95890,105479,115068,124657,134246,143835,153424,163013,172602,182191,191780,table-of-9589,9588,/table-of-9588,9587,/table-of-9587,9586,/table-of-9586
9590,19180,28770,38360,47950,57540,67130,76720,86310,95900,105490,115080,124670,134260,143850,153440,163030,172620,182210,191800,table-of-9590,9589,/table-of-9589,9588,/table-of-9588,9587,/table-of-9587
9591,19182,28773,38364,47955,57546,67137,76728,86319,95910,105501,115092,124683,134274,143865,153456,163047,172638,182229,191820,table-of-9591,9590,/table-of-9590,9589,/table-of-9589,9588,/table-of-9588
9592,19184,28776,38368,47960,57552,67144,76736,86328,95920,105512,115104,124696,134288,143880,153472,163064,172656,182248,191840,table-of-9592,9591,/table-of-9591,9590,/table-of-9590,9589,/table-of-9589
9593,19186,28779,38372,47965,57558,67151,76744,86337,95930,105523,115116,124709,134302,143895,153488,163081,172674,182267,191860,table-of-9593,9592,/table-of-9592,9591,/table-of-9591,9590,/table-of-9590
9594,19188,28782,38376,47970,57564,67158,76752,86346,95940,105534,115128,124722,134316,143910,153504,163098,172692,182286,191880,table-of-9594,9593,/table-of-9593,9592,/table-of-9592,9591,/table-of-9591
9595,19190,28785,38380,47975,57570,67165,76760,86355,95950,105545,115140,124735,134330,143925,153520,163115,172710,182305,191900,table-of-9595,9594,/table-of-9594,9593,/table-of-9593,9592,/table-of-9592
9596,19192,28788,38384,47980,57576,67172,76768,86364,95960,105556,115152,124748,134344,143940,153536,163132,172728,182324,191920,table-of-9596,9595,/table-of-9595,9594,/table-of-9594,9593,/table-of-9593
9597,19194,28791,38388,47985,57582,67179,76776,86373,95970,105567,115164,124761,134358,143955,153552,163149,172746,182343,191940,table-of-9597,9596,/table-of-9596,9595,/table-of-9595,9594,/table-of-9594
9598,19196,28794,38392,47990,57588,67186,76784,86382,95980,105578,115176,124774,134372,143970,153568,163166,172764,182362,191960,table-of-9598,9597,/table-of-9597,9596,/table-of-9596,9595,/table-of-9595
9599,19198,28797,38396,47995,57594,67193,76792,86391,95990,105589,115188,124787,134386,143985,153584,163183,172782,182381,191980,table-of-9599,9598,/table-of-9598,9597,/table-of-9597,9596,/table-of-9596
9600,19200,28800,38400,48000,57600,67200,76800,86400,96000,105600,115200,124800,134400,144000,153600,163200,172800,182400,192000,table-of-9600,9599,/table-of-9599,9598,/table-of-9598,9597,/table-of-9597
9601,19202,28803,38404,48005,57606,67207,76808,86409,96010,105611,115212,124813,134414,144015,153616,163217,172818,182419,192020,table-of-9601,9600,/table-of-9600,9599,/table-of-9599,9598,/table-of-9598
9602,19204,28806,38408,48010,57612,67214,76816,86418,96020,105622,115224,124826,134428,144030,153632,163234,172836,182438,192040,table-of-9602,9601,/table-of-9601,9600,/table-of-9600,9599,/table-of-9599
9603,19206,28809,38412,48015,57618,67221,76824,86427,96030,105633,115236,124839,134442,144045,153648,163251,172854,182457,192060,table-of-9603,9602,/table-of-9602,9601,/table-of-9601,9600,/table-of-9600
9604,19208,28812,38416,48020,57624,67228,76832,86436,96040,105644,115248,124852,134456,144060,153664,163268,172872,182476,192080,table-of-9604,9603,/table-of-9603,9602,/table-of-9602,9601,/table-of-9601
9605,19210,28815,38420,48025,57630,67235,76840,86445,96050,105655,115260,124865,134470,144075,153680,163285,172890,182495,192100,table-of-9605,9604,/table-of-9604,9603,/table-of-9603,9602,/table-of-9602
9606,19212,28818,38424,48030,57636,67242,76848,86454,96060,105666,115272,124878,134484,144090,153696,163302,172908,182514,192120,table-of-9606,9605,/table-of-9605,9604,/table-of-9604,9603,/table-of-9603
9607,19214,28821,38428,48035,57642,67249,76856,86463,96070,105677,115284,124891,134498,144105,153712,163319,172926,182533,192140,table-of-9607,9606,/table-of-9606,9605,/table-of-9605,9604,/table-of-9604
9608,19216,28824,38432,48040,57648,67256,76864,86472,96080,105688,115296,124904,134512,144120,153728,163336,172944,182552,192160,table-of-9608,9607,/table-of-9607,9606,/table-of-9606,9605,/table-of-9605
9609,19218,28827,38436,48045,57654,67263,76872,86481,96090,105699,115308,124917,134526,144135,153744,163353,172962,182571,192180,table-of-9609,9608,/table-of-9608,9607,/table-of-9607,9606,/table-of-9606
9610,19220,28830,38440,48050,57660,67270,76880,86490,96100,105710,115320,124930,134540,144150,153760,163370,172980,182590,192200,table-of-9610,9609,/table-of-9609,9608,/table-of-9608,9607,/table-of-9607
9611,19222,28833,38444,48055,57666,67277,76888,86499,96110,105721,115332,124943,134554,144165,153776,163387,172998,182609,192220,table-of-9611,9610,/table-of-9610,9609,/table-of-9609,9608,/table-of-9608
9612,19224,28836,38448,48060,57672,67284,76896,86508,96120,105732,115344,124956,134568,144180,153792,163404,173016,182628,192240,table-of-9612,9611,/table-of-9611,9610,/table-of-9610,9609,/table-of-9609
9613,19226,28839,38452,48065,57678,67291,76904,86517,96130,105743,115356,124969,134582,144195,153808,163421,173034,182647,192260,table-of-9613,9612,/table-of-9612,9611,/table-of-9611,9610,/table-of-9610
9614,19228,28842,38456,48070,57684,67298,76912,86526,96140,105754,115368,124982,134596,144210,153824,163438,173052,182666,192280,table-of-9614,9613,/table-of-9613,9612,/table-of-9612,9611,/table-of-9611
9615,19230,28845,38460,48075,57690,67305,76920,86535,96150,105765,115380,124995,134610,144225,153840,163455,173070,182685,192300,table-of-9615,9614,/table-of-9614,9613,/table-of-9613,9612,/table-of-9612
9616,19232,28848,38464,48080,57696,67312,76928,86544,96160,105776,115392,125008,134624,144240,153856,163472,173088,182704,192320,table-of-9616,9615,/table-of-9615,9614,/table-of-9614,9613,/table-of-9613
9617,19234,28851,38468,48085,57702,67319,76936,86553,96170,105787,115404,125021,134638,144255,153872,163489,173106,182723,192340,table-of-9617,9616,/table-of-9616,9615,/table-of-9615,9614,/table-of-9614
9618,19236,28854,38472,48090,57708,67326,76944,86562,96180,105798,115416,125034,134652,144270,153888,163506,173124,182742,192360,table-of-9618,9617,/table-of-9617,9616,/table-of-9616,9615,/table-of-9615
9619,19238,28857,38476,48095,57714,67333,76952,86571,96190,105809,115428,125047,134666,144285,153904,163523,173142,182761,192380,table-of-9619,9618,/table-of-9618,9617,/table-of-9617,9616,/table-of-9616
9620,19240,28860,38480,48100,57720,67340,76960,86580,96200,105820,115440,125060,134680,144300,153920,163540,173160,182780,192400,table-of-9620,9619,/table-of-9619,9618,/table-of-9618,9617,/table-of-9617
9621,19242,28863,38484,48105,57726,67347,76968,86589,96210,105831,115452,125073,134694,144315,153936,163557,173178,182799,192420,table-of-9621,9620,/table-of-9620,9619,/table-of-9619,9618,/table-of-9618
9622,19244,28866,38488,48110,57732,67354,76976,86598,96220,105842,115464,125086,134708,144330,153952,163574,173196,182818,192440,table-of-9622,9621,/table-of-9621,9620,/table-of-9620,9619,/table-of-9619
9623,19246,28869,38492,48115,57738,67361,76984,86607,96230,105853,115476,125099,134722,144345,153968,163591,173214,182837,192460,table-of-9623,9622,/table-of-9622,9621,/table-of-9621,9620,/table-of-9620
9624,19248,28872,38496,48120,57744,67368,76992,86616,96240,105864,115488,125112,134736,144360,153984,163608,173232,182856,192480,table-of-9624,9623,/table-of-9623,9622,/table-of-9622,9621,/table-of-9621
9625,19250,28875,38500,48125,57750,67375,77000,86625,96250,105875,115500,125125,134750,144375,154000,163625,173250,182875,192500,table-of-9625,9624,/table-of-9624,9623,/table-of-9623,9622,/table-of-9622
9626,19252,28878,38504,48130,57756,67382,77008,86634,96260,105886,115512,125138,134764,144390,154016,163642,173268,182894,192520,table-of-9626,9625,/table-of-9625,9624,/table-of-9624,9623,/table-of-9623
9627,19254,28881,38508,48135,57762,67389,77016,86643,96270,105897,115524,125151,134778,144405,154032,163659,173286,182913,192540,table-of-9627,9626,/table-of-9626,9625,/table-of-9625,9624,/table-of-9624
9628,19256,28884,38512,48140,57768,67396,77024,86652,96280,105908,115536,125164,134792,144420,154048,163676,173304,182932,192560,table-of-9628,9627,/table-of-9627,9626,/table-of-9626,9625,/table-of-9625
9629,19258,28887,38516,48145,57774,67403,77032,86661,96290,105919,115548,125177,134806,144435,154064,163693,173322,182951,192580,table-of-9629,9628,/table-of-9628,9627,/table-of-9627,9626,/table-of-9626
9630,19260,28890,38520,48150,57780,67410,77040,86670,96300,105930,115560,125190,134820,144450,154080,163710,173340,182970,192600,table-of-9630,9629,/table-of-9629,9628,/table-of-9628,9627,/table-of-9627
9631,19262,28893,38524,48155,57786,67417,77048,86679,96310,105941,115572,125203,134834,144465,154096,163727,173358,182989,192620,table-of-9631,9630,/table-of-9630,9629,/table-of-9629,9628,/table-of-9628
9632,19264,28896,38528,48160,57792,67424,77056,86688,96320,105952,115584,125216,134848,144480,154112,163744,173376,183008,192640,table-of-9632,9631,/table-of-9631,9630,/table-of-9630,9629,/table-of-9629
9633,19266,28899,38532,48165,57798,67431,77064,86697,96330,105963,115596,125229,134862,144495,154128,163761,173394,183027,192660,table-of-9633,9632,/table-of-9632,9631,/table-of-9631,9630,/table-of-9630
9634,19268,28902,38536,48170,57804,67438,77072,86706,96340,105974,115608,125242,134876,144510,154144,163778,173412,183046,192680,table-of-9634,9633,/table-of-9633,9632,/table-of-9632,9631,/table-of-9631
9635,19270,28905,38540,48175,57810,67445,77080,86715,96350,105985,115620,125255,134890,144525,154160,163795,173430,183065,192700,table-of-9635,9634,/table-of-9634,9633,/table-of-9633,9632,/table-of-9632
9636,19272,28908,38544,48180,57816,67452,77088,86724,96360,105996,115632,125268,134904,144540,154176,163812,173448,183084,192720,table-of-9636,9635,/table-of-9635,9634,/table-of-9634,9633,/table-of-9633
9637,19274,28911,38548,48185,57822,67459,77096,86733,96370,106007,115644,125281,134918,144555,154192,163829,173466,183103,192740,table-of-9637,9636,/table-of-9636,9635,/table-of-9635,9634,/table-of-9634
9638,19276,28914,38552,48190,57828,67466,77104,86742,96380,106018,115656,125294,134932,144570,154208,163846,173484,183122,192760,table-of-9638,9637,/table-of-9637,9636,/table-of-9636,9635,/table-of-9635
9639,19278,28917,38556,48195,57834,67473,77112,86751,96390,106029,115668,125307,134946,144585,154224,163863,173502,183141,192780,table-of-9639,9638,/table-of-9638,9637,/table-of-9637,9636,/table-of-9636
9640,19280,28920,38560,48200,57840,67480,77120,86760,96400,106040,115680,125320,134960,144600,154240,163880,173520,183160,192800,table-of-9640,9639,/table-of-9639,9638,/table-of-9638,9637,/table-of-9637
9641,19282,28923,38564,48205,57846,67487,77128,86769,96410,106051,115692,125333,134974,144615,154256,163897,173538,183179,192820,table-of-9641,9640,/table-of-9640,9639,/table-of-9639,9638,/table-of-9638
9642,19284,28926,38568,48210,57852,67494,77136,86778,96420,106062,115704,125346,134988,144630,154272,163914,173556,183198,192840,table-of-9642,9641,/table-of-9641,9640,/table-of-9640,9639,/table-of-9639
9643,19286,28929,38572,48215,57858,67501,77144,86787,96430,106073,115716,125359,135002,144645,154288,163931,173574,183217,192860,table-of-9643,9642,/table-of-9642,9641,/table-of-9641,9640,/table-of-9640
9644,19288,28932,38576,48220,57864,67508,77152,86796,96440,106084,115728,125372,135016,144660,154304,163948,173592,183236,192880,table-of-9644,9643,/table-of-9643,9642,/table-of-9642,9641,/table-of-9641
9645,19290,28935,38580,48225,57870,67515,77160,86805,96450,106095,115740,125385,135030,144675,154320,163965,173610,183255,192900,table-of-9645,9644,/table-of-9644,9643,/table-of-9643,9642,/table-of-9642
9646,19292,28938,38584,48230,57876,67522,77168,86814,96460,106106,115752,125398,135044,144690,154336,163982,173628,183274,192920,table-of-9646,9645,/table-of-9645,9644,/table-of-9644,9643,/table-of-9643
9647,19294,28941,38588,48235,57882,67529,77176,86823,96470,106117,115764,125411,135058,144705,154352,163999,173646,183293,192940,table-of-9647,9646,/table-of-9646,9645,/table-of-9645,9644,/table-of-9644
9648,19296,28944,38592,48240,57888,67536,77184,86832,96480,106128,115776,125424,135072,144720,154368,164016,173664,183312,192960,table-of-9648,9647,/table-of-9647,9646,/table-of-9646,9645,/table-of-9645
9649,19298,28947,38596,48245,57894,67543,77192,86841,96490,106139,115788,125437,135086,144735,154384,164033,173682,183331,192980,table-of-9649,9648,/table-of-9648,9647,/table-of-9647,9646,/table-of-9646
9650,19300,28950,38600,48250,57900,67550,77200,86850,96500,106150,115800,125450,135100,144750,154400,164050,173700,183350,193000,table-of-9650,9649,/table-of-9649,9648,/table-of-9648,9647,/table-of-9647
9651,19302,28953,38604,48255,57906,67557,77208,86859,96510,106161,115812,125463,135114,144765,154416,164067,173718,183369,193020,table-of-9651,9650,/table-of-9650,9649,/table-of-9649,9648,/table-of-9648
9652,19304,28956,38608,48260,57912,67564,77216,86868,96520,106172,115824,125476,135128,144780,154432,164084,173736,183388,193040,table-of-9652,9651,/table-of-9651,9650,/table-of-9650,9649,/table-of-9649
9653,19306,28959,38612,48265,57918,67571,77224,86877,96530,106183,115836,125489,135142,144795,154448,164101,173754,183407,193060,table-of-9653,9652,/table-of-9652,9651,/table-of-9651,9650,/table-of-9650
9654,19308,28962,38616,48270,57924,67578,77232,86886,96540,106194,115848,125502,135156,144810,154464,164118,173772,183426,193080,table-of-9654,9653,/table-of-9653,9652,/table-of-9652,9651,/table-of-9651
9655,19310,28965,38620,48275,57930,67585,77240,86895,96550,106205,115860,125515,135170,144825,154480,164135,173790,183445,193100,table-of-9655,9654,/table-of-9654,9653,/table-of-9653,9652,/table-of-9652
9656,19312,28968,38624,48280,57936,67592,77248,86904,96560,106216,115872,125528,135184,144840,154496,164152,173808,183464,193120,table-of-9656,9655,/table-of-9655,9654,/table-of-9654,9653,/table-of-9653
9657,19314,28971,38628,48285,57942,67599,77256,86913,96570,106227,115884,125541,135198,144855,154512,164169,173826,183483,193140,table-of-9657,9656,/table-of-9656,9655,/table-of-9655,9654,/table-of-9654
9658,19316,28974,38632,48290,57948,67606,77264,86922,96580,106238,115896,125554,135212,144870,154528,164186,173844,183502,193160,table-of-9658,9657,/table-of-9657,9656,/table-of-9656,9655,/table-of-9655
9659,19318,28977,38636,48295,57954,67613,77272,86931,96590,106249,115908,125567,135226,144885,154544,164203,173862,183521,193180,table-of-9659,9658,/table-of-9658,9657,/table-of-9657,9656,/table-of-9656
9660,19320,28980,38640,48300,57960,67620,77280,86940,96600,106260,115920,125580,135240,144900,154560,164220,173880,183540,193200,table-of-9660,9659,/table-of-9659,9658,/table-of-9658,9657,/table-of-9657
9661,19322,28983,38644,48305,57966,67627,77288,86949,96610,106271,115932,125593,135254,144915,154576,164237,173898,183559,193220,table-of-9661,9660,/table-of-9660,9659,/table-of-9659,9658,/table-of-9658
9662,19324,28986,38648,48310,57972,67634,77296,86958,96620,106282,115944,125606,135268,144930,154592,164254,173916,183578,193240,table-of-9662,9661,/table-of-9661,9660,/table-of-9660,9659,/table-of-9659
9663,19326,28989,38652,48315,57978,67641,77304,86967,96630,106293,115956,125619,135282,144945,154608,164271,173934,183597,193260,table-of-9663,9662,/table-of-9662,9661,/table-of-9661,9660,/table-of-9660
9664,19328,28992,38656,48320,57984,67648,77312,86976,96640,106304,115968,125632,135296,144960,154624,164288,173952,183616,193280,table-of-9664,9663,/table-of-9663,9662,/table-of-9662,9661,/table-of-9661
9665,19330,28995,38660,48325,57990,67655,77320,86985,96650,106315,115980,125645,135310,144975,154640,164305,173970,183635,193300,table-of-9665,9664,/table-of-9664,9663,/table-of-9663,9662,/table-of-9662
9666,19332,28998,38664,48330,57996,67662,77328,86994,96660,106326,115992,125658,135324,144990,154656,164322,173988,183654,193320,table-of-9666,9665,/table-of-9665,9664,/table-of-9664,9663,/table-of-9663
9667,19334,29001,38668,48335,58002,67669,77336,87003,96670,106337,116004,125671,135338,145005,154672,164339,174006,183673,193340,table-of-9667,9666,/table-of-9666,9665,/table-of-9665,9664,/table-of-9664
9668,19336,29004,38672,48340,58008,67676,77344,87012,96680,106348,116016,125684,135352,145020,154688,164356,174024,183692,193360,table-of-9668,9667,/table-of-9667,9666,/table-of-9666,9665,/table-of-9665
9669,19338,29007,38676,48345,58014,67683,77352,87021,96690,106359,116028,125697,135366,145035,154704,164373,174042,183711,193380,table-of-9669,9668,/table-of-9668,9667,/table-of-9667,9666,/table-of-9666
9670,19340,29010,38680,48350,58020,67690,77360,87030,96700,106370,116040,125710,135380,145050,154720,164390,174060,183730,193400,table-of-9670,9669,/table-of-9669,9668,/table-of-9668,9667,/table-of-9667
9671,19342,29013,38684,48355,58026,67697,77368,87039,96710,106381,116052,125723,135394,145065,154736,164407,174078,183749,193420,table-of-9671,9670,/table-of-9670,9669,/table-of-9669,9668,/table-of-9668
9672,19344,29016,38688,48360,58032,67704,77376,87048,96720,106392,116064,125736,135408,145080,154752,164424,174096,183768,193440,table-of-9672,9671,/table-of-9671,9670,/table-of-9670,9669,/table-of-9669
9673,19346,29019,38692,48365,58038,67711,77384,87057,96730,106403,116076,125749,135422,145095,154768,164441,174114,183787,193460,table-of-9673,9672,/table-of-9672,9671,/table-of-9671,9670,/table-of-9670
9674,19348,29022,38696,48370,58044,67718,77392,87066,96740,106414,116088,125762,135436,145110,154784,164458,174132,183806,193480,table-of-9674,9673,/table-of-9673,9672,/table-of-9672,9671,/table-of-9671
9675,19350,29025,38700,48375,58050,67725,77400,87075,96750,106425,116100,125775,135450,145125,154800,164475,174150,183825,193500,table-of-9675,9674,/table-of-9674,9673,/table-of-9673,9672,/table-of-9672
9676,19352,29028,38704,48380,58056,67732,77408,87084,96760,106436,116112,125788,135464,145140,154816,164492,174168,183844,193520,table-of-9676,9675,/table-of-9675,9674,/table-of-9674,9673,/table-of-9673
9677,19354,29031,38708,48385,58062,67739,77416,87093,96770,106447,116124,125801,135478,145155,154832,164509,174186,183863,193540,table-of-9677,9676,/table-of-9676,9675,/table-of-9675,9674,/table-of-9674
9678,19356,29034,38712,48390,58068,67746,77424,87102,96780,106458,116136,125814,135492,145170,154848,164526,174204,183882,193560,table-of-9678,9677,/table-of-9677,9676,/table-of-9676,9675,/table-of-9675
9679,19358,29037,38716,48395,58074,67753,77432,87111,96790,106469,116148,125827,135506,145185,154864,164543,174222,183901,193580,table-of-9679,9678,/table-of-9678,9677,/table-of-9677,9676,/table-of-9676
9680,19360,29040,38720,48400,58080,67760,77440,87120,96800,106480,116160,125840,135520,145200,154880,164560,174240,183920,193600,table-of-9680,9679,/table-of-9679,9678,/table-of-9678,9677,/table-of-9677
9681,19362,29043,38724,48405,58086,67767,77448,87129,96810,106491,116172,125853,135534,145215,154896,164577,174258,183939,193620,table-of-9681,9680,/table-of-9680,9679,/table-of-9679,9678,/table-of-9678
9682,19364,29046,38728,48410,58092,67774,77456,87138,96820,106502,116184,125866,135548,145230,154912,164594,174276,183958,193640,table-of-9682,9681,/table-of-9681,9680,/table-of-9680,9679,/table-of-9679
9683,19366,29049,38732,48415,58098,67781,77464,87147,96830,106513,116196,125879,135562,145245,154928,164611,174294,183977,193660,table-of-9683,9682,/table-of-9682,9681,/table-of-9681,9680,/table-of-9680
9684,19368,29052,38736,48420,58104,67788,77472,87156,96840,106524,116208,125892,135576,145260,154944,164628,174312,183996,193680,table-of-9684,9683,/table-of-9683,9682,/table-of-9682,9681,/table-of-9681
9685,19370,29055,38740,48425,58110,67795,77480,87165,96850,106535,116220,125905,135590,145275,154960,164645,174330,184015,193700,table-of-9685,9684,/table-of-9684,9683,/table-of-9683,9682,/table-of-9682
9686,19372,29058,38744,48430,58116,67802,77488,87174,96860,106546,116232,125918,135604,145290,154976,164662,174348,184034,193720,table-of-9686,9685,/table-of-9685,9684,/table-of-9684,9683,/table-of-9683
9687,19374,29061,38748,48435,58122,67809,77496,87183,96870,106557,116244,125931,135618,145305,154992,164679,174366,184053,193740,table-of-9687,9686,/table-of-9686,9685,/table-of-9685,9684,/table-of-9684
9688,19376,29064,38752,48440,58128,67816,77504,87192,96880,106568,116256,125944,135632,145320,155008,164696,174384,184072,193760,table-of-9688,9687,/table-of-9687,9686,/table-of-9686,9685,/table-of-9685
9689,19378,29067,38756,48445,58134,67823,77512,87201,96890,106579,116268,125957,135646,145335,155024,164713,174402,184091,193780,table-of-9689,9688,/table-of-9688,9687,/table-of-9687,9686,/table-of-9686
9690,19380,29070,38760,48450,58140,67830,77520,87210,96900,106590,116280,125970,135660,145350,155040,164730,174420,184110,193800,table-of-9690,9689,/table-of-9689,9688,/table-of-9688,9687,/table-of-9687
9691,19382,29073,38764,48455,58146,67837,77528,87219,96910,106601,116292,125983,135674,145365,155056,164747,174438,184129,193820,table-of-9691,9690,/table-of-9690,9689,/table-of-9689,9688,/table-of-9688
9692,19384,29076,38768,48460,58152,67844,77536,87228,96920,106612,116304,125996,135688,145380,155072,164764,174456,184148,193840,table-of-9692,9691,/table-of-9691,9690,/table-of-9690,9689,/table-of-9689
9693,19386,29079,38772,48465,58158,67851,77544,87237,96930,106623,116316,126009,135702,145395,155088,164781,174474,184167,193860,table-of-9693,9692,/table-of-9692,9691,/table-of-9691,9690,/table-of-9690
9694,19388,29082,38776,48470,58164,67858,77552,87246,96940,106634,116328,126022,135716,145410,155104,164798,174492,184186,193880,table-of-9694,9693,/table-of-9693,9692,/table-of-9692,9691,/table-of-9691
9695,19390,29085,38780,48475,58170,67865,77560,87255,96950,106645,116340,126035,135730,145425,155120,164815,174510,184205,193900,table-of-9695,9694,/table-of-9694,9693,/table-of-9693,9692,/table-of-9692
9696,19392,29088,38784,48480,58176,67872,77568,87264,96960,106656,116352,126048,135744,145440,155136,164832,174528,184224,193920,table-of-9696,9695,/table-of-9695,9694,/table-of-9694,9693,/table-of-9693
9697,19394,29091,38788,48485,58182,67879,77576,87273,96970,106667,116364,126061,135758,145455,155152,164849,174546,184243,193940,table-of-9697,9696,/table-of-9696,9695,/table-of-9695,9694,/table-of-9694
9698,19396,29094,38792,48490,58188,67886,77584,87282,96980,106678,116376,126074,135772,145470,155168,164866,174564,184262,193960,table-of-9698,9697,/table-of-9697,9696,/table-of-9696,9695,/table-of-9695
9699,19398,29097,38796,48495,58194,67893,77592,87291,96990,106689,116388,126087,135786,145485,155184,164883,174582,184281,193980,table-of-9699,9698,/table-of-9698,9697,/table-of-9697,9696,/table-of-9696
9700,19400,29100,38800,48500,58200,67900,77600,87300,97000,106700,116400,126100,135800,145500,155200,164900,174600,184300,194000,table-of-9700,9699,/table-of-9699,9698,/table-of-9698,9697,/table-of-9697
9701,19402,29103,38804,48505,58206,67907,77608,87309,97010,106711,116412,126113,135814,145515,155216,164917,174618,184319,194020,table-of-9701,9700,/table-of-9700,9699,/table-of-9699,9698,/table-of-9698
9702,19404,29106,38808,48510,58212,67914,77616,87318,97020,106722,116424,126126,135828,145530,155232,164934,174636,184338,194040,table-of-9702,9701,/table-of-9701,9700,/table-of-9700,9699,/table-of-9699
9703,19406,29109,38812,48515,58218,67921,77624,87327,97030,106733,116436,126139,135842,145545,155248,164951,174654,184357,194060,table-of-9703,9702,/table-of-9702,9701,/table-of-9701,9700,/table-of-9700
9704,19408,29112,38816,48520,58224,67928,77632,87336,97040,106744,116448,126152,135856,145560,155264,164968,174672,184376,194080,table-of-9704,9703,/table-of-9703,9702,/table-of-9702,9701,/table-of-9701
9705,19410,29115,38820,48525,58230,67935,77640,87345,97050,106755,116460,126165,135870,145575,155280,164985,174690,184395,194100,table-of-9705,9704,/table-of-9704,9703,/table-of-9703,9702,/table-of-9702
9706,19412,29118,38824,48530,58236,67942,77648,87354,97060,106766,116472,126178,135884,145590,155296,165002,174708,184414,194120,table-of-9706,9705,/table-of-9705,9704,/table-of-9704,9703,/table-of-9703
9707,19414,29121,38828,48535,58242,67949,77656,87363,97070,106777,116484,126191,135898,145605,155312,165019,174726,184433,194140,table-of-9707,9706,/table-of-9706,9705,/table-of-9705,9704,/table-of-9704
9708,19416,29124,38832,48540,58248,67956,77664,87372,97080,106788,116496,126204,135912,145620,155328,165036,174744,184452,194160,table-of-9708,9707,/table-of-9707,9706,/table-of-9706,9705,/table-of-9705
9709,19418,29127,38836,48545,58254,67963,77672,87381,97090,106799,116508,126217,135926,145635,155344,165053,174762,184471,194180,table-of-9709,9708,/table-of-9708,9707,/table-of-9707,9706,/table-of-9706
9710,19420,29130,38840,48550,58260,67970,77680,87390,97100,106810,116520,126230,135940,145650,155360,165070,174780,184490,194200,table-of-9710,9709,/table-of-9709,9708,/table-of-9708,9707,/table-of-9707
9711,19422,29133,38844,48555,58266,67977,77688,87399,97110,106821,116532,126243,135954,145665,155376,165087,174798,184509,194220,table-of-9711,9710,/table-of-9710,9709,/table-of-9709,9708,/table-of-9708
9712,19424,29136,38848,48560,58272,67984,77696,87408,97120,106832,116544,126256,135968,145680,155392,165104,174816,184528,194240,table-of-9712,9711,/table-of-9711,9710,/table-of-9710,9709,/table-of-9709
9713,19426,29139,38852,48565,58278,67991,77704,87417,97130,106843,116556,126269,135982,145695,155408,165121,174834,184547,194260,table-of-9713,9712,/table-of-9712,9711,/table-of-9711,9710,/table-of-9710
9714,19428,29142,38856,48570,58284,67998,77712,87426,97140,106854,116568,126282,135996,145710,155424,165138,174852,184566,194280,table-of-9714,9713,/table-of-9713,9712,/table-of-9712,9711,/table-of-9711
9715,19430,29145,38860,48575,58290,68005,77720,87435,97150,106865,116580,126295,136010,145725,155440,165155,174870,184585,194300,table-of-9715,9714,/table-of-9714,9713,/table-of-9713,9712,/table-of-9712
9716,19432,29148,38864,48580,58296,68012,77728,87444,97160,106876,116592,126308,136024,145740,155456,165172,174888,184604,194320,table-of-9716,9715,/table-of-9715,9714,/table-of-9714,9713,/table-of-9713
9717,19434,29151,38868,48585,58302,68019,77736,87453,97170,106887,116604,126321,136038,145755,155472,165189,174906,184623,194340,table-of-9717,9716,/table-of-9716,9715,/table-of-9715,9714,/table-of-9714
9718,19436,29154,38872,48590,58308,68026,77744,87462,97180,106898,116616,126334,136052,145770,155488,165206,174924,184642,194360,table-of-9718,9717,/table-of-9717,9716,/table-of-9716,9715,/table-of-9715
9719,19438,29157,38876,48595,58314,68033,77752,87471,97190,106909,116628,126347,136066,145785,155504,165223,174942,184661,194380,table-of-9719,9718,/table-of-9718,9717,/table-of-9717,9716,/table-of-9716
9720,19440,29160,38880,48600,58320,68040,77760,87480,97200,106920,116640,126360,136080,145800,155520,165240,174960,184680,194400,table-of-9720,9719,/table-of-9719,9718,/table-of-9718,9717,/table-of-9717
9721,19442,29163,38884,48605,58326,68047,77768,87489,97210,106931,116652,126373,136094,145815,155536,165257,174978,184699,194420,table-of-9721,9720,/table-of-9720,9719,/table-of-9719,9718,/table-of-9718
9722,19444,29166,38888,48610,58332,68054,77776,87498,97220,106942,116664,126386,136108,145830,155552,165274,174996,184718,194440,table-of-9722,9721,/table-of-9721,9720,/table-of-9720,9719,/table-of-9719
9723,19446,29169,38892,48615,58338,68061,77784,87507,97230,106953,116676,126399,136122,145845,155568,165291,175014,184737,194460,table-of-9723,9722,/table-of-9722,9721,/table-of-9721,9720,/table-of-9720
9724,19448,29172,38896,48620,58344,68068,77792,87516,97240,106964,116688,126412,136136,145860,155584,165308,175032,184756,194480,table-of-9724,9723,/table-of-9723,9722,/table-of-9722,9721,/table-of-9721
9725,19450,29175,38900,48625,58350,68075,77800,87525,97250,106975,116700,126425,136150,145875,155600,165325,175050,184775,194500,table-of-9725,9724,/table-of-9724,9723,/table-of-9723,9722,/table-of-9722
9726,19452,29178,38904,48630,58356,68082,77808,87534,97260,106986,116712,126438,136164,145890,155616,165342,175068,184794,194520,table-of-9726,9725,/table-of-9725,9724,/table-of-9724,9723,/table-of-9723
9727,19454,29181,38908,48635,58362,68089,77816,87543,97270,106997,116724,126451,136178,145905,155632,165359,175086,184813,194540,table-of-9727,9726,/table-of-9726,9725,/table-of-9725,9724,/table-of-9724
9728,19456,29184,38912,48640,58368,68096,77824,87552,97280,107008,116736,126464,136192,145920,155648,165376,175104,184832,194560,table-of-9728,9727,/table-of-9727,9726,/table-of-9726,9725,/table-of-9725
9729,19458,29187,38916,48645,58374,68103,77832,87561,97290,107019,116748,126477,136206,145935,155664,165393,175122,184851,194580,table-of-9729,9728,/table-of-9728,9727,/table-of-9727,9726,/table-of-9726
9730,19460,29190,38920,48650,58380,68110,77840,87570,97300,107030,116760,126490,136220,145950,155680,165410,175140,184870,194600,table-of-9730,9729,/table-of-9729,9728,/table-of-9728,9727,/table-of-9727
9731,19462,29193,38924,48655,58386,68117,77848,87579,97310,107041,116772,126503,136234,145965,155696,165427,175158,184889,194620,table-of-9731,9730,/table-of-9730,9729,/table-of-9729,9728,/table-of-9728
9732,19464,29196,38928,48660,58392,68124,77856,87588,97320,107052,116784,126516,136248,145980,155712,165444,175176,184908,194640,table-of-9732,9731,/table-of-9731,9730,/table-of-9730,9729,/table-of-9729
9733,19466,29199,38932,48665,58398,68131,77864,87597,97330,107063,116796,126529,136262,145995,155728,165461,175194,184927,194660,table-of-9733,9732,/table-of-9732,9731,/table-of-9731,9730,/table-of-9730
9734,19468,29202,38936,48670,58404,68138,77872,87606,97340,107074,116808,126542,136276,146010,155744,165478,175212,184946,194680,table-of-9734,9733,/table-of-9733,9732,/table-of-9732,9731,/table-of-9731
9735,19470,29205,38940,48675,58410,68145,77880,87615,97350,107085,116820,126555,136290,146025,155760,165495,175230,184965,194700,table-of-9735,9734,/table-of-9734,9733,/table-of-9733,9732,/table-of-9732
9736,19472,29208,38944,48680,58416,68152,77888,87624,97360,107096,116832,126568,136304,146040,155776,165512,175248,184984,194720,table-of-9736,9735,/table-of-9735,9734,/table-of-9734,9733,/table-of-9733
9737,19474,29211,38948,48685,58422,68159,77896,87633,97370,107107,116844,126581,136318,146055,155792,165529,175266,185003,194740,table-of-9737,9736,/table-of-9736,9735,/table-of-9735,9734,/table-of-9734
9738,19476,29214,38952,48690,58428,68166,77904,87642,97380,107118,116856,126594,136332,146070,155808,165546,175284,185022,194760,table-of-9738,9737,/table-of-9737,9736,/table-of-9736,9735,/table-of-9735
9739,19478,29217,38956,48695,58434,68173,77912,87651,97390,107129,116868,126607,136346,146085,155824,165563,175302,185041,194780,table-of-9739,9738,/table-of-9738,9737,/table-of-9737,9736,/table-of-9736
9740,19480,29220,38960,48700,58440,68180,77920,87660,97400,107140,116880,126620,136360,146100,155840,165580,175320,185060,194800,table-of-9740,9739,/table-of-9739,9738,/table-of-9738,9737,/table-of-9737
9741,19482,29223,38964,48705,58446,68187,77928,87669,97410,107151,116892,126633,136374,146115,155856,165597,175338,185079,194820,table-of-9741,9740,/table-of-9740,9739,/table-of-9739,9738,/table-of-9738
9742,19484,29226,38968,48710,58452,68194,77936,87678,97420,107162,116904,126646,136388,146130,155872,165614,175356,185098,194840,table-of-9742,9741,/table-of-9741,9740,/table-of-9740,9739,/table-of-9739
9743,19486,29229,38972,48715,58458,68201,77944,87687,97430,107173,116916,126659,136402,146145,155888,165631,175374,185117,194860,table-of-9743,9742,/table-of-9742,9741,/table-of-9741,9740,/table-of-9740
9744,19488,29232,38976,48720,58464,68208,77952,87696,97440,107184,116928,126672,136416,146160,155904,165648,175392,185136,194880,table-of-9744,9743,/table-of-9743,9742,/table-of-9742,9741,/table-of-9741
9745,19490,29235,38980,48725,58470,68215,77960,87705,97450,107195,116940,126685,136430,146175,155920,165665,175410,185155,194900,table-of-9745,9744,/table-of-9744,9743,/table-of-9743,9742,/table-of-9742
9746,19492,29238,38984,48730,58476,68222,77968,87714,97460,107206,116952,126698,136444,146190,155936,165682,175428,185174,194920,table-of-9746,9745,/table-of-9745,9744,/table-of-9744,9743,/table-of-9743
9747,19494,29241,38988,48735,58482,68229,77976,87723,97470,107217,116964,126711,136458,146205,155952,165699,175446,185193,194940,table-of-9747,9746,/table-of-9746,9745,/table-of-9745,9744,/table-of-9744
9748,19496,29244,38992,48740,58488,68236,77984,87732,97480,107228,116976,126724,136472,146220,155968,165716,175464,185212,194960,table-of-9748,9747,/table-of-9747,9746,/table-of-9746,9745,/table-of-9745
9749,19498,29247,38996,48745,58494,68243,77992,87741,97490,107239,116988,126737,136486,146235,155984,165733,175482,185231,194980,table-of-9749,9748,/table-of-9748,9747,/table-of-9747,9746,/table-of-9746
9750,19500,29250,39000,48750,58500,68250,78000,87750,97500,107250,117000,126750,136500,146250,156000,165750,175500,185250,195000,table-of-9750,9749,/table-of-9749,9748,/table-of-9748,9747,/table-of-9747
9751,19502,29253,39004,48755,58506,68257,78008,87759,97510,107261,117012,126763,136514,146265,156016,165767,175518,185269,195020,table-of-9751,9750,/table-of-9750,9749,/table-of-9749,9748,/table-of-9748
9752,19504,29256,39008,48760,58512,68264,78016,87768,97520,107272,117024,126776,136528,146280,156032,165784,175536,185288,195040,table-of-9752,9751,/table-of-9751,9750,/table-of-9750,9749,/table-of-9749
9753,19506,29259,39012,48765,58518,68271,78024,87777,97530,107283,117036,126789,136542,146295,156048,165801,175554,185307,195060,table-of-9753,9752,/table-of-9752,9751,/table-of-9751,9750,/table-of-9750
9754,19508,29262,39016,48770,58524,68278,78032,87786,97540,107294,117048,126802,136556,146310,156064,165818,175572,185326,195080,table-of-9754,9753,/table-of-9753,9752,/table-of-9752,9751,/table-of-9751
9755,19510,29265,39020,48775,58530,68285,78040,87795,97550,107305,117060,126815,136570,146325,156080,165835,175590,185345,195100,table-of-9755,9754,/table-of-9754,9753,/table-of-9753,9752,/table-of-9752
9756,19512,29268,39024,48780,58536,68292,78048,87804,97560,107316,117072,126828,136584,146340,156096,165852,175608,185364,195120,table-of-9756,9755,/table-of-9755,9754,/table-of-9754,9753,/table-of-9753
9757,19514,29271,39028,48785,58542,68299,78056,87813,97570,107327,117084,126841,136598,146355,156112,165869,175626,185383,195140,table-of-9757,9756,/table-of-9756,9755,/table-of-9755,9754,/table-of-9754
9758,19516,29274,39032,48790,58548,68306,78064,87822,97580,107338,117096,126854,136612,146370,156128,165886,175644,185402,195160,table-of-9758,9757,/table-of-9757,9756,/table-of-9756,9755,/table-of-9755
9759,19518,29277,39036,48795,58554,68313,78072,87831,97590,107349,117108,126867,136626,146385,156144,165903,175662,185421,195180,table-of-9759,9758,/table-of-9758,9757,/table-of-9757,9756,/table-of-9756
9760,19520,29280,39040,48800,58560,68320,78080,87840,97600,107360,117120,126880,136640,146400,156160,165920,175680,185440,195200,table-of-9760,9759,/table-of-9759,9758,/table-of-9758,9757,/table-of-9757
9761,19522,29283,39044,48805,58566,68327,78088,87849,97610,107371,117132,126893,136654,146415,156176,165937,175698,185459,195220,table-of-9761,9760,/table-of-9760,9759,/table-of-9759,9758,/table-of-9758
9762,19524,29286,39048,48810,58572,68334,78096,87858,97620,107382,117144,126906,136668,146430,156192,165954,175716,185478,195240,table-of-9762,9761,/table-of-9761,9760,/table-of-9760,9759,/table-of-9759
9763,19526,29289,39052,48815,58578,68341,78104,87867,97630,107393,117156,126919,136682,146445,156208,165971,175734,185497,195260,table-of-9763,9762,/table-of-9762,9761,/table-of-9761,9760,/table-of-9760
9764,19528,29292,39056,48820,58584,68348,78112,87876,97640,107404,117168,126932,136696,146460,156224,165988,175752,185516,195280,table-of-9764,9763,/table-of-9763,9762,/table-of-9762,9761,/table-of-9761
9765,19530,29295,39060,48825,58590,68355,78120,87885,97650,107415,117180,126945,136710,146475,156240,166005,175770,185535,195300,table-of-9765,9764,/table-of-9764,9763,/table-of-9763,9762,/table-of-9762
9766,19532,29298,39064,48830,58596,68362,78128,87894,97660,107426,117192,126958,136724,146490,156256,166022,175788,185554,195320,table-of-9766,9765,/table-of-9765,9764,/table-of-9764,9763,/table-of-9763
9767,19534,29301,39068,48835,58602,68369,78136,87903,97670,107437,117204,126971,136738,146505,156272,166039,175806,185573,195340,table-of-9767,9766,/table-of-9766,9765,/table-of-9765,9764,/table-of-9764
9768,19536,29304,39072,48840,58608,68376,78144,87912,97680,107448,117216,126984,136752,146520,156288,166056,175824,185592,195360,table-of-9768,9767,/table-of-9767,9766,/table-of-9766,9765,/table-of-9765
9769,19538,29307,39076,48845,58614,68383,78152,87921,97690,107459,117228,126997,136766,146535,156304,166073,175842,185611,195380,table-of-9769,9768,/table-of-9768,9767,/table-of-9767,9766,/table-of-9766
9770,19540,29310,39080,48850,58620,68390,78160,87930,97700,107470,117240,127010,136780,146550,156320,166090,175860,185630,195400,table-of-9770,9769,/table-of-9769,9768,/table-of-9768,9767,/table-of-9767
9771,19542,29313,39084,48855,58626,68397,78168,87939,97710,107481,117252,127023,136794,146565,156336,166107,175878,185649,195420,table-of-9771,9770,/table-of-9770,9769,/table-of-9769,9768,/table-of-9768
9772,19544,29316,39088,48860,58632,68404,78176,87948,97720,107492,117264,127036,136808,146580,156352,166124,175896,185668,195440,table-of-9772,9771,/table-of-9771,9770,/table-of-9770,9769,/table-of-9769
9773,19546,29319,39092,48865,58638,68411,78184,87957,97730,107503,117276,127049,136822,146595,156368,166141,175914,185687,195460,table-of-9773,9772,/table-of-9772,9771,/table-of-9771,9770,/table-of-9770
9774,19548,29322,39096,48870,58644,68418,78192,87966,97740,107514,117288,127062,136836,146610,156384,166158,175932,185706,195480,table-of-9774,9773,/table-of-9773,9772,/table-of-9772,9771,/table-of-9771
9775,19550,29325,39100,48875,58650,68425,78200,87975,97750,107525,117300,127075,136850,146625,156400,166175,175950,185725,195500,table-of-9775,9774,/table-of-9774,9773,/table-of-9773,9772,/table-of-9772
9776,19552,29328,39104,48880,58656,68432,78208,87984,97760,107536,117312,127088,136864,146640,156416,166192,175968,185744,195520,table-of-9776,9775,/table-of-9775,9774,/table-of-9774,9773,/table-of-9773
9777,19554,29331,39108,48885,58662,68439,78216,87993,97770,107547,117324,127101,136878,146655,156432,166209,175986,185763,195540,table-of-9777,9776,/table-of-9776,9775,/table-of-9775,9774,/table-of-9774
9778,19556,29334,39112,48890,58668,68446,78224,88002,97780,107558,117336,127114,136892,146670,156448,166226,176004,185782,195560,table-of-9778,9777,/table-of-9777,9776,/table-of-9776,9775,/table-of-9775
9779,19558,29337,39116,48895,58674,68453,78232,88011,97790,107569,117348,127127,136906,146685,156464,166243,176022,185801,195580,table-of-9779,9778,/table-of-9778,9777,/table-of-9777,9776,/table-of-9776
9780,19560,29340,39120,48900,58680,68460,78240,88020,97800,107580,117360,127140,136920,146700,156480,166260,176040,185820,195600,table-of-9780,9779,/table-of-9779,9778,/table-of-9778,9777,/table-of-9777
9781,19562,29343,39124,48905,58686,68467,78248,88029,97810,107591,117372,127153,136934,146715,156496,166277,176058,185839,195620,table-of-9781,9780,/table-of-9780,9779,/table-of-9779,9778,/table-of-9778
9782,19564,29346,39128,48910,58692,68474,78256,88038,97820,107602,117384,127166,136948,146730,156512,166294,176076,185858,195640,table-of-9782,9781,/table-of-9781,9780,/table-of-9780,9779,/table-of-9779
9783,19566,29349,39132,48915,58698,68481,78264,88047,97830,107613,117396,127179,136962,146745,156528,166311,176094,185877,195660,table-of-9783,9782,/table-of-9782,9781,/table-of-9781,9780,/table-of-9780
9784,19568,29352,39136,48920,58704,68488,78272,88056,97840,107624,117408,127192,136976,146760,156544,166328,176112,185896,195680,table-of-9784,9783,/table-of-9783,9782,/table-of-9782,9781,/table-of-9781
9785,19570,29355,39140,48925,58710,68495,78280,88065,97850,107635,117420,127205,136990,146775,156560,166345,176130,185915,195700,table-of-9785,9784,/table-of-9784,9783,/table-of-9783,9782,/table-of-9782
9786,19572,29358,39144,48930,58716,68502,78288,88074,97860,107646,117432,127218,137004,146790,156576,166362,176148,185934,195720,table-of-9786,9785,/table-of-9785,9784,/table-of-9784,9783,/table-of-9783
9787,19574,29361,39148,48935,58722,68509,78296,88083,97870,107657,117444,127231,137018,146805,156592,166379,176166,185953,195740,table-of-9787,9786,/table-of-9786,9785,/table-of-9785,9784,/table-of-9784
9788,19576,29364,39152,48940,58728,68516,78304,88092,97880,107668,117456,127244,137032,146820,156608,166396,176184,185972,195760,table-of-9788,9787,/table-of-9787,9786,/table-of-9786,9785,/table-of-9785
9789,19578,29367,39156,48945,58734,68523,78312,88101,97890,107679,117468,127257,137046,146835,156624,166413,176202,185991,195780,table-of-9789,9788,/table-of-9788,9787,/table-of-9787,9786,/table-of-9786
9790,19580,29370,39160,48950,58740,68530,78320,88110,97900,107690,117480,127270,137060,146850,156640,166430,176220,186010,195800,table-of-9790,9789,/table-of-9789,9788,/table-of-9788,9787,/table-of-9787
9791,19582,29373,39164,48955,58746,68537,78328,88119,97910,107701,117492,127283,137074,146865,156656,166447,176238,186029,195820,table-of-9791,9790,/table-of-9790,9789,/table-of-9789,9788,/table-of-9788
9792,19584,29376,39168,48960,58752,68544,78336,88128,97920,107712,117504,127296,137088,146880,156672,166464,176256,186048,195840,table-of-9792,9791,/table-of-9791,9790,/table-of-9790,9789,/table-of-9789
9793,19586,29379,39172,48965,58758,68551,78344,88137,97930,107723,117516,127309,137102,146895,156688,166481,176274,186067,195860,table-of-9793,9792,/table-of-9792,9791,/table-of-9791,9790,/table-of-9790
9794,19588,29382,39176,48970,58764,68558,78352,88146,97940,107734,117528,127322,137116,146910,156704,166498,176292,186086,195880,table-of-9794,9793,/table-of-9793,9792,/table-of-9792,9791,/table-of-9791
9795,19590,29385,39180,48975,58770,68565,78360,88155,97950,107745,117540,127335,137130,146925,156720,166515,176310,186105,195900,table-of-9795,9794,/table-of-9794,9793,/table-of-9793,9792,/table-of-9792
9796,19592,29388,39184,48980,58776,68572,78368,88164,97960,107756,117552,127348,137144,146940,156736,166532,176328,186124,195920,table-of-9796,9795,/table-of-9795,9794,/table-of-9794,9793,/table-of-9793
9797,19594,29391,39188,48985,58782,68579,78376,88173,97970,107767,117564,127361,137158,146955,156752,166549,176346,186143,195940,table-of-9797,9796,/table-of-9796,9795,/table-of-9795,9794,/table-of-9794
9798,19596,29394,39192,48990,58788,68586,78384,88182,97980,107778,117576,127374,137172,146970,156768,166566,176364,186162,195960,table-of-9798,9797,/table-of-9797,9796,/table-of-9796,9795,/table-of-9795
9799,19598,29397,39196,48995,58794,68593,78392,88191,97990,107789,117588,127387,137186,146985,156784,166583,176382,186181,195980,table-of-9799,9798,/table-of-9798,9797,/table-of-9797,9796,/table-of-9796
9800,19600,29400,39200,49000,58800,68600,78400,88200,98000,107800,117600,127400,137200,147000,156800,166600,176400,186200,196000,table-of-9800,9799,/table-of-9799,9798,/table-of-9798,9797,/table-of-9797
9801,19602,29403,39204,49005,58806,68607,78408,88209,98010,107811,117612,127413,137214,147015,156816,166617,176418,186219,196020,table-of-9801,9800,/table-of-9800,9799,/table-of-9799,9798,/table-of-9798
9802,19604,29406,39208,49010,58812,68614,78416,88218,98020,107822,117624,127426,137228,147030,156832,166634,176436,186238,196040,table-of-9802,9801,/table-of-9801,9800,/table-of-9800,9799,/table-of-9799
9803,19606,29409,39212,49015,58818,68621,78424,88227,98030,107833,117636,127439,137242,147045,156848,166651,176454,186257,196060,table-of-9803,9802,/table-of-9802,9801,/table-of-9801,9800,/table-of-9800
9804,19608,29412,39216,49020,58824,68628,78432,88236,98040,107844,117648,127452,137256,147060,156864,166668,176472,186276,196080,table-of-9804,9803,/table-of-9803,9802,/table-of-9802,9801,/table-of-9801
9805,19610,29415,39220,49025,58830,68635,78440,88245,98050,107855,117660,127465,137270,147075,156880,166685,176490,186295,196100,table-of-9805,9804,/table-of-9804,9803,/table-of-9803,9802,/table-of-9802
9806,19612,29418,39224,49030,58836,68642,78448,88254,98060,107866,117672,127478,137284,147090,156896,166702,176508,186314,196120,table-of-9806,9805,/table-of-9805,9804,/table-of-9804,9803,/table-of-9803
9807,19614,29421,39228,49035,58842,68649,78456,88263,98070,107877,117684,127491,137298,147105,156912,166719,176526,186333,196140,table-of-9807,9806,/table-of-9806,9805,/table-of-9805,9804,/table-of-9804
9808,19616,29424,39232,49040,58848,68656,78464,88272,98080,107888,117696,127504,137312,147120,156928,166736,176544,186352,196160,table-of-9808,9807,/table-of-9807,9806,/table-of-9806,9805,/table-of-9805
9809,19618,29427,39236,49045,58854,68663,78472,88281,98090,107899,117708,127517,137326,147135,156944,166753,176562,186371,196180,table-of-9809,9808,/table-of-9808,9807,/table-of-9807,9806,/table-of-9806
9810,19620,29430,39240,49050,58860,68670,78480,88290,98100,107910,117720,127530,137340,147150,156960,166770,176580,186390,196200,table-of-9810,9809,/table-of-9809,9808,/table-of-9808,9807,/table-of-9807
9811,19622,29433,39244,49055,58866,68677,78488,88299,98110,107921,117732,127543,137354,147165,156976,166787,176598,186409,196220,table-of-9811,9810,/table-of-9810,9809,/table-of-9809,9808,/table-of-9808
9812,19624,29436,39248,49060,58872,68684,78496,88308,98120,107932,117744,127556,137368,147180,156992,166804,176616,186428,196240,table-of-9812,9811,/table-of-9811,9810,/table-of-9810,9809,/table-of-9809
9813,19626,29439,39252,49065,58878,68691,78504,88317,98130,107943,117756,127569,137382,147195,157008,166821,176634,186447,196260,table-of-9813,9812,/table-of-9812,9811,/table-of-9811,9810,/table-of-9810
9814,19628,29442,39256,49070,58884,68698,78512,88326,98140,107954,117768,127582,137396,147210,157024,166838,176652,186466,196280,table-of-9814,9813,/table-of-9813,9812,/table-of-9812,9811,/table-of-9811
9815,19630,29445,39260,49075,58890,68705,78520,88335,98150,107965,117780,127595,137410,147225,157040,166855,176670,186485,196300,table-of-9815,9814,/table-of-9814,9813,/table-of-9813,9812,/table-of-9812
9816,19632,29448,39264,49080,58896,68712,78528,88344,98160,107976,117792,127608,137424,147240,157056,166872,176688,186504,196320,table-of-9816,9815,/table-of-9815,9814,/table-of-9814,9813,/table-of-9813
9817,19634,29451,39268,49085,58902,68719,78536,88353,98170,107987,117804,127621,137438,147255,157072,166889,176706,186523,196340,table-of-9817,9816,/table-of-9816,9815,/table-of-9815,9814,/table-of-9814
9818,19636,29454,39272,49090,58908,68726,78544,88362,98180,107998,117816,127634,137452,147270,157088,166906,176724,186542,196360,table-of-9818,9817,/table-of-9817,9816,/table-of-9816,9815,/table-of-9815
9819,19638,29457,39276,49095,58914,68733,78552,88371,98190,108009,117828,127647,137466,147285,157104,166923,176742,186561,196380,table-of-9819,9818,/table-of-9818,9817,/table-of-9817,9816,/table-of-9816
9820,19640,29460,39280,49100,58920,68740,78560,88380,98200,108020,117840,127660,137480,147300,157120,166940,176760,186580,196400,table-of-9820,9819,/table-of-9819,9818,/table-of-9818,9817,/table-of-9817
9821,19642,29463,39284,49105,58926,68747,78568,88389,98210,108031,117852,127673,137494,147315,157136,166957,176778,186599,196420,table-of-9821,9820,/table-of-9820,9819,/table-of-9819,9818,/table-of-9818
9822,19644,29466,39288,49110,58932,68754,78576,88398,98220,108042,117864,127686,137508,147330,157152,166974,176796,186618,196440,table-of-9822,9821,/table-of-9821,9820,/table-of-9820,9819,/table-of-9819
9823,19646,29469,39292,49115,58938,68761,78584,88407,98230,108053,117876,127699,137522,147345,157168,166991,176814,186637,196460,table-of-9823,9822,/table-of-9822,9821,/table-of-9821,9820,/table-of-9820
9824,19648,29472,39296,49120,58944,68768,78592,88416,98240,108064,117888,127712,137536,147360,157184,167008,176832,186656,196480,table-of-9824,9823,/table-of-9823,9822,/table-of-9822,9821,/table-of-9821
9825,19650,29475,39300,49125,58950,68775,78600,88425,98250,108075,117900,127725,137550,147375,157200,167025,176850,186675,196500,table-of-9825,9824,/table-of-9824,9823,/table-of-9823,9822,/table-of-9822
9826,19652,29478,39304,49130,58956,68782,78608,88434,98260,108086,117912,127738,137564,147390,157216,167042,176868,186694,196520,table-of-9826,9825,/table-of-9825,9824,/table-of-9824,9823,/table-of-9823
9827,19654,29481,39308,49135,58962,68789,78616,88443,98270,108097,117924,127751,137578,147405,157232,167059,176886,186713,196540,table-of-9827,9826,/table-of-9826,9825,/table-of-9825,9824,/table-of-9824
9828,19656,29484,39312,49140,58968,68796,78624,88452,98280,108108,117936,127764,137592,147420,157248,167076,176904,186732,196560,table-of-9828,9827,/table-of-9827,9826,/table-of-9826,9825,/table-of-9825
9829,19658,29487,39316,49145,58974,68803,78632,88461,98290,108119,117948,127777,137606,147435,157264,167093,176922,186751,196580,table-of-9829,9828,/table-of-9828,9827,/table-of-9827,9826,/table-of-9826
9830,19660,29490,39320,49150,58980,68810,78640,88470,98300,108130,117960,127790,137620,147450,157280,167110,176940,186770,196600,table-of-9830,9829,/table-of-9829,9828,/table-of-9828,9827,/table-of-9827
9831,19662,29493,39324,49155,58986,68817,78648,88479,98310,108141,117972,127803,137634,147465,157296,167127,176958,186789,196620,table-of-9831,9830,/table-of-9830,9829,/table-of-9829,9828,/table-of-9828
9832,19664,29496,39328,49160,58992,68824,78656,88488,98320,108152,117984,127816,137648,147480,157312,167144,176976,186808,196640,table-of-9832,9831,/table-of-9831,9830,/table-of-9830,9829,/table-of-9829
9833,19666,29499,39332,49165,58998,68831,78664,88497,98330,108163,117996,127829,137662,147495,157328,167161,176994,186827,196660,table-of-9833,9832,/table-of-9832,9831,/table-of-9831,9830,/table-of-9830
9834,19668,29502,39336,49170,59004,68838,78672,88506,98340,108174,118008,127842,137676,147510,157344,167178,177012,186846,196680,table-of-9834,9833,/table-of-9833,9832,/table-of-9832,9831,/table-of-9831
9835,19670,29505,39340,49175,59010,68845,78680,88515,98350,108185,118020,127855,137690,147525,157360,167195,177030,186865,196700,table-of-9835,9834,/table-of-9834,9833,/table-of-9833,9832,/table-of-9832
9836,19672,29508,39344,49180,59016,68852,78688,88524,98360,108196,118032,127868,137704,147540,157376,167212,177048,186884,196720,table-of-9836,9835,/table-of-9835,9834,/table-of-9834,9833,/table-of-9833
9837,19674,29511,39348,49185,59022,68859,78696,88533,98370,108207,118044,127881,137718,147555,157392,167229,177066,186903,196740,table-of-9837,9836,/table-of-9836,9835,/table-of-9835,9834,/table-of-9834
9838,19676,29514,39352,49190,59028,68866,78704,88542,98380,108218,118056,127894,137732,147570,157408,167246,177084,186922,196760,table-of-9838,9837,/table-of-9837,9836,/table-of-9836,9835,/table-of-9835
9839,19678,29517,39356,49195,59034,68873,78712,88551,98390,108229,118068,127907,137746,147585,157424,167263,177102,186941,196780,table-of-9839,9838,/table-of-9838,9837,/table-of-9837,9836,/table-of-9836
9840,19680,29520,39360,49200,59040,68880,78720,88560,98400,108240,118080,127920,137760,147600,157440,167280,177120,186960,196800,table-of-9840,9839,/table-of-9839,9838,/table-of-9838,9837,/table-of-9837
9841,19682,29523,39364,49205,59046,68887,78728,88569,98410,108251,118092,127933,137774,147615,157456,167297,177138,186979,196820,table-of-9841,9840,/table-of-9840,9839,/table-of-9839,9838,/table-of-9838
9842,19684,29526,39368,49210,59052,68894,78736,88578,98420,108262,118104,127946,137788,147630,157472,167314,177156,186998,196840,table-of-9842,9841,/table-of-9841,9840,/table-of-9840,9839,/table-of-9839
9843,19686,29529,39372,49215,59058,68901,78744,88587,98430,108273,118116,127959,137802,147645,157488,167331,177174,187017,196860,table-of-9843,9842,/table-of-9842,9841,/table-of-9841,9840,/table-of-9840
9844,19688,29532,39376,49220,59064,68908,78752,88596,98440,108284,118128,127972,137816,147660,157504,167348,177192,187036,196880,table-of-9844,9843,/table-of-9843,9842,/table-of-9842,9841,/table-of-9841
9845,19690,29535,39380,49225,59070,68915,78760,88605,98450,108295,118140,127985,137830,147675,157520,167365,177210,187055,196900,table-of-9845,9844,/table-of-9844,9843,/table-of-9843,9842,/table-of-9842
9846,19692,29538,39384,49230,59076,68922,78768,88614,98460,108306,118152,127998,137844,147690,157536,167382,177228,187074,196920,table-of-9846,9845,/table-of-9845,9844,/table-of-9844,9843,/table-of-9843
9847,19694,29541,39388,49235,59082,68929,78776,88623,98470,108317,118164,128011,137858,147705,157552,167399,177246,187093,196940,table-of-9847,9846,/table-of-9846,9845,/table-of-9845,9844,/table-of-9844
9848,19696,29544,39392,49240,59088,68936,78784,88632,98480,108328,118176,128024,137872,147720,157568,167416,177264,187112,196960,table-of-9848,9847,/table-of-9847,9846,/table-of-9846,9845,/table-of-9845
9849,19698,29547,39396,49245,59094,68943,78792,88641,98490,108339,118188,128037,137886,147735,157584,167433,177282,187131,196980,table-of-9849,9848,/table-of-9848,9847,/table-of-9847,9846,/table-of-9846
9850,19700,29550,39400,49250,59100,68950,78800,88650,98500,108350,118200,128050,137900,147750,157600,167450,177300,187150,197000,table-of-9850,9849,/table-of-9849,9848,/table-of-9848,9847,/table-of-9847
9851,19702,29553,39404,49255,59106,68957,78808,88659,98510,108361,118212,128063,137914,147765,157616,167467,177318,187169,197020,table-of-9851,9850,/table-of-9850,9849,/table-of-9849,9848,/table-of-9848
9852,19704,29556,39408,49260,59112,68964,78816,88668,98520,108372,118224,128076,137928,147780,157632,167484,177336,187188,197040,table-of-9852,9851,/table-of-9851,9850,/table-of-9850,9849,/table-of-9849
9853,19706,29559,39412,49265,59118,68971,78824,88677,98530,108383,118236,128089,137942,147795,157648,167501,177354,187207,197060,table-of-9853,9852,/table-of-9852,9851,/table-of-9851,9850,/table-of-9850
9854,19708,29562,39416,49270,59124,68978,78832,88686,98540,108394,118248,128102,137956,147810,157664,167518,177372,187226,197080,table-of-9854,9853,/table-of-9853,9852,/table-of-9852,9851,/table-of-9851
9855,19710,29565,39420,49275,59130,68985,78840,88695,98550,108405,118260,128115,137970,147825,157680,167535,177390,187245,197100,table-of-9855,9854,/table-of-9854,9853,/table-of-9853,9852,/table-of-9852
9856,19712,29568,39424,49280,59136,68992,78848,88704,98560,108416,118272,128128,137984,147840,157696,167552,177408,187264,197120,table-of-9856,9855,/table-of-9855,9854,/table-of-9854,9853,/table-of-9853
9857,19714,29571,39428,49285,59142,68999,78856,88713,98570,108427,118284,128141,137998,147855,157712,167569,177426,187283,197140,table-of-9857,9856,/table-of-9856,9855,/table-of-9855,9854,/table-of-9854
9858,19716,29574,39432,49290,59148,69006,78864,88722,98580,108438,118296,128154,138012,147870,157728,167586,177444,187302,197160,table-of-9858,9857,/table-of-9857,9856,/table-of-9856,9855,/table-of-9855
9859,19718,29577,39436,49295,59154,69013,78872,88731,98590,108449,118308,128167,138026,147885,157744,167603,177462,187321,197180,table-of-9859,9858,/table-of-9858,9857,/table-of-9857,9856,/table-of-9856
9860,19720,29580,39440,49300,59160,69020,78880,88740,98600,108460,118320,128180,138040,147900,157760,167620,177480,187340,197200,table-of-9860,9859,/table-of-9859,9858,/table-of-9858,9857,/table-of-9857
9861,19722,29583,39444,49305,59166,69027,78888,88749,98610,108471,118332,128193,138054,147915,157776,167637,177498,187359,197220,table-of-9861,9860,/table-of-9860,9859,/table-of-9859,9858,/table-of-9858
9862,19724,29586,39448,49310,59172,69034,78896,88758,98620,108482,118344,128206,138068,147930,157792,167654,177516,187378,197240,table-of-9862,9861,/table-of-9861,9860,/table-of-9860,9859,/table-of-9859
9863,19726,29589,39452,49315,59178,69041,78904,88767,98630,108493,118356,128219,138082,147945,157808,167671,177534,187397,197260,table-of-9863,9862,/table-of-9862,9861,/table-of-9861,9860,/table-of-9860
9864,19728,29592,39456,49320,59184,69048,78912,88776,98640,108504,118368,128232,138096,147960,157824,167688,177552,187416,197280,table-of-9864,9863,/table-of-9863,9862,/table-of-9862,9861,/table-of-9861
9865,19730,29595,39460,49325,59190,69055,78920,88785,98650,108515,118380,128245,138110,147975,157840,167705,177570,187435,197300,table-of-9865,9864,/table-of-9864,9863,/table-of-9863,9862,/table-of-9862
9866,19732,29598,39464,49330,59196,69062,78928,88794,98660,108526,118392,128258,138124,147990,157856,167722,177588,187454,197320,table-of-9866,9865,/table-of-9865,9864,/table-of-9864,9863,/table-of-9863
9867,19734,29601,39468,49335,59202,69069,78936,88803,98670,108537,118404,128271,138138,148005,157872,167739,177606,187473,197340,table-of-9867,9866,/table-of-9866,9865,/table-of-9865,9864,/table-of-9864
9868,19736,29604,39472,49340,59208,69076,78944,88812,98680,108548,118416,128284,138152,148020,157888,167756,177624,187492,197360,table-of-9868,9867,/table-of-9867,9866,/table-of-9866,9865,/table-of-9865
9869,19738,29607,39476,49345,59214,69083,78952,88821,98690,108559,118428,128297,138166,148035,157904,167773,177642,187511,197380,table-of-9869,9868,/table-of-9868,9867,/table-of-9867,9866,/table-of-9866
9870,19740,29610,39480,49350,59220,69090,78960,88830,98700,108570,118440,128310,138180,148050,157920,167790,177660,187530,197400,table-of-9870,9869,/table-of-9869,9868,/table-of-9868,9867,/table-of-9867
9871,19742,29613,39484,49355,59226,69097,78968,88839,98710,108581,118452,128323,138194,148065,157936,167807,177678,187549,197420,table-of-9871,9870,/table-of-9870,9869,/table-of-9869,9868,/table-of-9868
9872,19744,29616,39488,49360,59232,69104,78976,88848,98720,108592,118464,128336,138208,148080,157952,167824,177696,187568,197440,table-of-9872,9871,/table-of-9871,9870,/table-of-9870,9869,/table-of-9869
9873,19746,29619,39492,49365,59238,69111,78984,88857,98730,108603,118476,128349,138222,148095,157968,167841,177714,187587,197460,table-of-9873,9872,/table-of-9872,9871,/table-of-9871,9870,/table-of-9870
9874,19748,29622,39496,49370,59244,69118,78992,88866,98740,108614,118488,128362,138236,148110,157984,167858,177732,187606,197480,table-of-9874,9873,/table-of-9873,9872,/table-of-9872,9871,/table-of-9871
9875,19750,29625,39500,49375,59250,69125,79000,88875,98750,108625,118500,128375,138250,148125,158000,167875,177750,187625,197500,table-of-9875,9874,/table-of-9874,9873,/table-of-9873,9872,/table-of-9872
9876,19752,29628,39504,49380,59256,69132,79008,88884,98760,108636,118512,128388,138264,148140,158016,167892,177768,187644,197520,table-of-9876,9875,/table-of-9875,9874,/table-of-9874,9873,/table-of-9873
9877,19754,29631,39508,49385,59262,69139,79016,88893,98770,108647,118524,128401,138278,148155,158032,167909,177786,187663,197540,table-of-9877,9876,/table-of-9876,9875,/table-of-9875,9874,/table-of-9874
9878,19756,29634,39512,49390,59268,69146,79024,88902,98780,108658,118536,128414,138292,148170,158048,167926,177804,187682,197560,table-of-9878,9877,/table-of-9877,9876,/table-of-9876,9875,/table-of-9875
9879,19758,29637,39516,49395,59274,69153,79032,88911,98790,108669,118548,128427,138306,148185,158064,167943,177822,187701,197580,table-of-9879,9878,/table-of-9878,9877,/table-of-9877,9876,/table-of-9876
9880,19760,29640,39520,49400,59280,69160,79040,88920,98800,108680,118560,128440,138320,148200,158080,167960,177840,187720,197600,table-of-9880,9879,/table-of-9879,9878,/table-of-9878,9877,/table-of-9877
9881,19762,29643,39524,49405,59286,69167,79048,88929,98810,108691,118572,128453,138334,148215,158096,167977,177858,187739,197620,table-of-9881,9880,/table-of-9880,9879,/table-of-9879,9878,/table-of-9878
9882,19764,29646,39528,49410,59292,69174,79056,88938,98820,108702,118584,128466,138348,148230,158112,167994,177876,187758,197640,table-of-9882,9881,/table-of-9881,9880,/table-of-9880,9879,/table-of-9879
9883,19766,29649,39532,49415,59298,69181,79064,88947,98830,108713,118596,128479,138362,148245,158128,168011,177894,187777,197660,table-of-9883,9882,/table-of-9882,9881,/table-of-9881,9880,/table-of-9880
9884,19768,29652,39536,49420,59304,69188,79072,88956,98840,108724,118608,128492,138376,148260,158144,168028,177912,187796,197680,table-of-9884,9883,/table-of-9883,9882,/table-of-9882,9881,/table-of-9881
9885,19770,29655,39540,49425,59310,69195,79080,88965,98850,108735,118620,128505,138390,148275,158160,168045,177930,187815,197700,table-of-9885,9884,/table-of-9884,9883,/table-of-9883,9882,/table-of-9882
9886,19772,29658,39544,49430,59316,69202,79088,88974,98860,108746,118632,128518,138404,148290,158176,168062,177948,187834,197720,table-of-9886,9885,/table-of-9885,9884,/table-of-9884,9883,/table-of-9883
9887,19774,29661,39548,49435,59322,69209,79096,88983,98870,108757,118644,128531,138418,148305,158192,168079,177966,187853,197740,table-of-9887,9886,/table-of-9886,9885,/table-of-9885,9884,/table-of-9884
9888,19776,29664,39552,49440,59328,69216,79104,88992,98880,108768,118656,128544,138432,148320,158208,168096,177984,187872,197760,table-of-9888,9887,/table-of-9887,9886,/table-of-9886,9885,/table-of-9885
9889,19778,29667,39556,49445,59334,69223,79112,89001,98890,108779,118668,128557,138446,148335,158224,168113,178002,187891,197780,table-of-9889,9888,/table-of-9888,9887,/table-of-9887,9886,/table-of-9886
9890,19780,29670,39560,49450,59340,69230,79120,89010,98900,108790,118680,128570,138460,148350,158240,168130,178020,187910,197800,table-of-9890,9889,/table-of-9889,9888,/table-of-9888,9887,/table-of-9887
9891,19782,29673,39564,49455,59346,69237,79128,89019,98910,108801,118692,128583,138474,148365,158256,168147,178038,187929,197820,table-of-9891,9890,/table-of-9890,9889,/table-of-9889,9888,/table-of-9888
9892,19784,29676,39568,49460,59352,69244,79136,89028,98920,108812,118704,128596,138488,148380,158272,168164,178056,187948,197840,table-of-9892,9891,/table-of-9891,9890,/table-of-9890,9889,/table-of-9889
9893,19786,29679,39572,49465,59358,69251,79144,89037,98930,108823,118716,128609,138502,148395,158288,168181,178074,187967,197860,table-of-9893,9892,/table-of-9892,9891,/table-of-9891,9890,/table-of-9890
9894,19788,29682,39576,49470,59364,69258,79152,89046,98940,108834,118728,128622,138516,148410,158304,168198,178092,187986,197880,table-of-9894,9893,/table-of-9893,9892,/table-of-9892,9891,/table-of-9891
9895,19790,29685,39580,49475,59370,69265,79160,89055,98950,108845,118740,128635,138530,148425,158320,168215,178110,188005,197900,table-of-9895,9894,/table-of-9894,9893,/table-of-9893,9892,/table-of-9892
9896,19792,29688,39584,49480,59376,69272,79168,89064,98960,108856,118752,128648,138544,148440,158336,168232,178128,188024,197920,table-of-9896,9895,/table-of-9895,9894,/table-of-9894,9893,/table-of-9893
9897,19794,29691,39588,49485,59382,69279,79176,89073,98970,108867,118764,128661,138558,148455,158352,168249,178146,188043,197940,table-of-9897,9896,/table-of-9896,9895,/table-of-9895,9894,/table-of-9894
9898,19796,29694,39592,49490,59388,69286,79184,89082,98980,108878,118776,128674,138572,148470,158368,168266,178164,188062,197960,table-of-9898,9897,/table-of-9897,9896,/table-of-9896,9895,/table-of-9895
9899,19798,29697,39596,49495,59394,69293,79192,89091,98990,108889,118788,128687,138586,148485,158384,168283,178182,188081,197980,table-of-9899,9898,/table-of-9898,9897,/table-of-9897,9896,/table-of-9896
9900,19800,29700,39600,49500,59400,69300,79200,89100,99000,108900,118800,128700,138600,148500,158400,168300,178200,188100,198000,table-of-9900,9899,/table-of-9899,9898,/table-of-9898,9897,/table-of-9897
9901,19802,29703,39604,49505,59406,69307,79208,89109,99010,108911,118812,128713,138614,148515,158416,168317,178218,188119,198020,table-of-9901,9900,/table-of-9900,9899,/table-of-9899,9898,/table-of-9898
9902,19804,29706,39608,49510,59412,69314,79216,89118,99020,108922,118824,128726,138628,148530,158432,168334,178236,188138,198040,table-of-9902,9901,/table-of-9901,9900,/table-of-9900,9899,/table-of-9899
9903,19806,29709,39612,49515,59418,69321,79224,89127,99030,108933,118836,128739,138642,148545,158448,168351,178254,188157,198060,table-of-9903,9902,/table-of-9902,9901,/table-of-9901,9900,/table-of-9900
9904,19808,29712,39616,49520,59424,69328,79232,89136,99040,108944,118848,128752,138656,148560,158464,168368,178272,188176,198080,table-of-9904,9903,/table-of-9903,9902,/table-of-9902,9901,/table-of-9901
9905,19810,29715,39620,49525,59430,69335,79240,89145,99050,108955,118860,128765,138670,148575,158480,168385,178290,188195,198100,table-of-9905,9904,/table-of-9904,9903,/table-of-9903,9902,/table-of-9902
9906,19812,29718,39624,49530,59436,69342,79248,89154,99060,108966,118872,128778,138684,148590,158496,168402,178308,188214,198120,table-of-9906,9905,/table-of-9905,9904,/table-of-9904,9903,/table-of-9903
9907,19814,29721,39628,49535,59442,69349,79256,89163,99070,108977,118884,128791,138698,148605,158512,168419,178326,188233,198140,table-of-9907,9906,/table-of-9906,9905,/table-of-9905,9904,/table-of-9904
9908,19816,29724,39632,49540,59448,69356,79264,89172,99080,108988,118896,128804,138712,148620,158528,168436,178344,188252,198160,table-of-9908,9907,/table-of-9907,9906,/table-of-9906,9905,/table-of-9905
9909,19818,29727,39636,49545,59454,69363,79272,89181,99090,108999,118908,128817,138726,148635,158544,168453,178362,188271,198180,table-of-9909,9908,/table-of-9908,9907,/table-of-9907,9906,/table-of-9906
9910,19820,29730,39640,49550,59460,69370,79280,89190,99100,109010,118920,128830,138740,148650,158560,168470,178380,188290,198200,table-of-9910,9909,/table-of-9909,9908,/table-of-9908,9907,/table-of-9907
9911,19822,29733,39644,49555,59466,69377,79288,89199,99110,109021,118932,128843,138754,148665,158576,168487,178398,188309,198220,table-of-9911,9910,/table-of-9910,9909,/table-of-9909,9908,/table-of-9908
9912,19824,29736,39648,49560,59472,69384,79296,89208,99120,109032,118944,128856,138768,148680,158592,168504,178416,188328,198240,table-of-9912,9911,/table-of-9911,9910,/table-of-9910,9909,/table-of-9909
9913,19826,29739,39652,49565,59478,69391,79304,89217,99130,109043,118956,128869,138782,148695,158608,168521,178434,188347,198260,table-of-9913,9912,/table-of-9912,9911,/table-of-9911,9910,/table-of-9910
9914,19828,29742,39656,49570,59484,69398,79312,89226,99140,109054,118968,128882,138796,148710,158624,168538,178452,188366,198280,table-of-9914,9913,/table-of-9913,9912,/table-of-9912,9911,/table-of-9911
9915,19830,29745,39660,49575,59490,69405,79320,89235,99150,109065,118980,128895,138810,148725,158640,168555,178470,188385,198300,table-of-9915,9914,/table-of-9914,9913,/table-of-9913,9912,/table-of-9912
9916,19832,29748,39664,49580,59496,69412,79328,89244,99160,109076,118992,128908,138824,148740,158656,168572,178488,188404,198320,table-of-9916,9915,/table-of-9915,9914,/table-of-9914,9913,/table-of-9913
9917,19834,29751,39668,49585,59502,69419,79336,89253,99170,109087,119004,128921,138838,148755,158672,168589,178506,188423,198340,table-of-9917,9916,/table-of-9916,9915,/table-of-9915,9914,/table-of-9914
9918,19836,29754,39672,49590,59508,69426,79344,89262,99180,109098,119016,128934,138852,148770,158688,168606,178524,188442,198360,table-of-9918,9917,/table-of-9917,9916,/table-of-9916,9915,/table-of-9915
9919,19838,29757,39676,49595,59514,69433,79352,89271,99190,109109,119028,128947,138866,148785,158704,168623,178542,188461,198380,table-of-9919,9918,/table-of-9918,9917,/table-of-9917,9916,/table-of-9916
9920,19840,29760,39680,49600,59520,69440,79360,89280,99200,109120,119040,128960,138880,148800,158720,168640,178560,188480,198400,table-of-9920,9919,/table-of-9919,9918,/table-of-9918,9917,/table-of-9917
9921,19842,29763,39684,49605,59526,69447,79368,89289,99210,109131,119052,128973,138894,148815,158736,168657,178578,188499,198420,table-of-9921,9920,/table-of-9920,9919,/table-of-9919,9918,/table-of-9918
9922,19844,29766,39688,49610,59532,69454,79376,89298,99220,109142,119064,128986,138908,148830,158752,168674,178596,188518,198440,table-of-9922,9921,/table-of-9921,9920,/table-of-9920,9919,/table-of-9919
9923,19846,29769,39692,49615,59538,69461,79384,89307,99230,109153,119076,128999,138922,148845,158768,168691,178614,188537,198460,table-of-9923,9922,/table-of-9922,9921,/table-of-9921,9920,/table-of-9920
9924,19848,29772,39696,49620,59544,69468,79392,89316,99240,109164,119088,129012,138936,148860,158784,168708,178632,188556,198480,table-of-9924,9923,/table-of-9923,9922,/table-of-9922,9921,/table-of-9921
9925,19850,29775,39700,49625,59550,69475,79400,89325,99250,109175,119100,129025,138950,148875,158800,168725,178650,188575,198500,table-of-9925,9924,/table-of-9924,9923,/table-of-9923,9922,/table-of-9922
9926,19852,29778,39704,49630,59556,69482,79408,89334,99260,109186,119112,129038,138964,148890,158816,168742,178668,188594,198520,table-of-9926,9925,/table-of-9925,9924,/table-of-9924,9923,/table-of-9923
9927,19854,29781,39708,49635,59562,69489,79416,89343,99270,109197,119124,129051,138978,148905,158832,168759,178686,188613,198540,table-of-9927,9926,/table-of-9926,9925,/table-of-9925,9924,/table-of-9924
9928,19856,29784,39712,49640,59568,69496,79424,89352,99280,109208,119136,129064,138992,148920,158848,168776,178704,188632,198560,table-of-9928,9927,/table-of-9927,9926,/table-of-9926,9925,/table-of-9925
9929,19858,29787,39716,49645,59574,69503,79432,89361,99290,109219,119148,129077,139006,148935,158864,168793,178722,188651,198580,table-of-9929,9928,/table-of-9928,9927,/table-of-9927,9926,/table-of-9926
9930,19860,29790,39720,49650,59580,69510,79440,89370,99300,109230,119160,129090,139020,148950,158880,168810,178740,188670,198600,table-of-9930,9929,/table-of-9929,9928,/table-of-9928,9927,/table-of-9927
9931,19862,29793,39724,49655,59586,69517,79448,89379,99310,109241,119172,129103,139034,148965,158896,168827,178758,188689,198620,table-of-9931,9930,/table-of-9930,9929,/table-of-9929,9928,/table-of-9928
9932,19864,29796,39728,49660,59592,69524,79456,89388,99320,109252,119184,129116,139048,148980,158912,168844,178776,188708,198640,table-of-9932,9931,/table-of-9931,9930,/table-of-9930,9929,/table-of-9929
9933,19866,29799,39732,49665,59598,69531,79464,89397,99330,109263,119196,129129,139062,148995,158928,168861,178794,188727,198660,table-of-9933,9932,/table-of-9932,9931,/table-of-9931,9930,/table-of-9930
9934,19868,29802,39736,49670,59604,69538,79472,89406,99340,109274,119208,129142,139076,149010,158944,168878,178812,188746,198680,table-of-9934,9933,/table-of-9933,9932,/table-of-9932,9931,/table-of-9931
9935,19870,29805,39740,49675,59610,69545,79480,89415,99350,109285,119220,129155,139090,149025,158960,168895,178830,188765,198700,table-of-9935,9934,/table-of-9934,9933,/table-of-9933,9932,/table-of-9932
9936,19872,29808,39744,49680,59616,69552,79488,89424,99360,109296,119232,129168,139104,149040,158976,168912,178848,188784,198720,table-of-9936,9935,/table-of-9935,9934,/table-of-9934,9933,/table-of-9933
9937,19874,29811,39748,49685,59622,69559,79496,89433,99370,109307,119244,129181,139118,149055,158992,168929,178866,188803,198740,table-of-9937,9936,/table-of-9936,9935,/table-of-9935,9934,/table-of-9934
9938,19876,29814,39752,49690,59628,69566,79504,89442,99380,109318,119256,129194,139132,149070,159008,168946,178884,188822,198760,table-of-9938,9937,/table-of-9937,9936,/table-of-9936,9935,/table-of-9935
9939,19878,29817,39756,49695,59634,69573,79512,89451,99390,109329,119268,129207,139146,149085,159024,168963,178902,188841,198780,table-of-9939,9938,/table-of-9938,9937,/table-of-9937,9936,/table-of-9936
9940,19880,29820,39760,49700,59640,69580,79520,89460,99400,109340,119280,129220,139160,149100,159040,168980,178920,188860,198800,table-of-9940,9939,/table-of-9939,9938,/table-of-9938,9937,/table-of-9937
9941,19882,29823,39764,49705,59646,69587,79528,89469,99410,109351,119292,129233,139174,149115,159056,168997,178938,188879,198820,table-of-9941,9940,/table-of-9940,9939,/table-of-9939,9938,/table-of-9938
9942,19884,29826,39768,49710,59652,69594,79536,89478,99420,109362,119304,129246,139188,149130,159072,169014,178956,188898,198840,table-of-9942,9941,/table-of-9941,9940,/table-of-9940,9939,/table-of-9939
9943,19886,29829,39772,49715,59658,69601,79544,89487,99430,109373,119316,129259,139202,149145,159088,169031,178974,188917,198860,table-of-9943,9942,/table-of-9942,9941,/table-of-9941,9940,/table-of-9940
9944,19888,29832,39776,49720,59664,69608,79552,89496,99440,109384,119328,129272,139216,149160,159104,169048,178992,188936,198880,table-of-9944,9943,/table-of-9943,9942,/table-of-9942,9941,/table-of-9941
9945,19890,29835,39780,49725,59670,69615,79560,89505,99450,109395,119340,129285,139230,149175,159120,169065,179010,188955,198900,table-of-9945,9944,/table-of-9944,9943,/table-of-9943,9942,/table-of-9942
9946,19892,29838,39784,49730,59676,69622,79568,89514,99460,109406,119352,129298,139244,149190,159136,169082,179028,188974,198920,table-of-9946,9945,/table-of-9945,9944,/table-of-9944,9943,/table-of-9943
9947,19894,29841,39788,49735,59682,69629,79576,89523,99470,109417,119364,129311,139258,149205,159152,169099,179046,188993,198940,table-of-9947,9946,/table-of-9946,9945,/table-of-9945,9944,/table-of-9944
9948,19896,29844,39792,49740,59688,69636,79584,89532,99480,109428,119376,129324,139272,149220,159168,169116,179064,189012,198960,table-of-9948,9947,/table-of-9947,9946,/table-of-9946,9945,/table-of-9945
9949,19898,29847,39796,49745,59694,69643,79592,89541,99490,109439,119388,129337,139286,149235,159184,169133,179082,189031,198980,table-of-9949,9948,/table-of-9948,9947,/table-of-9947,9946,/table-of-9946
9950,19900,29850,39800,49750,59700,69650,79600,89550,99500,109450,119400,129350,139300,149250,159200,169150,179100,189050,199000,table-of-9950,9949,/table-of-9949,9948,/table-of-9948,9947,/table-of-9947
9951,19902,29853,39804,49755,59706,69657,79608,89559,99510,109461,119412,129363,139314,149265,159216,169167,179118,189069,199020,table-of-9951,9950,/table-of-9950,9949,/table-of-9949,9948,/table-of-9948
9952,19904,29856,39808,49760,59712,69664,79616,89568,99520,109472,119424,129376,139328,149280,159232,169184,179136,189088,199040,table-of-9952,9951,/table-of-9951,9950,/table-of-9950,9949,/table-of-9949
9953,19906,29859,39812,49765,59718,69671,79624,89577,99530,109483,119436,129389,139342,149295,159248,169201,179154,189107,199060,table-of-9953,9952,/table-of-9952,9951,/table-of-9951,9950,/table-of-9950
9954,19908,29862,39816,49770,59724,69678,79632,89586,99540,109494,119448,129402,139356,149310,159264,169218,179172,189126,199080,table-of-9954,9953,/table-of-9953,9952,/table-of-9952,9951,/table-of-9951
9955,19910,29865,39820,49775,59730,69685,79640,89595,99550,109505,119460,129415,139370,149325,159280,169235,179190,189145,199100,table-of-9955,9954,/table-of-9954,9953,/table-of-9953,9952,/table-of-9952
9956,19912,29868,39824,49780,59736,69692,79648,89604,99560,109516,119472,129428,139384,149340,159296,169252,179208,189164,199120,table-of-9956,9955,/table-of-9955,9954,/table-of-9954,9953,/table-of-9953
9957,19914,29871,39828,49785,59742,69699,79656,89613,99570,109527,119484,129441,139398,149355,159312,169269,179226,189183,199140,table-of-9957,9956,/table-of-9956,9955,/table-of-9955,9954,/table-of-9954
9958,19916,29874,39832,49790,59748,69706,79664,89622,99580,109538,119496,129454,139412,149370,159328,169286,179244,189202,199160,table-of-9958,9957,/table-of-9957,9956,/table-of-9956,9955,/table-of-9955
9959,19918,29877,39836,49795,59754,69713,79672,89631,99590,109549,119508,129467,139426,149385,159344,169303,179262,189221,199180,table-of-9959,9958,/table-of-9958,9957,/table-of-9957,9956,/table-of-9956
9960,19920,29880,39840,49800,59760,69720,79680,89640,99600,109560,119520,129480,139440,149400,159360,169320,179280,189240,199200,table-of-9960,9959,/table-of-9959,9958,/table-of-9958,9957,/table-of-9957
9961,19922,29883,39844,49805,59766,69727,79688,89649,99610,109571,119532,129493,139454,149415,159376,169337,179298,189259,199220,table-of-9961,9960,/table-of-9960,9959,/table-of-9959,9958,/table-of-9958
9962,19924,29886,39848,49810,59772,69734,79696,89658,99620,109582,119544,129506,139468,149430,159392,169354,179316,189278,199240,table-of-9962,9961,/table-of-9961,9960,/table-of-9960,9959,/table-of-9959
9963,19926,29889,39852,49815,59778,69741,79704,89667,99630,109593,119556,129519,139482,149445,159408,169371,179334,189297,199260,table-of-9963,9962,/table-of-9962,9961,/table-of-9961,9960,/table-of-9960
9964,19928,29892,39856,49820,59784,69748,79712,89676,99640,109604,119568,129532,139496,149460,159424,169388,179352,189316,199280,table-of-9964,9963,/table-of-9963,9962,/table-of-9962,9961,/table-of-9961
9965,19930,29895,39860,49825,59790,69755,79720,89685,99650,109615,119580,129545,139510,149475,159440,169405,179370,189335,199300,table-of-9965,9964,/table-of-9964,9963,/table-of-9963,9962,/table-of-9962
9966,19932,29898,39864,49830,59796,69762,79728,89694,99660,109626,119592,129558,139524,149490,159456,169422,179388,189354,199320,table-of-9966,9965,/table-of-9965,9964,/table-of-9964,9963,/table-of-9963
9967,19934,29901,39868,49835,59802,69769,79736,89703,99670,109637,119604,129571,139538,149505,159472,169439,179406,189373,199340,table-of-9967,9966,/table-of-9966,9965,/table-of-9965,9964,/table-of-9964
9968,19936,29904,39872,49840,59808,69776,79744,89712,99680,109648,119616,129584,139552,149520,159488,169456,179424,189392,199360,table-of-9968,9967,/table-of-9967,9966,/table-of-9966,9965,/table-of-9965
9969,19938,29907,39876,49845,59814,69783,79752,89721,99690,109659,119628,129597,139566,149535,159504,169473,179442,189411,199380,table-of-9969,9968,/table-of-9968,9967,/table-of-9967,9966,/table-of-9966
9970,19940,29910,39880,49850,59820,69790,79760,89730,99700,109670,119640,129610,139580,149550,159520,169490,179460,189430,199400,table-of-9970,9969,/table-of-9969,9968,/table-of-9968,9967,/table-of-9967
9971,19942,29913,39884,49855,59826,69797,79768,89739,99710,109681,119652,129623,139594,149565,159536,169507,179478,189449,199420,table-of-9971,9970,/table-of-9970,9969,/table-of-9969,9968,/table-of-9968
9972,19944,29916,39888,49860,59832,69804,79776,89748,99720,109692,119664,129636,139608,149580,159552,169524,179496,189468,199440,table-of-9972,9971,/table-of-9971,9970,/table-of-9970,9969,/table-of-9969
9973,19946,29919,39892,49865,59838,69811,79784,89757,99730,109703,119676,129649,139622,149595,159568,169541,179514,189487,199460,table-of-9973,9972,/table-of-9972,9971,/table-of-9971,9970,/table-of-9970
9974,19948,29922,39896,49870,59844,69818,79792,89766,99740,109714,119688,129662,139636,149610,159584,169558,179532,189506,199480,table-of-9974,9973,/table-of-9973,9972,/table-of-9972,9971,/table-of-9971
9975,19950,29925,39900,49875,59850,69825,79800,89775,99750,109725,119700,129675,139650,149625,159600,169575,179550,189525,199500,table-of-9975,9974,/table-of-9974,9973,/table-of-9973,9972,/table-of-9972
9976,19952,29928,39904,49880,59856,69832,79808,89784,99760,109736,119712,129688,139664,149640,159616,169592,179568,189544,199520,table-of-9976,9975,/table-of-9975,9974,/table-of-9974,9973,/table-of-9973
9977,19954,29931,39908,49885,59862,69839,79816,89793,99770,109747,119724,129701,139678,149655,159632,169609,179586,189563,199540,table-of-9977,9976,/table-of-9976,9975,/table-of-9975,9974,/table-of-9974
9978,19956,29934,39912,49890,59868,69846,79824,89802,99780,109758,119736,129714,139692,149670,159648,169626,179604,189582,199560,table-of-9978,9977,/table-of-9977,9976,/table-of-9976,9975,/table-of-9975
9979,19958,29937,39916,49895,59874,69853,79832,89811,99790,109769,119748,129727,139706,149685,159664,169643,179622,189601,199580,table-of-9979,9978,/table-of-9978,9977,/table-of-9977,9976,/table-of-9976
9980,19960,29940,39920,49900,59880,69860,79840,89820,99800,109780,119760,129740,139720,149700,159680,169660,179640,189620,199600,table-of-9980,9979,/table-of-9979,9978,/table-of-9978,9977,/table-of-9977
9981,19962,29943,39924,49905,59886,69867,79848,89829,99810,109791,119772,129753,139734,149715,159696,169677,179658,189639,199620,table-of-9981,9980,/table-of-9980,9979,/table-of-9979,9978,/table-of-9978
9982,19964,29946,39928,49910,59892,69874,79856,89838,99820,109802,119784,129766,139748,149730,159712,169694,179676,189658,199640,table-of-9982,9981,/table-of-9981,9980,/table-of-9980,9979,/table-of-9979
9983,19966,29949,39932,49915,59898,69881,79864,89847,99830,109813,119796,129779,139762,149745,159728,169711,179694,189677,199660,table-of-9983,9982,/table-of-9982,9981,/table-of-9981,9980,/table-of-9980
9984,19968,29952,39936,49920,59904,69888,79872,89856,99840,109824,119808,129792,139776,149760,159744,169728,179712,189696,199680,table-of-9984,9983,/table-of-9983,9982,/table-of-9982,9981,/table-of-9981
9985,19970,29955,39940,49925,59910,69895,79880,89865,99850,109835,119820,129805,139790,149775,159760,169745,179730,189715,199700,table-of-9985,9984,/table-of-9984,9983,/table-of-9983,9982,/table-of-9982
9986,19972,29958,39944,49930,59916,69902,79888,89874,99860,109846,119832,129818,139804,149790,159776,169762,179748,189734,199720,table-of-9986,9985,/table-of-9985,9984,/table-of-9984,9983,/table-of-9983
9987,19974,29961,39948,49935,59922,69909,79896,89883,99870,109857,119844,129831,139818,149805,159792,169779,179766,189753,199740,table-of-9987,9986,/table-of-9986,9985,/table-of-9985,9984,/table-of-9984
9988,19976,29964,39952,49940,59928,69916,79904,89892,99880,109868,119856,129844,139832,149820,159808,169796,179784,189772,199760,table-of-9988,9987,/table-of-9987,9986,/table-of-9986,9985,/table-of-9985
9989,19978,29967,39956,49945,59934,69923,79912,89901,99890,109879,119868,129857,139846,149835,159824,169813,179802,189791,199780,table-of-9989,9988,/table-of-9988,9987,/table-of-9987,9986,/table-of-9986
9990,19980,29970,39960,49950,59940,69930,79920,89910,99900,109890,119880,129870,139860,149850,159840,169830,179820,189810,199800,table-of-9990,9989,/table-of-9989,9988,/table-of-9988,9987,/table-of-9987
9991,19982,29973,39964,49955,59946,69937,79928,89919,99910,109901,119892,129883,139874,149865,159856,169847,179838,189829,199820,table-of-9991,9990,/table-of-9990,9989,/table-of-9989,9988,/table-of-9988
9992,19984,29976,39968,49960,59952,69944,79936,89928,99920,109912,119904,129896,139888,149880,159872,169864,179856,189848,199840,table-of-9992,9991,/table-of-9991,9990,/table-of-9990,9989,/table-of-9989
9993,19986,29979,39972,49965,59958,69951,79944,89937,99930,109923,119916,129909,139902,149895,159888,169881,179874,189867,199860,table-of-9993,9992,/table-of-9992,9991,/table-of-9991,9990,/table-of-9990
9994,19988,29982,39976,49970,59964,69958,79952,89946,99940,109934,119928,129922,139916,149910,159904,169898,179892,189886,199880,table-of-9994,9993,/table-of-9993,9992,/table-of-9992,9991,/table-of-9991
9995,19990,29985,39980,49975,59970,69965,79960,89955,99950,109945,119940,129935,139930,149925,159920,169915,179910,189905,199900,table-of-9995,9994,/table-of-9994,9993,/table-of-9993,9992,/table-of-9992
9996,19992,29988,39984,49980,59976,69972,79968,89964,99960,109956,119952,129948,139944,149940,159936,169932,179928,189924,199920,table-of-9996,9995,/table-of-9995,9994,/table-of-9994,9993,/table-of-9993
9997,19994,29991,39988,49985,59982,69979,79976,89973,99970,109967,119964,129961,139958,149955,159952,169949,179946,189943,199940,table-of-9997,9996,/table-of-9996,9995,/table-of-9995,9994,/table-of-9994
9998,19996,29994,39992,49990,59988,69986,79984,89982,99980,109978,119976,129974,139972,149970,159968,169966,179964,189962,199960,table-of-9998,9997,/table-of-9997,9996,/table-of-9996,9995,/table-of-9995
9999,19998,29997,39996,49995,59994,69993,79992,89991,99990,109989,119988,129987,139986,149985,159984,169983,179982,189981,199980,table-of-9999,9998,/table-of-9998,9997,/table-of-9997,9996,/table-of-9996
10000,20000,30000,40000,50000,60000,70000,80000,90000,100000,110000,120000,130000,140000,150000,160000,170000,180000,190000,200000,table-of-10000,9999,/table-of-9999,9998,/table-of-9998,9997,/table-of-9997
